Date,Open,High,Low,Close,Volume,Adj Close
2016-10-27,61.40,62.09,60.92,61.95,11600,61.95
2016-10-26,61.29,61.80,61.00,61.50,10600,61.50
2016-10-25,62.29,62.61,61.35,61.67,16800,61.67
2016-10-24,61.61,62.65,61.61,62.03,22300,62.03
2016-10-21,61.87,61.90,61.26,61.26,13300,61.26
2016-10-20,61.66,62.19,61.28,61.70,15700,61.70
2016-10-19,61.42,62.23,61.42,61.78,24600,61.78
2016-10-18,62.13,62.95,60.61,62.11,60600,62.11
2016-10-17,62.64,62.79,61.46,61.75,23600,61.75
2016-10-14,61.20,63.13,61.10,62.64,16400,62.64
2016-10-13,62.66,62.85,61.10,61.95,24000,61.95
2016-10-12,63.20,63.77,62.55,62.91,12200,62.91
2016-10-11,63.97,64.09,63.32,63.85,18400,63.85
2016-10-10,64.06,64.06,62.33,63.69,19200,63.69
2016-10-07,63.63,63.63,62.00,62.63,24200,62.63
2016-10-06,64.42,64.80,63.00,63.28,16300,63.28
2016-10-05,64.11,64.68,64.01,64.36,9600,64.36
2016-10-04,64.00,64.72,63.80,64.55,11900,64.55
2016-10-03,63.76,63.76,63.76,63.76,000,63.76
2016-09-30,63.30,63.77,62.34,63.76,18900,63.76
2016-09-29,65.35,65.65,63.36,63.77,16300,63.77
2016-09-28,62.81,65.07,62.81,64.60,15900,64.60
2016-09-27,63.80,63.80,62.21,62.74,19700,62.74
2016-09-26,64.10,64.13,63.05,63.14,14400,63.14
2016-09-23,64.50,64.50,63.95,64.19,10300,64.19
2016-09-22,63.90,64.51,63.67,64.47,26900,64.47
2016-09-21,63.70,63.70,62.98,63.22,22300,63.22
2016-09-20,62.90,63.30,62.79,63.09,15300,63.09
2016-09-19,62.95,63.27,62.42,63.19,17200,63.19
2016-09-16,62.96,63.40,62.34,62.89,22700,62.89
2016-09-15,62.90,63.15,61.80,62.79,22100,62.79
2016-09-14,65.14,65.30,62.63,62.92,36200,62.92
2016-09-13,66.71,67.00,64.76,65.29,24400,65.29
2016-09-12,67.88,67.88,65.90,66.03,23100,66.03
2016-09-09,67.07,68.45,66.88,68.00,32700,68.00
2016-09-08,66.68,67.84,66.30,67.02,27200,67.02
2016-09-07,67.24,67.84,64.68,66.50,34500,66.50
2016-09-06,66.35,68.81,65.75,67.78,55800,67.78
2016-09-05,65.49,66.34,65.34,65.73,27400,65.73
2016-09-02,65.69,65.69,63.12,64.90,22800,64.90
2016-09-01,63.30,65.05,62.84,64.90,40100,64.90
2016-08-31,61.80,63.13,61.70,62.74,31700,62.74
2016-08-30,60.33,61.91,60.33,61.85,16600,61.85
2016-08-29,60.18,60.96,59.81,60.80,9200,60.80
2016-08-26,60.07,60.32,59.69,60.16,4600,60.16
2016-08-25,60.52,60.63,59.60,60.14,11800,60.14
2016-08-24,60.57,61.14,59.87,60.61,11600,60.61
2016-08-23,60.30,60.43,59.82,60.15,6100,60.15
2016-08-22,59.75,60.55,59.17,59.87,12800,59.87
2016-08-19,61.46,61.50,58.50,59.44,27200,59.44
2016-08-18,61.82,61.82,61.10,61.66,9100,61.66
2016-08-17,63.99,64.17,61.06,61.30,23300,61.30
2016-08-16,62.00,64.29,62.00,63.75,22800,63.75
2016-08-15,64.43,64.79,61.85,62.14,32100,62.14
2016-08-12,63.61,64.50,63.55,64.50,22500,64.50
2016-08-11,62.16,63.73,61.97,63.55,19200,63.55
2016-08-10,61.72,63.00,61.34,62.81,24000,62.81
2016-08-09,61.18,62.10,60.76,61.76,30600,61.76
2016-08-08,60.82,61.45,60.32,60.99,16000,60.99
2016-08-05,59.45,60.91,59.13,60.79,19300,60.79
2016-08-04,58.85,59.54,58.84,59.18,6000,59.18
2016-08-03,59.58,59.58,58.51,58.88,12200,58.88
2016-08-02,59.99,59.99,58.91,59.32,16500,59.32
2016-08-01,59.01,59.91,59.00,59.73,24800,59.73
2016-07-29,57.94,59.65,57.94,59.21,33400,59.21
2016-07-28,58.47,58.47,56.93,57.54,12200,57.54
2016-07-27,58.50,58.50,57.90,58.27,13200,58.27
2016-07-26,58.30,58.49,57.62,58.30,19200,58.30
2016-07-25,58.28,58.49,57.61,58.06,19300,58.06
2016-07-22,57.70,58.29,57.57,57.86,22500,57.86
2016-07-21,57.50,57.89,57.38,57.47,33100,57.47
2016-07-20,55.88,57.53,55.66,57.50,28200,57.50
2016-07-19,55.53,55.70,55.16,55.46,20900,55.46
2016-07-18,55.70,56.34,55.63,55.84,36600,55.84
2016-07-15,53.00,55.90,53.00,55.48,124700,55.48
2016-07-14,52.73,53.61,52.72,52.80,25500,52.80
2016-07-13,53.31,53.49,53.00,53.09,20500,53.09
2016-07-12,52.59,54.00,52.59,53.32,28100,53.32
2016-07-11,52.26,52.95,51.95,52.20,28900,52.20
2016-07-08,52.82,52.83,51.54,51.54,49600,51.54
2016-07-07,53.28,53.93,52.66,52.76,33100,52.76
2016-07-06,53.85,54.03,52.32,52.88,22100,52.88
2016-07-05,54.84,54.87,53.80,53.90,23800,53.90
2016-07-04,55.25,55.35,54.68,54.97,21900,54.97
2016-07-01,55.10,55.98,54.71,55.00,26400,55.00
2016-06-30,54.52,55.11,54.52,54.75,37900,54.75
2016-06-29,55.23,55.35,54.22,54.46,21900,54.46
2016-06-28,54.32,55.29,53.48,54.53,39400,54.53
2016-06-27,54.81,55.57,53.10,53.19,26400,53.19
2016-06-24,53.93,56.21,53.20,55.41,30600,55.41
2016-06-23,56.50,57.49,56.26,56.90,19800,56.90
2016-06-22,56.60,56.97,55.66,56.57,14800,56.57
2016-06-21,56.66,56.66,55.52,56.32,28100,56.32
2016-06-20,56.40,57.49,56.17,56.55,23100,56.55
2016-06-17,56.49,56.49,55.32,55.40,25700,55.40
2016-06-16,55.19,55.99,54.88,55.31,29000,55.31
2016-06-15,55.70,56.54,55.30,55.44,30000,55.44
2016-06-14,55.40,55.75,54.63,55.45,25300,55.45
2016-06-13,56.15,56.86,55.22,55.44,39600,55.44
2016-06-10,58.50,58.51,56.72,56.84,16000,56.84
2016-06-09,58.95,59.20,58.73,58.73,11900,58.73
2016-06-08,59.36,59.96,58.91,59.43,18400,59.43
2016-06-07,59.51,60.20,59.51,59.73,18300,59.73
2016-06-06,59.20,59.60,58.94,59.31,12400,59.31
2016-06-03,60.38,60.44,59.23,59.39,17800,59.39
2016-06-02,59.94,60.45,59.56,59.81,14500,59.81
2016-06-01,59.80,60.48,59.34,59.80,20400,59.80
2016-05-31,60.00,60.60,59.73,60.21,27800,60.21
2016-05-30,60.29,60.33,59.74,60.02,14000,60.02
2016-05-27,59.90,60.25,59.67,59.99,18400,59.99
2016-05-26,60.10,60.76,60.01,60.16,24000,60.16
2016-05-25,59.87,60.92,59.74,60.00,43400,60.00
2016-05-24,59.62,60.00,59.40,59.43,18200,59.43
2016-05-23,59.60,60.13,59.10,59.39,16200,59.39
2016-05-20,59.38,60.17,59.38,59.71,28200,59.71
2016-05-19,60.22,60.72,59.70,59.70,28800,59.70
2016-05-18,60.90,61.60,60.39,60.66,21500,60.66
2016-05-17,61.99,62.10,61.10,61.26,15500,61.26
2016-05-16,61.15,61.15,61.15,61.15,000,61.15
2016-05-13,61.65,62.69,60.93,61.15,21300,61.15
2016-05-12,63.00,63.20,60.99,61.63,38200,61.63
2016-05-11,60.12,63.51,60.12,63.20,26600,63.20
2016-05-10,61.00,61.29,60.29,60.83,12500,60.83
2016-05-09,59.17,61.88,58.79,60.78,25800,60.78
2016-05-06,58.73,60.72,58.73,59.71,19700,59.71
2016-05-05,57.64,58.77,57.64,58.77,8800,58.77
2016-05-04,57.83,58.42,57.14,57.61,11700,57.61
2016-05-03,58.40,58.53,57.80,57.98,23600,57.98
2016-05-02,58.10,58.49,57.42,58.45,19300,58.45
2016-04-29,58.60,59.22,57.77,57.93,18600,57.93
2016-04-28,58.05,59.37,57.29,59.08,14800,59.08
2016-04-27,57.92,58.96,57.40,58.77,16400,58.58
2016-04-26,57.96,58.10,57.22,57.93,11900,57.743
2016-04-25,57.92,57.94,57.00,57.27,12500,57.085
2016-04-22,59.00,59.23,57.06,57.57,18000,57.384
2016-04-21,57.43,59.22,57.43,59.15,25000,58.959
2016-04-20,57.85,57.99,56.75,57.75,21600,57.563
2016-04-19,56.45,57.91,56.27,57.65,33100,57.464
2016-04-18,56.01,56.19,55.20,56.10,41400,55.919
2016-04-15,56.00,57.50,55.26,55.99,79800,55.809
2016-04-14,60.28,60.75,59.67,59.67,12300,59.477
2016-04-13,60.00,61.00,59.82,60.28,19600,60.085
2016-04-12,60.38,60.39,59.20,59.68,9000,59.487
2016-04-11,59.36,60.74,58.89,59.67,11400,59.477
2016-04-08,58.00,59.60,57.77,58.81,15200,58.62
2016-04-07,57.60,58.83,57.16,57.76,26100,57.573
2016-04-06,59.03,59.03,56.89,57.21,34100,57.025
2016-04-05,59.70,59.70,58.16,58.62,20200,58.43
2016-04-04,59.39,61.15,58.71,60.37,16200,60.175
2016-04-01,59.20,59.59,58.07,59.16,20300,58.969
2016-03-31,60.20,60.88,59.42,59.70,13200,59.507
2016-03-30,58.23,60.83,58.20,60.07,27000,59.876
2016-03-29,58.63,58.63,57.00,57.73,19100,57.543
2016-03-28,58.13,58.13,58.13,58.13,000,57.942
2016-03-25,58.13,58.13,58.13,58.13,000,57.942
2016-03-24,59.22,59.33,58.11,58.13,15200,57.942
2016-03-23,57.49,60.50,57.49,59.40,26800,59.208
2016-03-22,58.48,58.64,57.50,57.71,24800,57.523
2016-03-21,60.04,60.37,58.25,58.35,25700,58.161
2016-03-18,60.32,60.35,59.00,59.26,56800,59.068
2016-03-17,61.50,61.50,58.93,59.80,36700,59.607
2016-03-16,63.01,63.64,60.77,61.21,28400,61.012
2016-03-15,65.08,65.58,62.58,63.00,29300,62.796
2016-03-14,62.02,66.20,62.02,65.84,20900,65.627
2016-03-11,61.52,63.51,60.67,61.57,34100,61.371
2016-03-10,61.80,64.57,60.69,61.00,37900,60.803
2016-03-09,63.51,63.51,61.48,61.53,16200,61.331
2016-03-08,62.50,63.68,61.43,62.79,15300,62.587
2016-03-07,62.23,63.20,62.10,62.91,16100,62.707
2016-03-04,63.76,64.73,62.75,63.10,18100,62.896
2016-03-03,62.89,63.99,62.11,63.14,22600,62.936
2016-03-02,62.91,64.00,62.11,63.62,24100,63.414
2016-03-01,62.34,64.27,61.66,62.37,22100,62.168
2016-02-29,61.72,62.00,60.61,61.78,19400,61.58
2016-02-26,59.00,61.58,59.00,61.48,34000,61.281
2016-02-25,60.71,61.12,59.43,59.72,11200,59.527
2016-02-24,60.00,60.85,59.20,60.00,37200,59.806
2016-02-23,62.00,62.00,59.85,60.22,21100,60.025
2016-02-22,58.11,62.07,57.82,61.53,31900,61.331
2016-02-19,59.33,59.36,57.00,58.03,22800,57.842
2016-02-18,59.23,60.68,59.22,59.84,16500,59.647
2016-02-17,57.40,58.85,57.01,58.54,18100,58.351
2016-02-16,59.28,60.00,57.10,57.36,33000,57.175
2016-02-15,55.47,59.97,54.00,59.34,53200,59.148
2016-02-12,53.00,55.14,52.14,54.96,29400,54.782
2016-02-11,54.30,54.30,52.20,52.58,23500,52.41
2016-02-10,54.59,55.42,54.34,54.63,27300,54.453
2016-02-09,54.60,56.06,53.90,54.49,60200,54.314
2016-02-08,54.20,54.88,53.90,54.34,40200,54.164
2016-02-05,53.48,55.46,51.65,53.62,33700,53.447
2016-02-04,57.10,57.10,51.12,52.98,113500,52.809
2016-02-03,56.51,60.00,54.30,56.50,110900,56.317
2016-02-02,62.50,62.50,60.18,60.61,10700,60.414
2016-02-01,62.00,63.40,61.30,61.97,20800,61.77
2016-01-29,59.70,61.51,58.40,61.43,20900,61.231
2016-01-28,62.20,62.43,59.00,59.24,31200,59.048
2016-01-27,62.92,63.70,61.91,62.55,25700,62.348
2016-01-26,60.20,63.39,59.76,62.45,31500,62.248
2016-01-25,59.00,61.28,59.00,60.80,24900,60.603
2016-01-22,57.88,59.17,57.66,58.75,37900,58.56
2016-01-21,54.99,56.40,53.52,56.27,76000,56.088
2016-01-20,54.49,55.40,53.50,54.49,50900,54.314
2016-01-19,57.50,57.50,55.21,55.90,59900,55.719
2016-01-18,58.69,59.36,56.77,57.00,27900,56.816
2016-01-15,61.99,62.07,58.31,58.52,34500,58.331
2016-01-14,62.40,62.85,60.30,61.87,35100,61.67
2016-01-13,63.02,63.28,62.37,63.07,24600,62.866
2016-01-12,62.20,63.62,61.41,62.11,29200,61.909
2016-01-11,65.00,65.00,62.01,62.01,31000,61.81
2016-01-08,66.56,66.56,64.51,64.97,21900,64.76
2016-01-07,65.45,66.26,62.97,66.02,29300,65.807
2016-01-06,69.80,69.80,66.01,66.65,21300,66.435
2016-01-05,68.53,70.00,67.00,69.57,19000,69.345
2016-01-04,68.50,68.50,66.58,68.33,14500,68.109
2016-01-01,68.61,68.61,68.61,68.61,000,68.388
2015-12-31,68.61,68.61,68.61,68.61,000,68.388
2015-12-30,70.00,70.50,68.61,68.61,8300,68.388
2015-12-29,69.10,70.99,68.95,70.81,16400,70.581
2015-12-28,68.58,69.27,68.35,68.62,18600,68.398
2015-12-25,68.98,68.98,68.98,68.98,000,68.757
2015-12-24,68.98,68.98,68.98,68.98,000,68.757
2015-12-23,68.04,69.00,67.37,68.98,8700,68.757
2015-12-22,67.50,68.41,66.54,67.46,11100,67.242
2015-12-21,68.06,68.84,67.54,67.54,12300,67.322
2015-12-18,68.26,68.26,66.43,67.75,31800,67.531
2015-12-17,66.50,68.37,66.41,67.53,30500,67.312
2015-12-16,63.86,67.29,63.60,65.36,28100,65.149
2015-12-15,61.54,63.49,60.79,63.08,35000,62.876
2015-12-14,63.13,63.61,60.50,60.66,24200,60.464
2015-12-11,64.90,64.90,63.05,63.52,12900,63.315
2015-12-10,64.10,64.85,63.50,64.79,16900,64.581
2015-12-09,65.00,65.26,63.86,64.61,25600,64.401
2015-12-08,66.47,67.36,64.52,65.05,26300,64.84
2015-12-07,67.38,67.80,65.25,66.77,30100,66.554
2015-12-04,68.50,68.50,65.41,65.57,45100,65.358
2015-12-03,69.62,70.50,67.40,69.06,17400,68.837
2015-12-02,69.48,71.35,69.34,69.99,12300,69.764
2015-12-01,69.80,72.02,69.50,69.95,33500,69.724
2015-11-30,70.80,71.60,69.00,70.27,29500,70.043
2015-11-27,72.10,72.87,70.40,70.82,16700,70.591
2015-11-26,71.96,73.52,71.55,72.23,14400,71.996
2015-11-25,73.79,73.79,70.50,72.24,24900,72.006
2015-11-24,71.86,74.85,71.44,72.86,43700,72.624
2015-11-23,70.00,72.18,69.78,72.10,25100,71.867
2015-11-20,68.80,69.92,68.38,69.84,23400,69.614
2015-11-19,66.73,68.78,66.73,68.50,20700,68.279
2015-11-18,66.35,67.41,66.35,67.25,20200,67.033
2015-11-17,66.65,67.55,66.53,67.00,26100,66.783
2015-11-16,66.50,67.45,66.26,66.64,34000,66.425
2015-11-13,67.00,67.26,65.85,66.96,25100,66.744
2015-11-12,67.62,67.97,66.20,67.00,33800,66.783
2015-11-11,66.80,70.33,66.80,68.23,24300,68.009
2015-11-10,68.98,68.98,66.24,66.79,31100,66.574
2015-11-09,67.96,69.49,67.93,68.42,27700,68.199
2015-11-06,67.82,69.13,66.97,68.15,26800,67.93
2015-11-05,66.50,69.17,66.16,68.76,60900,68.538
2015-11-04,66.03,66.62,65.37,66.11,29200,65.896
2015-11-03,65.80,66.15,65.16,66.15,36300,65.936
2015-11-02,65.20,66.00,64.41,65.26,40100,65.049
2015-10-30,65.51,66.44,65.01,65.57,44200,65.358
2015-10-29,63.45,64.98,63.17,64.95,30500,64.74
2015-10-28,61.65,64.07,61.01,63.73,36600,63.524
2015-10-27,63.09,63.09,61.25,62.04,32200,61.839
2015-10-26,61.87,62.98,60.71,62.29,46500,62.089
2015-10-23,60.30,61.41,59.27,61.12,52600,60.922
2015-10-22,60.24,60.24,58.60,59.98,36300,59.786
2015-10-21,59.82,60.22,58.34,59.82,43600,59.627
2015-10-20,60.00,60.19,59.16,59.90,33100,59.706
2015-10-19,60.00,60.11,59.34,59.97,42600,59.776
2015-10-16,60.54,60.54,59.21,59.30,80300,59.108
2015-10-15,60.08,60.43,58.35,59.47,100600,59.278
2015-10-14,60.30,62.81,59.58,60.00,264800,59.806
2015-10-13,76.50,76.50,73.74,73.93,20800,73.691
2015-10-12,78.14,78.14,75.11,75.37,28600,75.126
2015-10-09,78.76,78.76,76.43,76.95,18700,76.701
2015-10-08,78.22,78.59,76.98,77.63,12100,77.379
2015-10-07,78.78,78.81,76.81,76.99,10500,76.741
2015-10-06,75.10,78.49,75.10,78.40,15600,78.147
2015-10-05,74.60,77.08,74.33,75.23,19200,74.987
2015-10-02,74.88,74.88,72.38,73.78,16300,73.541
2015-10-01,75.25,75.25,73.30,73.82,17200,73.581
2015-09-30,75.77,76.30,74.92,75.27,24200,75.027
2015-09-29,75.39,77.00,74.42,75.60,25900,75.356
2015-09-28,79.65,80.00,76.55,77.01,11800,76.761
2015-09-25,80.30,80.31,79.11,79.83,11000,79.572
2015-09-24,80.00,81.86,79.67,79.81,8500,79.552
2015-09-23,80.58,80.68,78.80,80.07,15000,79.811
2015-09-22,81.01,81.91,79.90,79.99,9200,79.731
2015-09-21,82.75,82.76,80.72,81.46,8800,81.197
2015-09-18,82.51,83.31,82.50,82.63,10100,82.363
2015-09-17,82.74,84.05,82.61,83.54,3400,83.27
2015-09-16,83.41,84.08,82.59,83.06,10400,82.791
2015-09-15,84.25,84.25,81.24,82.81,26100,82.542
2015-09-14,83.00,83.58,82.50,83.00,9700,82.732
2015-09-11,84.21,84.22,82.50,82.51,6400,82.243
2015-09-10,83.80,83.90,82.32,83.73,26800,83.459
2015-09-09,83.50,84.43,83.44,83.44,11400,83.17
2015-09-08,82.32,83.98,82.32,83.15,8100,82.881
2015-09-07,81.41,83.34,81.23,82.43,10500,82.164
2015-09-04,83.00,83.16,81.29,82.45,36200,82.183
2015-09-03,80.86,84.68,80.86,83.55,15000,83.28
2015-09-02,81.26,82.65,80.56,82.18,14600,81.914
2015-09-01,83.02,83.75,80.58,82.05,14200,81.785
2015-08-31,81.99,84.82,81.41,84.82,14300,84.546
2015-08-28,83.60,84.26,81.05,81.58,14300,81.316
2015-08-27,82.00,83.63,81.72,83.63,20200,83.36
2015-08-26,81.63,81.63,79.26,80.33,26000,80.07
2015-08-25,82.42,84.00,81.18,81.96,28100,81.695
2015-08-24,80.00,81.79,79.42,81.00,29300,80.738
2015-08-21,84.00,84.28,81.66,82.49,23100,82.223
2015-08-20,89.70,89.70,84.50,85.29,22900,85.014
2015-08-19,89.89,90.45,88.54,89.63,12100,89.34
2015-08-18,91.16,91.16,89.78,90.81,10000,90.516
2015-08-17,92.45,93.70,89.69,90.34,16500,90.048
2015-08-14,90.66,93.13,90.50,92.81,12300,92.51
2015-08-13,90.00,91.31,89.32,90.70,17000,90.407
2015-08-12,90.58,90.58,86.50,88.47,43900,88.184
2015-08-11,91.71,91.76,90.16,90.59,17600,90.297
2015-08-10,92.01,92.01,90.50,91.31,7000,91.015
2015-08-07,93.03,93.70,90.82,91.54,20100,91.244
2015-08-06,95.10,95.10,92.11,93.96,17000,93.656
2015-08-05,94.89,95.17,93.90,94.56,14200,94.254
2015-08-04,93.19,94.75,93.09,94.69,8900,94.384
2015-08-03,90.80,94.30,90.80,93.51,37600,93.208
2015-07-31,92.00,92.32,90.80,91.15,25100,90.855
2015-07-30,94.50,94.50,91.50,92.64,14100,92.34
2015-07-29,92.47,94.69,91.53,93.97,20300,93.666
2015-07-28,92.14,93.12,90.80,91.37,31600,91.075
2015-07-27,93.13,93.13,90.80,91.73,15400,91.433
2015-07-24,91.65,93.76,91.65,92.90,11500,92.60
2015-07-23,93.75,93.80,92.28,92.65,16300,92.35
2015-07-22,93.90,93.90,91.51,93.41,24500,93.108
2015-07-21,92.94,94.87,92.80,93.98,25000,93.676
2015-07-20,93.94,94.30,92.56,93.32,37100,93.018
2015-07-17,90.00,93.11,90.00,92.71,70000,92.41
2015-07-16,89.21,91.50,88.96,90.31,139000,90.018
2015-07-15,97.39,99.44,96.99,98.98,12600,98.66
2015-07-14,99.12,99.12,97.21,97.76,11400,97.444
2015-07-13,93.33,98.75,92.71,98.03,33500,97.713
2015-07-10,90.20,93.44,90.06,92.86,18500,92.56
2015-07-09,88.00,89.90,88.00,88.91,28200,88.623
2015-07-08,91.80,91.80,88.31,88.31,49600,88.024
2015-07-07,93.50,93.50,90.95,90.95,37800,90.656
2015-07-06,94.40,94.80,93.51,93.56,11200,93.258
2015-07-03,95.27,95.79,94.63,94.87,3600,94.563
2015-07-02,95.71,96.09,94.60,95.29,11100,94.982
2015-07-01,97.47,97.47,95.54,95.78,14900,95.47
2015-06-30,97.00,97.68,94.60,96.11,11200,95.799
2015-06-29,95.02,98.73,95.00,96.69,10600,96.377
2015-06-26,100.15,100.65,97.95,99.24,9200,98.919
2015-06-25,98.20,101.30,98.20,99.59,20300,99.268
2015-06-24,98.75,99.00,97.85,98.40,16500,98.082
2015-06-23,97.92,98.79,97.57,98.30,10100,97.982
2015-06-22,98.90,99.64,96.50,97.71,12900,97.394
2015-06-19,97.71,98.39,96.49,97.85,27200,97.534
2015-06-18,95.65,98.78,95.34,97.80,14800,97.484
2015-06-17,96.52,97.78,96.08,96.48,13500,96.168
2015-06-16,95.00,97.79,94.10,96.83,21900,96.517
2015-06-15,96.72,96.79,95.12,95.33,20200,95.022
2015-06-12,100.25,100.70,97.33,97.99,32800,97.673
2015-06-11,99.93,101.50,99.93,100.85,18300,100.524
2015-06-10,100.10,100.95,99.69,100.20,22200,99.876
2015-06-09,99.10,100.70,99.10,99.99,27100,99.667
2015-06-08,100.05,100.70,98.52,99.65,27200,99.328
2015-06-05,100.70,100.95,99.55,100.80,11600,100.474
2015-06-04,100.85,101.20,99.90,100.15,14100,99.826
2015-06-03,97.22,101.90,97.22,101.70,27100,101.371
2015-06-02,97.47,99.53,95.66,97.38,28300,97.065
2015-06-01,100.10,100.75,96.14,96.14,41000,95.829
2015-05-29,104.00,104.45,99.82,100.10,29200,99.776
2015-05-28,99.80,105.00,99.80,104.10,18600,103.763
2015-05-27,99.80,101.50,99.47,100.20,17700,99.876
2015-05-26,101.15,101.45,99.80,99.80,11800,99.477
2015-05-25,101.95,101.95,101.95,101.95,000,101.62
2015-05-22,103.80,103.80,101.15,101.95,13500,101.62
2015-05-21,102.80,103.75,100.70,103.00,19700,102.667
2015-05-20,101.25,102.95,100.50,102.00,20900,101.67
2015-05-19,99.77,103.10,99.40,101.65,23300,101.321
2015-05-18,99.74,99.76,97.25,98.90,20500,98.58
2015-05-15,97.97,100.60,97.52,98.88,23500,98.56
2015-05-14,96.49,97.26,95.00,96.96,23300,96.647
2015-05-13,96.89,99.71,95.52,96.19,51000,95.879
2015-05-12,98.31,99.07,95.39,96.00,60900,95.69
2015-05-11,102.55,102.55,98.36,98.87,41700,98.55
2015-05-08,103.95,104.20,100.75,101.50,41300,101.172
2015-05-07,100.50,103.10,99.69,102.70,31600,102.368
2015-05-06,102.45,103.95,100.55,101.05,52400,100.723
2015-05-05,103.65,104.40,101.75,101.95,51600,101.62
2015-05-04,103.05,103.75,100.75,103.35,49100,103.016
2015-05-01,103.35,103.35,103.35,103.35,000,101.63
2015-04-30,105.50,105.95,100.20,103.35,98100,101.63
2015-04-29,113.00,113.00,105.05,105.05,193200,103.302
2015-04-28,122.35,122.60,119.55,119.65,19300,117.659
2015-04-27,121.40,123.70,121.15,121.80,35200,119.587
2015-04-24,118.00,120.90,118.00,120.90,32300,118.703
2015-04-23,119.80,119.80,117.05,117.10,12600,114.972
2015-04-22,119.20,119.85,118.05,118.75,47500,116.592
2015-04-21,119.55,120.20,117.65,118.35,24200,116.199
2015-04-20,115.05,119.95,114.85,119.30,27100,117.132
2015-04-17,118.75,121.50,113.50,115.15,45400,113.057
2015-04-16,122.35,123.30,119.00,119.65,39800,117.476
2015-04-15,119.45,123.50,118.35,122.00,29000,119.783
2015-04-14,117.80,119.40,117.45,118.95,39300,116.788
2015-04-13,118.00,118.70,117.00,117.65,36800,115.512
2015-04-10,119.20,119.90,118.15,118.75,15900,116.592
2015-04-09,119.35,120.40,118.75,119.05,25100,116.887
2015-04-08,117.10,119.40,116.80,119.10,21000,116.936
2015-04-07,116.00,117.65,115.95,117.05,19400,114.923
2015-04-02,114.50,116.55,113.90,115.60,13000,113.499
2015-04-01,116.10,116.25,114.30,114.40,14700,112.321
2015-03-31,116.15,117.85,115.95,116.05,28100,113.941
2015-03-30,114.90,116.85,113.65,116.15,24000,114.039
2015-03-27,112.80,114.85,112.35,114.30,30400,112.223
2015-03-26,111.40,112.55,109.20,112.55,36000,110.505
2015-03-25,112.25,113.20,111.80,112.10,27700,110.063
2015-03-24,111.90,113.95,109.50,113.15,45300,111.094
2015-03-23,110.80,111.90,109.30,111.50,45500,109.474
2015-03-20,113.40,114.20,109.35,110.80,72500,108.786
2015-03-19,111.90,113.95,111.60,113.30,40400,111.241
2015-03-18,110.30,112.30,110.30,111.50,69700,109.474
2015-03-17,111.40,112.00,108.40,110.40,45700,108.394
2015-03-16,106.95,111.80,106.95,111.55,51000,109.523
2015-03-13,105.00,108.00,104.25,106.95,72700,105.006
2015-03-12,99.90,104.70,98.08,104.60,80200,102.699
2015-03-11,92.30,100.90,88.31,99.93,105600,98.114
2015-03-10,93.14,94.20,92.09,92.36,22900,90.682
2015-03-09,93.52,94.16,92.42,93.86,12300,92.154
2015-03-06,95.50,95.62,93.78,93.99,20400,92.282
2015-03-05,94.52,95.72,93.50,94.70,25700,92.979
2015-03-04,95.12,95.12,92.48,93.71,31000,92.007
2015-03-03,97.60,97.60,95.15,95.23,12100,93.499
2015-03-02,98.99,99.50,96.71,96.91,38200,95.149
2015-02-27,97.15,98.60,97.15,98.28,25600,96.494
2015-02-26,97.50,97.68,96.50,97.10,37500,95.335
2015-02-25,96.64,97.07,96.21,96.97,22700,95.208
2015-02-24,95.06,96.00,94.26,95.71,20400,93.971
2015-02-23,95.10,95.21,93.71,94.05,23800,92.341
2015-02-20,94.55,94.80,93.78,94.00,31700,92.292
2015-02-19,92.78,94.50,92.37,93.74,31700,92.036
2015-02-18,91.00,92.30,91.00,91.70,14900,90.034
2015-02-17,90.50,91.03,90.22,90.73,20600,89.081
2015-02-16,90.64,91.40,90.51,90.51,10500,88.865
2015-02-13,92.33,92.50,90.21,91.00,14700,89.346
2015-02-12,90.00,92.89,89.70,92.72,22500,91.035
2015-02-11,90.60,91.57,89.01,89.43,19800,87.805
2015-02-10,88.20,90.81,87.05,90.37,36700,88.728
2015-02-09,91.89,92.06,88.40,89.02,24400,87.402
2015-02-06,92.51,92.86,91.40,91.96,15600,90.289
2015-02-05,91.68,92.87,91.33,92.07,27200,90.397
2015-02-04,91.00,92.25,90.32,91.64,33500,89.975
2015-02-03,89.20,91.42,89.20,90.85,44800,89.199
2015-02-02,89.29,89.91,88.16,88.88,17200,87.265
2015-01-30,89.00,90.68,89.00,89.34,20100,87.716
2015-01-29,88.70,89.30,87.44,89.02,47000,87.402
2015-01-28,86.72,88.75,85.65,88.75,26200,87.137
2015-01-27,87.94,88.65,84.60,85.47,26000,83.917
2015-01-26,85.70,89.02,85.70,88.28,42300,86.676
2015-01-23,82.98,87.47,82.98,86.81,58300,85.232
2015-01-22,81.10,82.33,80.74,82.30,45500,80.804
2015-01-21,81.70,81.70,79.66,80.31,35300,78.851
2015-01-20,80.24,81.48,79.96,80.99,39500,79.518
2015-01-19,81.34,81.81,78.34,79.28,52300,77.839
2015-01-16,83.79,86.39,81.00,81.60,104100,80.117
2015-01-15,83.71,83.93,82.75,83.79,15500,82.267
2015-01-14,82.80,84.15,82.80,83.88,8200,82.356
2015-01-13,82.80,84.00,82.80,83.89,16600,82.365
2015-01-12,82.80,84.12,82.80,83.30,20700,81.786
2015-01-09,82.99,83.90,82.30,82.49,24300,80.991
2015-01-08,79.66,83.09,79.66,82.90,32800,81.393
2015-01-07,79.90,81.01,79.45,79.82,14800,78.369
2015-01-06,81.04,81.14,79.70,80.51,11200,79.047
2015-01-05,84.95,84.97,80.45,80.74,22500,79.273
2015-01-02,83.72,85.47,83.70,85.15,9800,83.603
2014-12-30,83.94,84.36,83.87,83.87,9500,82.346
2014-12-29,83.80,85.35,83.29,84.46,15300,82.925
2014-12-23,83.36,84.42,82.80,84.30,20300,82.768
2014-12-22,83.00,83.84,82.03,83.61,14600,82.091
2014-12-19,80.60,83.85,80.60,82.25,29300,80.755
2014-12-18,81.00,81.69,80.72,80.80,18600,79.332
2014-12-17,78.11,80.41,77.75,80.34,17600,78.88
2014-12-16,81.94,81.94,77.40,78.68,44300,77.25
2014-12-15,82.40,83.45,81.73,81.73,17000,80.245
2014-12-12,82.67,83.47,82.19,82.59,25800,81.089
2014-12-11,81.58,82.86,81.20,82.62,13600,81.119
2014-12-10,81.30,82.31,81.30,82.04,13600,80.549
2014-12-09,82.80,82.89,80.85,81.29,20800,79.813
2014-12-08,82.16,83.29,82.16,82.86,8400,81.354
2014-12-05,81.30,83.00,80.72,82.86,22700,81.354
2014-12-04,84.00,84.10,79.91,81.10,36600,79.626
2014-12-03,83.51,84.32,83.43,83.99,23200,82.464
2014-12-02,83.81,84.09,83.59,83.93,19300,82.405
2014-12-01,83.10,84.57,83.10,84.04,30700,82.513
2014-11-28,82.50,83.76,82.41,83.16,16800,81.649
2014-11-27,81.13,82.30,81.00,82.28,12500,80.785
2014-11-26,81.30,82.44,81.28,81.40,16500,79.921
2014-11-25,81.00,82.00,80.62,81.99,20000,80.50
2014-11-24,81.52,81.98,80.90,81.23,25500,79.754
2014-11-21,81.00,81.84,80.83,81.51,15900,80.029
2014-11-20,81.11,81.11,80.11,80.61,10700,79.145
2014-11-19,81.20,81.71,80.63,80.81,12200,79.341
2014-11-18,81.10,81.80,81.00,81.23,17800,79.754
2014-11-17,80.04,81.02,80.02,80.90,43100,79.43
2014-11-14,81.48,81.99,81.00,81.00,26000,79.528
2014-11-13,80.99,81.70,80.73,81.09,22500,79.616
2014-11-12,80.95,81.93,80.11,80.89,32400,79.42
2014-11-11,79.18,81.12,79.18,80.61,34000,79.145
2014-11-10,79.00,79.45,78.58,79.22,68200,77.78
2014-11-07,79.39,79.39,77.31,79.04,43900,77.604
2014-11-06,78.79,79.25,78.50,79.03,28300,77.594
2014-11-05,79.41,79.41,78.50,78.95,43200,77.515
2014-11-04,78.20,79.41,77.81,79.30,70800,77.859
2014-11-03,77.65,77.98,77.17,77.61,31500,76.20
2014-10-31,75.50,78.45,75.30,77.65,95400,76.239
2014-10-30,76.00,76.74,73.13,75.00,162600,73.637
2014-10-29,70.00,70.47,69.04,70.17,18100,68.895
2014-10-28,69.61,70.15,69.38,70.00,14900,68.728
2014-10-27,69.40,70.38,68.91,69.60,13400,68.335
2014-10-24,69.99,70.02,69.14,69.27,26200,68.011
2014-10-23,70.00,70.25,69.52,69.79,18000,68.522
2014-10-22,69.82,70.12,69.49,69.86,20000,68.59
2014-10-21,67.87,70.00,67.82,69.22,29700,67.962
2014-10-20,68.00,68.28,67.69,67.93,16000,66.696
2014-10-17,64.50,67.85,64.00,66.81,104600,65.596
2014-10-16,66.55,66.55,62.32,63.36,48800,62.209
2014-10-15,67.54,67.54,65.88,65.98,11300,64.781
2014-10-14,66.62,67.21,66.54,66.95,15700,65.733
2014-10-13,66.59,67.20,66.59,66.80,11500,65.586
2014-10-10,67.00,67.29,66.59,66.84,21000,65.625
2014-10-09,67.74,67.89,67.47,67.47,9800,66.244
2014-10-08,66.81,67.86,66.61,67.45,23600,66.224
2014-10-07,67.50,67.63,66.59,67.18,18200,65.959
2014-10-06,67.40,68.27,67.25,67.83,21200,66.597
2014-10-03,67.06,67.06,67.06,67.06,000,65.841
2014-10-02,68.36,68.80,66.00,67.06,32800,65.841
2014-10-01,70.16,70.16,68.61,68.61,16300,67.363
2014-09-30,69.11,70.14,69.09,70.10,12100,68.826
2014-09-29,70.06,70.25,69.06,69.59,19100,68.325
2014-09-26,71.04,71.04,70.00,70.16,24400,68.885
2014-09-25,72.98,73.00,71.04,71.05,20800,69.759
2014-09-24,72.40,72.95,72.20,72.95,16600,71.624
2014-09-23,72.64,72.64,71.99,72.22,14100,70.908
2014-09-22,71.99,72.69,71.99,72.42,14900,71.104
2014-09-19,72.14,72.14,71.44,71.92,18000,70.613
2014-09-18,71.55,72.14,71.55,71.80,15100,70.495
2014-09-17,71.99,72.09,71.05,71.05,5400,69.759
2014-09-16,74.00,74.00,70.84,71.69,39100,70.387
2014-09-15,74.12,74.58,73.16,73.62,41300,72.282
2014-09-12,73.70,74.00,73.34,73.71,8600,72.37
2014-09-11,73.55,73.73,73.34,73.60,11900,72.262
2014-09-10,73.00,73.55,72.51,73.38,19400,72.046
2014-09-09,73.47,73.55,73.20,73.31,7200,71.978
2014-09-08,73.45,73.50,72.84,73.21,11200,71.88
2014-09-05,72.75,72.89,72.50,72.61,9600,71.29
2014-09-04,71.82,72.81,71.79,72.74,16600,71.418
2014-09-03,71.89,72.15,71.50,71.61,11600,70.309
2014-09-02,72.07,72.21,71.42,71.50,20600,70.201
2014-09-01,71.88,72.70,71.52,71.52,14700,70.22
2014-08-29,71.80,72.40,70.93,72.06,12300,70.75
2014-08-28,72.10,72.90,71.31,71.69,65800,70.387
2014-08-27,69.78,71.04,69.63,70.82,17700,69.533
2014-08-26,69.00,69.77,68.88,69.77,16200,68.502
2014-08-25,68.24,69.45,68.24,69.32,13600,68.06
2014-08-22,68.00,68.37,67.66,67.66,11700,66.43
2014-08-21,67.81,68.00,67.46,67.99,9200,66.754
2014-08-20,68.03,68.08,67.10,67.72,11400,66.489
2014-08-19,67.50,68.13,67.36,67.67,7400,66.44
2014-08-18,67.50,67.58,66.92,67.50,8500,66.273
2014-08-15,67.80,67.80,66.84,67.25,11300,66.028
2014-08-14,67.55,68.11,67.15,67.48,13600,66.254
2014-08-13,66.89,67.38,66.61,67.37,12900,66.146
2014-08-12,67.70,67.85,66.77,66.91,12100,65.694
2014-08-11,66.75,67.68,66.42,67.31,14900,66.087
2014-08-08,65.16,66.51,65.16,66.50,16600,65.292
2014-08-07,65.55,66.00,65.16,65.17,13400,63.986
2014-08-06,65.37,66.35,65.05,65.68,16500,64.486
2014-08-05,65.41,66.20,65.27,65.96,18000,64.761
2014-08-04,65.47,65.95,65.17,65.41,22400,64.221
2014-08-01,67.50,67.50,65.23,65.61,33500,64.418
2014-07-31,69.10,69.25,67.26,67.49,25100,66.264
2014-07-30,68.56,69.75,68.08,69.11,60400,67.854
2014-07-29,66.87,69.69,66.82,68.25,46800,67.01
2014-07-28,66.00,68.05,65.40,67.45,36100,66.224
2014-07-25,66.34,66.48,65.18,65.71,36300,64.516
2014-07-24,66.40,67.16,66.11,66.87,34700,65.655
2014-07-23,66.25,66.64,66.01,66.64,36100,65.429
2014-07-22,67.81,68.00,66.19,66.60,48200,65.39
2014-07-21,68.60,68.60,67.73,68.03,38000,66.794
2014-07-18,69.00,69.00,67.63,68.49,31600,67.245
2014-07-17,67.81,69.15,67.32,69.00,67800,67.746
2014-07-16,65.20,67.75,65.20,67.73,98000,66.499
2014-07-15,70.00,70.87,63.90,65.79,587200,64.594
2014-07-14,79.00,79.01,78.51,78.56,16000,77.132
2014-07-11,79.41,79.41,78.62,78.62,20800,77.191
2014-07-10,80.50,80.50,78.62,79.00,25700,77.564
2014-07-09,81.12,81.12,79.36,80.30,18100,78.841
2014-07-08,80.85,81.64,80.01,80.78,24900,79.312
2014-07-07,81.50,83.23,80.85,81.54,36300,80.058
2014-07-04,80.99,81.60,80.69,81.02,15100,79.548
2014-07-03,80.73,81.77,79.78,80.28,31600,78.821
2014-07-02,79.25,81.28,79.25,81.00,19100,79.528
2014-07-01,78.68,79.47,78.43,79.16,14300,77.721
2014-06-30,79.95,79.99,78.39,78.51,25900,77.083
2014-06-27,79.50,80.18,79.40,79.50,13700,78.055
2014-06-26,79.25,79.50,78.75,79.50,35500,78.055
2014-06-25,80.36,80.44,79.14,79.19,26500,77.751
2014-06-24,80.59,81.39,80.48,80.50,22100,79.037
2014-06-23,82.15,82.15,80.59,80.75,39300,79.283
2014-06-20,81.01,82.10,81.01,82.00,85500,80.51
2014-06-19,80.58,81.50,80.50,81.06,21600,79.587
2014-06-18,80.90,80.95,79.73,80.25,39600,78.792
2014-06-17,80.63,81.34,80.50,80.85,29100,79.381
2014-06-16,79.68,80.67,79.67,80.44,48200,78.978
2014-06-13,78.87,79.68,78.48,79.39,24000,77.947
2014-06-12,79.06,79.06,78.50,78.60,25300,77.172
2014-06-11,76.75,79.00,76.09,78.37,45300,76.946
2014-06-10,76.00,77.02,75.55,76.68,36600,75.287
2014-06-09,74.95,76.00,74.95,75.52,14600,74.148
2014-06-06,76.20,76.86,74.63,75.37,45200,74.00
2014-06-05,75.70,77.19,75.46,76.63,40000,75.237
2014-06-04,76.00,76.31,75.18,76.00,41800,74.619
2014-06-03,75.27,76.19,75.23,76.00,27400,74.619
2014-06-02,76.00,76.68,74.61,75.02,38900,73.657
2014-05-30,76.70,76.80,76.06,76.32,18900,74.933
2014-05-29,76.30,76.84,76.30,76.45,11100,75.061
2014-05-28,76.40,76.73,75.42,76.62,31300,75.228
2014-05-27,76.47,76.78,75.90,76.35,35500,74.963
2014-05-26,74.90,76.70,74.50,76.00,52400,74.619
2014-05-23,75.09,75.35,74.06,74.31,23800,72.96
2014-05-22,74.95,75.18,74.39,74.50,17300,73.146
2014-05-21,75.18,75.35,74.26,74.96,28000,73.598
2014-05-20,75.49,75.50,74.32,74.78,25900,73.421
2014-05-19,75.65,75.70,74.68,74.99,22100,73.627
2014-05-16,75.26,76.25,74.90,75.65,46100,74.275
2014-05-15,75.03,76.24,73.76,75.26,91200,73.892
2014-05-14,75.15,75.56,74.02,74.45,63000,73.097
2014-05-13,74.50,76.25,73.80,75.18,92800,73.814
2014-05-12,75.35,75.56,74.07,74.47,88500,73.117
2014-05-09,77.00,77.09,75.67,76.00,39000,73.804
2014-05-08,77.47,77.47,75.96,76.78,67600,74.561
2014-05-07,80.60,80.99,76.65,76.92,127800,74.697
2014-05-06,84.22,84.22,83.46,83.88,25100,81.456
2014-05-05,83.80,84.30,83.21,83.50,15900,81.087
2014-05-02,85.80,86.00,83.72,83.75,31500,81.33
2014-04-30,85.90,86.00,85.15,85.20,10800,82.738
2014-04-29,86.00,86.73,85.84,85.87,16500,83.389
2014-04-28,86.92,86.92,85.31,86.00,22100,83.515
2014-04-25,86.75,87.20,86.31,86.92,18900,84.408
2014-04-24,87.78,87.78,86.57,87.00,13000,84.486
2014-04-23,86.93,87.40,86.55,87.01,15700,84.496
2014-04-22,88.00,88.00,86.91,87.00,14400,84.486
2014-04-17,88.10,88.10,86.91,87.50,21400,84.972
2014-04-16,87.83,88.31,87.67,87.93,22100,85.389
2014-04-15,89.13,89.13,87.58,87.62,14400,85.088
2014-04-14,87.52,89.07,87.51,88.70,15400,86.137
2014-04-11,89.18,89.29,87.51,88.34,16100,85.787
2014-04-10,89.00,91.48,89.00,89.98,14700,87.38
2014-04-09,89.10,89.42,88.31,89.00,11200,86.428
2014-04-08,89.60,89.61,87.55,89.19,17000,86.613
2014-04-07,89.82,90.99,88.61,88.90,15600,86.331
2014-04-04,90.00,91.00,90.00,90.94,8900,88.312
2014-04-03,89.50,90.70,89.50,90.55,9900,87.934
2014-04-02,90.50,90.50,88.59,89.44,12300,86.856
2014-04-01,89.25,90.70,89.00,89.90,9000,87.302
2014-03-31,90.48,90.82,89.00,89.16,16700,86.584
2014-03-28,90.60,90.60,89.68,89.83,8100,87.234
2014-03-27,90.79,90.79,88.11,90.11,16000,87.506
2014-03-26,90.63,91.31,89.52,90.62,15100,88.001
2014-03-25,87.55,90.69,87.55,90.30,19100,87.691
2014-03-24,89.49,89.49,87.44,87.44,20100,84.913
2014-03-21,90.40,91.00,89.30,89.30,20200,86.72
2014-03-20,92.00,92.63,90.31,90.70,16400,88.079
2014-03-19,90.50,92.28,90.00,92.13,15400,89.468
2014-03-18,92.09,92.28,90.10,90.32,26700,87.71
2014-03-17,91.82,92.89,91.08,92.89,17900,90.206
2014-03-14,90.30,92.79,89.85,91.66,16400,89.011
2014-03-13,92.66,94.06,90.50,90.50,15500,87.885
2014-03-12,95.44,95.99,92.80,93.47,17600,90.769
2014-03-11,94.72,95.14,93.88,95.11,9800,92.362
2014-03-10,95.33,96.55,94.09,94.46,11500,91.731
2014-03-07,97.44,97.61,95.58,95.80,20600,93.032
2014-03-06,95.95,98.18,95.20,96.97,8100,94.168
2014-03-05,95.78,96.87,95.27,96.11,10900,93.333
2014-03-04,97.50,97.50,95.10,95.34,31900,92.585
2014-03-03,95.90,98.26,95.65,97.57,17700,94.751
2014-02-28,97.28,98.33,96.61,97.03,21600,94.226
2014-02-27,97.00,97.50,96.83,97.29,5900,94.479
2014-02-26,98.94,99.00,97.00,97.31,21200,94.498
2014-02-25,98.34,98.34,97.11,97.83,16200,95.003
2014-02-24,97.27,97.93,96.19,97.61,13300,94.79
2014-02-21,98.49,98.80,97.72,98.12,18200,95.285
2014-02-20,96.82,98.56,96.18,97.95,17300,95.12
2014-02-19,97.23,98.97,96.28,97.46,36900,94.644
2014-02-18,97.50,97.79,96.98,97.28,9400,94.469
2014-02-17,96.28,97.62,96.28,97.09,13200,94.285
2014-02-14,97.42,99.75,96.31,96.49,45000,93.702
2014-02-13,91.10,97.00,91.10,97.00,118400,94.197
2014-02-12,90.45,90.50,88.79,90.00,29000,87.399
2014-02-11,87.64,90.17,87.13,89.75,17100,87.157
2014-02-10,87.05,87.50,86.98,87.50,18600,84.972
2014-02-07,86.81,87.20,86.81,87.05,12000,84.535
2014-02-06,88.00,88.00,86.81,86.82,17800,84.311
2014-02-05,87.58,88.20,87.36,87.69,16500,85.156
2014-02-04,89.37,89.39,87.20,87.54,20300,85.01
2014-02-03,90.37,90.53,89.50,89.50,9000,86.914
2014-01-31,90.33,90.84,89.66,90.30,12200,87.691
2014-01-30,91.10,91.10,89.80,90.06,14800,87.458
2014-01-29,91.62,91.62,89.81,91.09,22600,88.458
2014-01-28,90.67,91.11,89.69,90.95,21200,88.322
2014-01-27,91.00,91.37,89.69,90.03,32400,87.429
2014-01-24,94.49,94.49,91.77,91.77,18600,89.118
2014-01-23,96.50,96.51,94.04,94.24,15400,91.517
2014-01-22,97.50,97.50,95.37,96.03,13000,93.255
2014-01-21,96.90,97.68,96.40,97.68,14900,94.857
2014-01-20,95.90,96.66,95.86,96.66,8600,93.867
2014-01-17,96.35,96.35,95.43,96.10,8200,93.323
2014-01-16,96.50,96.58,95.68,96.25,7200,93.469
2014-01-15,95.65,96.47,95.65,96.47,14500,93.682
2014-01-14,96.00,96.20,95.82,95.90,19700,93.129
2014-01-13,95.90,96.17,95.30,96.00,10700,93.226
2014-01-10,94.75,95.88,93.90,95.88,18200,93.109
2014-01-09,93.43,94.41,93.39,94.02,21100,91.303
2014-01-08,95.86,95.86,93.80,93.80,11500,91.09
2014-01-07,94.51,95.76,93.80,94.98,9900,92.236
2014-01-06,95.84,95.84,94.50,94.59,7700,91.857
2014-01-03,94.50,95.54,94.50,95.22,4800,92.469
2014-01-02,95.49,95.79,94.50,94.68,11300,91.944
2013-12-30,95.00,95.00,94.17,94.92,4100,92.177
2013-12-27,94.20,95.40,93.29,95.00,19300,92.255
2013-12-23,93.38,94.16,93.17,94.10,20300,91.381
2013-12-20,91.50,93.63,91.48,92.77,28700,90.089
2013-12-19,90.43,91.62,90.21,91.48,17700,88.837
2013-12-18,90.37,90.42,89.22,90.10,11200,87.497
2013-12-17,89.36,89.77,88.44,89.59,14800,87.001
2013-12-16,86.85,90.00,86.85,90.00,23900,87.399
2013-12-13,87.45,87.45,86.40,87.22,8800,84.70
2013-12-12,87.35,87.79,86.03,86.49,17800,83.991
2013-12-11,87.98,87.98,87.35,87.60,7700,85.069
2013-12-10,89.10,89.16,87.18,87.89,13000,85.35
2013-12-09,90.03,91.17,88.50,89.10,22700,86.525
2013-12-06,89.10,90.57,89.10,90.39,18400,87.778
2013-12-05,90.00,91.01,89.46,89.51,36600,86.924
2013-12-04,90.80,91.20,90.25,90.65,18000,88.031
2013-12-03,91.81,91.85,90.75,91.20,23100,88.565
2013-12-02,90.26,91.69,90.26,91.16,18200,88.526
2013-11-29,90.31,90.89,90.31,90.80,8400,88.176
2013-11-28,91.31,91.31,90.41,90.55,11200,87.934
2013-11-27,90.78,91.55,90.13,90.71,16600,88.089
2013-11-26,92.50,93.00,90.78,90.78,11900,88.157
2013-11-25,92.05,92.90,91.57,92.20,21500,89.536
2013-11-22,92.36,92.90,91.26,91.26,28400,88.623
2013-11-21,90.23,92.02,90.00,91.65,11600,89.002
2013-11-20,90.55,91.26,90.00,90.10,12100,87.497
2013-11-19,90.00,91.16,89.93,90.00,10700,87.399
2013-11-18,90.48,90.64,89.83,89.96,9400,87.361
2013-11-15,91.29,91.93,89.61,89.98,18400,87.38
2013-11-14,88.59,91.14,88.59,90.18,35200,87.574
2013-11-13,86.81,88.59,86.81,88.40,17100,85.846
2013-11-12,86.61,87.31,85.90,87.30,14300,84.777
2013-11-11,86.80,86.80,85.86,86.25,12200,83.758
2013-11-08,87.34,87.64,85.50,87.58,28700,85.049
2013-11-07,86.77,88.27,86.12,87.34,20800,84.816
2013-11-06,86.50,87.30,86.39,87.13,18200,84.612
2013-11-05,86.50,86.90,86.00,86.25,27400,83.758
2013-11-04,86.50,87.51,86.50,86.50,37200,84.001
2013-11-01,86.90,87.62,86.06,87.25,33100,84.729
2013-10-31,87.36,87.36,83.50,86.50,114100,84.001
2013-10-30,88.00,88.91,87.75,88.45,9800,85.894
2013-10-29,88.30,88.57,86.90,88.39,12900,85.836
2013-10-28,88.81,88.93,87.53,88.40,16400,85.846
2013-10-25,86.32,88.55,86.32,88.55,15400,85.991
2013-10-24,87.10,87.93,86.60,87.10,21100,84.583
2013-10-23,86.28,87.42,86.26,87.42,26500,84.894
2013-10-22,89.00,89.00,86.12,86.80,35300,84.292
2013-10-21,89.14,90.58,87.49,89.50,54700,86.914
2013-10-18,88.07,88.90,86.66,88.66,27000,86.098
2013-10-17,87.42,87.83,86.17,87.00,32600,84.486
2013-10-16,90.00,90.31,87.80,88.11,23000,85.564
2013-10-15,90.25,91.80,90.05,90.45,17900,87.836
2013-10-14,88.00,90.06,88.00,90.05,22400,87.448
2013-10-11,90.60,90.60,88.20,88.20,26100,85.651
2013-10-10,88.79,90.34,87.30,90.00,43400,87.399
2013-10-09,89.61,90.74,88.72,88.89,36000,86.321
2013-10-08,92.29,92.53,89.40,90.20,34700,87.594
2013-10-07,92.50,92.97,92.16,92.55,8500,89.876
2013-10-04,91.97,92.57,91.86,92.57,6600,89.895
2013-10-03,91.50,92.36,91.38,92.30,12100,89.633
2013-10-02,92.30,92.50,90.85,91.25,36700,88.613
2013-10-01,93.55,94.22,92.20,92.54,37900,89.866
2013-09-30,96.85,96.85,93.68,94.25,33700,91.527
2013-09-27,97.70,98.62,97.68,97.99,16700,95.159
2013-09-26,96.20,98.16,96.10,98.08,14500,95.246
2013-09-25,95.89,96.69,95.62,96.69,7600,93.896
2013-09-24,96.82,96.87,96.16,96.24,7500,93.459
2013-09-23,98.70,98.70,97.25,97.62,9200,94.799
2013-09-20,97.17,98.88,97.17,98.20,27300,95.362
2013-09-19,97.64,98.80,97.64,98.00,28200,95.168
2013-09-18,96.82,97.41,96.35,97.10,15100,94.294
2013-09-17,97.00,97.30,95.96,97.22,10100,94.411
2013-09-16,95.20,97.37,93.88,97.37,23100,94.556
2013-09-13,94.83,94.83,93.10,94.37,9400,91.643
2013-09-12,94.80,95.16,93.86,94.20,6500,91.478
2013-09-11,95.75,96.01,94.86,95.01,13800,92.265
2013-09-10,93.44,97.39,93.36,95.90,34800,93.129
2013-09-09,92.70,92.74,91.55,92.37,14700,89.701
2013-09-06,92.00,92.50,91.02,91.96,17600,89.303
2013-09-05,91.89,92.12,91.23,91.98,15600,89.322
2013-09-04,92.00,92.29,91.03,92.10,10800,89.439
2013-09-03,91.00,92.56,90.11,91.70,26100,89.05
2013-09-02,91.50,92.59,91.23,92.06,21000,89.40
2013-08-30,91.18,92.00,90.46,91.00,39400,88.371
2013-08-29,92.06,92.09,89.50,91.38,45300,88.74
2013-08-28,93.00,93.01,89.46,91.35,55200,88.71
2013-08-27,95.99,96.25,93.00,93.42,54700,90.721
2013-08-26,96.54,97.99,96.01,96.88,9200,94.081
2013-08-23,98.19,98.23,96.58,96.83,27100,94.032
2013-08-22,97.49,99.39,97.22,98.94,8700,96.081
2013-08-21,96.99,97.71,95.90,97.22,10200,94.411
2013-08-20,96.94,97.90,95.36,97.56,16900,94.741
2013-08-19,98.73,99.06,96.97,97.47,16900,94.654
2013-08-16,99.46,99.60,97.85,99.40,11500,96.528
2013-08-15,99.30,99.44,98.50,99.36,20300,96.489
2013-08-14,97.85,99.49,96.81,99.13,20600,96.266
2013-08-13,98.10,98.11,96.30,97.14,12900,94.333
2013-08-12,97.59,98.33,95.82,97.80,18600,94.974
2013-08-09,99.74,100.35,96.98,98.20,25000,95.362
2013-08-08,99.50,99.50,97.75,99.23,20500,96.363
2013-08-07,96.68,98.83,96.13,98.63,30500,95.78
2013-08-06,95.64,96.58,94.84,96.27,20800,93.488
2013-08-05,96.40,96.40,94.67,95.64,19600,92.876
2013-08-02,96.61,96.97,92.60,95.83,74300,93.061
2013-08-01,99.00,99.50,95.04,97.00,73100,94.197
2013-07-31,99.55,103.00,99.55,101.00,31700,98.082
2013-07-30,101.00,101.45,98.79,99.55,23800,96.673
2013-07-29,104.15,104.60,101.55,101.55,18100,98.616
2013-07-26,103.00,104.70,102.45,102.90,14600,99.927
2013-07-25,105.25,105.25,102.00,103.20,26700,100.218
2013-07-24,103.90,105.00,103.85,104.95,12400,101.917
2013-07-23,103.95,105.00,102.85,103.80,12400,100.801
2013-07-22,103.30,104.30,102.75,103.80,5200,100.801
2013-07-19,103.00,104.70,102.35,104.00,14000,100.995
2013-07-18,102.50,104.20,102.50,103.80,26300,100.801
2013-07-17,101.20,102.55,101.00,102.50,14500,99.538
2013-07-16,101.45,102.45,100.40,102.00,15700,99.053
2013-07-15,101.35,102.85,100.60,101.60,19200,98.664
2013-07-12,99.26,100.90,99.25,100.55,16300,97.645
2013-07-11,97.81,99.41,97.66,99.40,29800,96.528
2013-07-10,98.70,98.84,96.30,97.61,24800,94.79
2013-07-09,100.20,100.20,97.66,98.28,17500,95.44
2013-07-08,99.38,101.05,99.19,99.50,12100,96.625
2013-07-05,101.30,101.30,98.22,99.37,11400,96.499
2013-07-04,100.00,100.75,98.34,100.75,15000,97.839
2013-07-03,100.00,100.05,98.55,99.69,28200,96.809
2013-07-02,106.95,106.95,100.00,100.25,36700,97.353
2013-07-01,105.15,107.45,105.15,106.60,26700,103.52
2013-06-28,104.00,105.90,103.50,105.30,29400,102.257
2013-06-27,102.70,105.15,102.70,104.05,24200,101.043
2013-06-26,99.96,104.30,99.03,103.40,33200,100.412
2013-06-25,96.77,99.60,96.32,99.60,18600,96.722
2013-06-24,101.80,102.05,96.37,96.77,28600,93.974
2013-06-21,101.90,104.25,101.25,101.25,40100,98.324
2013-06-20,102.30,102.70,99.94,102.70,27000,99.732
2013-06-19,105.20,105.55,102.75,104.05,34900,101.043
2013-06-18,100.50,105.55,99.81,105.00,54500,101.966
2013-06-17,99.74,100.55,98.21,100.15,18100,97.256
2013-06-14,97.00,99.13,96.60,99.13,19000,96.266
2013-06-13,97.47,98.09,96.43,96.95,17600,94.149
2013-06-12,99.17,99.17,97.52,98.31,11000,95.469
2013-06-11,98.99,99.80,98.00,98.79,25500,95.935
2013-06-10,99.66,100.50,99.15,99.50,29700,96.625
2013-06-07,97.01,99.01,96.59,98.71,12200,95.858
2013-06-06,96.70,98.00,96.37,97.16,12000,94.353
2013-06-05,96.78,97.44,95.76,96.66,10700,93.867
2013-06-04,95.38,97.97,95.37,96.93,16300,94.129
2013-06-03,97.16,97.19,92.20,94.54,57800,91.808
2013-05-31,98.87,98.87,94.50,96.50,32100,93.712
2013-05-30,98.63,99.08,98.17,98.56,7600,95.712
2013-05-29,99.82,100.00,98.42,99.52,20000,96.644
2013-05-28,98.00,100.00,97.96,99.61,25200,96.732
2013-05-27,96.55,97.79,96.55,97.44,8300,94.624
2013-05-24,97.50,98.05,96.10,96.35,17600,93.566
2013-05-23,98.00,98.85,97.25,97.33,18200,94.518
2013-05-22,98.00,100.80,98.00,100.40,27800,97.499
2013-05-21,97.08,98.43,96.40,98.18,20200,95.343
2013-05-20,99.25,99.25,97.94,97.97,3800,95.139
2013-05-17,98.83,98.83,98.00,98.66,11300,95.809
2013-05-16,100.00,100.00,97.54,98.13,16400,95.294
2013-05-15,101.85,102.20,97.00,99.31,30600,96.44
2013-05-14,100.40,101.60,100.10,101.60,27300,98.664
2013-05-13,99.15,100.50,99.07,100.40,21000,97.499
2013-05-10,99.00,99.50,98.65,99.36,16600,96.489
2013-05-09,98.80,99.23,98.59,99.16,19200,96.295
2013-05-08,98.90,98.90,97.73,98.37,19400,95.528
2013-05-07,97.40,99.40,97.40,98.00,31200,95.168
2013-05-06,97.27,98.90,97.11,98.07,28000,95.236
2013-05-03,96.00,97.50,95.60,97.26,28500,93.556
2013-05-02,93.36,96.10,93.36,95.80,17300,92.152
2013-04-30,95.06,95.06,92.70,93.61,41800,90.045
2013-04-29,94.00,95.21,92.60,94.45,50300,90.853
2013-04-26,96.80,96.80,92.41,93.19,54000,89.641
2013-04-25,97.67,97.67,96.66,96.80,10800,93.114
2013-04-24,97.77,98.00,96.91,97.26,18900,93.556
2013-04-23,94.17,98.11,93.74,98.00,41100,94.268
2013-04-22,94.03,94.40,93.50,94.17,14700,90.584
2013-04-19,92.10,93.65,92.10,93.20,22000,89.651
2013-04-18,94.41,94.49,91.72,92.61,30100,89.083
2013-04-17,97.50,97.74,94.38,94.38,46600,90.786
2013-04-16,98.57,99.19,97.62,98.07,32100,94.335
2013-04-15,100.50,100.50,98.78,99.46,17500,95.672
2013-04-12,101.00,101.00,99.58,100.25,20300,96.432
2013-04-11,99.70,101.50,99.45,100.85,15200,97.009
2013-04-10,99.85,100.00,99.17,99.93,17700,96.125
2013-04-09,98.35,99.69,98.35,99.69,16200,95.894
2013-04-08,98.45,99.75,98.05,98.50,23500,94.749
2013-04-05,100.10,100.10,96.90,98.05,20200,94.316
2013-04-04,99.77,101.65,98.86,99.89,25200,96.086
2013-04-03,101.00,102.00,99.37,99.78,20900,95.98
2013-04-02,100.80,101.40,100.25,100.90,23100,97.058
2013-03-28,99.50,101.05,99.07,100.75,30400,96.913
2013-03-27,98.90,100.40,97.25,98.72,48500,94.961
2013-03-26,100.05,100.45,97.05,98.25,30300,94.509
2013-03-25,98.66,101.45,98.60,99.21,31300,95.432
2013-03-22,100.00,100.75,98.01,98.45,28500,94.701
2013-03-21,99.34,99.44,97.84,99.07,21000,95.297
2013-03-20,97.99,100.45,97.99,100.20,30300,96.384
2013-03-19,100.00,100.00,95.05,97.72,48100,93.999
2013-03-18,99.70,100.10,98.03,99.69,18400,95.894
2013-03-15,102.05,102.10,99.02,100.00,53400,96.192
2013-03-14,99.79,102.70,99.79,102.10,73100,98.212
2013-03-13,95.00,99.36,94.96,99.02,63900,95.249
2013-03-12,97.50,97.56,92.33,94.74,62000,91.132
2013-03-11,95.03,97.10,94.10,96.81,54000,93.123
2013-03-08,91.60,94.99,91.60,94.74,73700,91.132
2013-03-07,93.20,93.45,89.76,91.98,104600,88.477
2013-03-06,96.40,97.51,91.23,93.18,62500,89.632
2013-03-05,97.16,98.10,94.81,96.99,53300,93.296
2013-03-04,96.70,97.65,96.23,97.21,17100,93.508
2013-03-01,97.55,97.79,96.95,97.56,17800,93.845
2013-02-28,96.04,98.36,95.68,97.96,28300,94.23
2013-02-27,95.69,96.00,94.14,95.20,17100,91.575
2013-02-26,96.13,96.64,93.63,95.85,22000,92.20
2013-02-25,98.50,98.99,96.03,96.90,22900,93.21
2013-02-22,96.30,98.79,96.07,97.70,25500,93.979
2013-02-21,95.64,96.51,94.55,95.73,19000,92.084
2013-02-20,96.40,96.41,94.26,95.65,35200,92.008
2013-02-19,97.32,97.96,96.43,96.51,17300,92.835
2013-02-18,98.50,98.99,96.40,97.05,27500,93.354
2013-02-15,97.71,98.40,97.22,98.33,23000,94.585
2013-02-14,97.00,100.45,96.90,97.70,44300,93.979
2013-02-13,94.70,97.86,94.01,96.80,23400,93.114
2013-02-12,94.00,96.00,93.76,94.57,30900,90.969
2013-02-11,94.80,94.80,92.80,94.01,20100,90.43
2013-02-08,94.43,94.80,93.45,94.77,25500,91.161
2013-02-07,93.85,94.47,93.02,93.94,26500,90.363
2013-02-06,92.32,94.41,92.11,93.59,49400,90.026
2013-02-05,90.00,92.04,87.03,91.86,58600,88.362
2013-02-04,93.35,93.50,90.30,90.89,35300,87.429
2013-02-01,90.56,93.39,90.37,92.72,59000,89.189
2013-01-31,90.00,90.50,89.15,90.33,37700,86.89
2013-01-30,89.34,90.30,89.34,90.10,25200,86.669
2013-01-29,91.17,91.64,89.00,90.00,42500,86.573
2013-01-28,90.22,92.13,90.22,91.49,34400,88.006
2013-01-25,89.66,90.34,89.25,90.03,45600,86.602
2013-01-24,88.60,89.80,88.36,89.60,71800,86.188
2013-01-23,86.98,89.24,85.23,88.98,260500,85.592
2013-01-22,81.64,81.74,81.00,81.49,13900,78.387
2013-01-21,80.80,81.50,80.64,81.50,10400,78.396
2013-01-18,80.13,81.50,79.91,80.62,16700,77.55
2013-01-17,78.90,80.45,78.51,80.45,23100,77.386
2013-01-16,79.80,80.20,78.53,79.81,27800,76.771
2013-01-15,81.60,81.60,78.52,79.62,33200,76.588
2013-01-14,82.12,82.40,80.97,81.48,18200,78.377
2013-01-11,81.31,81.90,80.57,81.58,38300,78.473
2013-01-10,80.41,80.65,79.08,80.40,31500,77.338
2013-01-09,79.05,80.74,78.90,80.21,20500,77.155
2013-01-08,78.80,80.00,78.40,79.29,21000,76.271
2013-01-07,78.60,78.85,78.00,78.48,18200,75.491
2013-01-04,77.09,78.57,77.09,78.51,17700,75.52
2013-01-03,76.31,77.75,76.31,77.74,19600,74.78
2013-01-02,77.20,77.50,76.51,76.90,17000,73.972
2012-12-28,76.60,77.20,76.26,76.52,7200,73.606
2012-12-27,75.80,76.66,75.62,76.65,9600,73.731
2012-12-21,75.90,76.50,75.02,76.15,31500,73.25
2012-12-20,75.21,76.54,74.95,76.29,10600,73.385
2012-12-19,74.90,76.19,74.90,75.48,15300,72.606
2012-12-18,74.60,76.20,74.48,75.34,24600,72.471
2012-12-17,76.55,76.55,74.56,74.86,19600,72.009
2012-12-14,76.48,76.51,76.14,76.32,11700,73.414
2012-12-13,76.15,76.59,76.05,76.35,15000,73.442
2012-12-12,76.68,77.00,75.95,76.61,17400,73.693
2012-12-11,75.62,76.34,75.11,76.33,11800,73.423
2012-12-10,75.54,75.86,73.95,75.43,11100,72.558
2012-12-07,76.38,76.38,75.23,75.50,19000,72.625
2012-12-06,75.30,76.90,75.30,76.38,26300,73.471
2012-12-05,75.83,75.85,75.20,75.85,8700,72.962
2012-12-04,75.00,75.95,75.00,75.75,34200,72.865
2012-12-03,74.00,75.49,73.47,74.81,28600,71.961
2012-11-30,73.49,74.00,73.26,74.00,23000,71.182
2012-11-29,71.86,73.79,71.19,73.44,20800,70.643
2012-11-28,72.25,72.44,71.09,71.53,49000,68.806
2012-11-27,71.98,73.13,71.50,72.00,31500,69.258
2012-11-26,71.99,72.44,71.41,72.08,28500,69.335
2012-11-23,71.50,71.90,71.10,71.36,13100,68.643
2012-11-22,70.03,71.49,70.03,71.27,12600,68.556
2012-11-21,70.00,70.21,69.80,70.03,16800,67.363
2012-11-20,70.12,70.70,69.62,70.37,13700,67.69
2012-11-19,70.28,70.28,69.14,70.15,30500,67.479
2012-11-16,70.36,70.36,68.80,69.86,24700,67.20
2012-11-15,70.60,70.60,70.00,70.21,21200,67.536
2012-11-14,71.30,71.40,70.74,71.00,26500,68.296
2012-11-13,71.69,71.90,71.06,71.50,35500,68.777
2012-11-12,73.09,73.10,71.32,71.75,45500,69.018
2012-11-09,72.23,73.20,71.25,72.81,23000,70.037
2012-11-08,72.15,72.32,71.79,72.01,20300,69.268
2012-11-07,72.54,73.33,71.50,71.75,31100,69.018
2012-11-06,71.00,72.57,70.91,72.01,21600,69.268
2012-11-05,72.00,72.00,70.70,71.24,45700,68.527
2012-11-02,73.45,73.45,71.25,71.87,71600,69.133
2012-11-01,75.68,75.68,72.45,73.09,80400,70.307
2012-10-31,74.89,76.10,74.18,75.49,23600,72.615
2012-10-30,74.20,75.51,74.20,74.27,16100,71.442
2012-10-29,74.46,74.46,73.65,74.12,10100,71.297
2012-10-26,74.14,74.48,73.61,74.20,17600,71.374
2012-10-25,73.30,75.00,73.01,74.19,9300,71.365
2012-10-24,74.50,74.64,73.51,73.54,24700,70.739
2012-10-23,76.03,76.35,74.20,74.20,27100,71.374
2012-10-22,76.81,76.81,75.10,75.75,26400,72.865
2012-10-19,77.32,77.32,76.48,76.63,8400,73.712
2012-10-18,77.65,77.94,76.48,77.21,22900,74.27
2012-10-17,78.85,78.99,77.00,77.00,22100,74.068
2012-10-16,78.30,79.06,78.15,78.66,26200,75.665
2012-10-15,77.60,78.77,77.60,78.15,40100,75.174
2012-10-12,77.47,77.79,77.14,77.60,38900,74.645
2012-10-11,77.90,78.00,77.04,77.37,37300,74.424
2012-10-10,78.42,78.70,76.78,78.26,37700,75.28
2012-10-09,80.00,80.00,78.65,78.97,24500,75.963
2012-10-08,79.23,79.92,78.95,79.85,18800,76.809
2012-10-05,79.75,80.44,79.01,79.14,24900,76.126
2012-10-04,78.00,79.95,77.71,79.55,32100,76.521
2012-10-03,77.75,78.16,77.75,77.79,13200,74.828
2012-10-02,77.50,77.90,77.12,77.56,14200,74.606
2012-10-01,77.18,77.95,76.83,77.39,19200,74.443
2012-09-28,77.30,78.00,76.87,77.13,25900,74.193
2012-09-27,77.24,77.50,76.62,76.90,16200,73.972
2012-09-26,77.00,78.50,76.28,76.91,38600,73.981
2012-09-25,75.30,77.66,75.30,77.20,25900,74.26
2012-09-24,75.87,75.87,75.10,75.64,17600,72.76
2012-09-21,75.15,76.44,74.88,75.50,40100,72.625
2012-09-20,74.90,75.50,74.50,75.32,21300,72.452
2012-09-19,73.25,75.61,72.92,75.30,44500,72.432
2012-09-18,71.50,72.82,71.22,72.69,27900,69.922
2012-09-17,72.91,72.92,70.50,72.00,32900,69.258
2012-09-14,72.66,73.45,72.17,72.88,16800,70.105
2012-09-13,72.80,72.95,71.91,72.21,11000,69.46
2012-09-12,73.40,73.40,72.06,73.02,24800,70.239
2012-09-11,72.09,73.49,71.33,73.20,29300,70.412
2012-09-10,73.20,73.20,71.60,71.96,19300,69.22
2012-09-07,73.75,73.75,72.48,72.88,22700,70.105
2012-09-06,72.69,73.90,72.06,73.33,24500,70.537
2012-09-05,72.95,74.00,72.06,73.13,11900,70.345
2012-09-04,74.34,74.79,73.03,73.35,13800,70.557
2012-09-03,74.00,74.06,71.31,74.01,19500,71.192
2012-08-31,74.24,74.99,73.01,73.52,8900,70.72
2012-08-30,74.79,75.60,73.60,73.60,32400,70.797
2012-08-29,74.20,75.73,73.32,74.22,61400,71.394
2012-08-28,71.77,74.49,71.25,73.50,48200,70.701
2012-08-27,71.82,72.50,71.03,71.91,19300,69.172
2012-08-24,70.80,72.70,70.19,71.24,54500,68.527
2012-08-23,70.10,71.94,70.10,70.85,23800,68.152
2012-08-22,71.88,71.88,69.35,70.00,27800,67.334
2012-08-21,71.51,72.30,69.10,71.77,48800,69.037
2012-08-20,72.00,72.85,70.97,71.50,21900,68.777
2012-08-17,71.90,72.82,71.48,72.00,27000,69.258
2012-08-16,71.48,72.78,71.10,71.90,32200,69.162
2012-08-15,72.50,72.50,71.07,71.32,42300,68.604
2012-08-14,70.11,73.00,70.11,72.44,51400,69.681
2012-08-13,71.95,72.77,69.80,70.34,70800,67.661
2012-08-10,71.95,73.80,71.00,71.80,23100,69.066
2012-08-09,72.36,73.00,71.65,72.00,17200,69.258
2012-08-08,74.41,74.71,71.51,72.36,42900,69.604
2012-08-07,76.00,76.27,73.46,73.90,52000,71.086
2012-08-06,75.35,75.95,75.05,75.51,39200,72.634
2012-08-03,74.33,75.39,72.85,74.50,39500,71.663
2012-08-02,77.50,77.50,73.10,74.05,95600,71.23
2012-08-01,79.50,79.95,79.15,79.20,19200,76.184
2012-07-31,79.70,80.74,78.87,79.65,25000,76.617
2012-07-30,79.30,79.40,78.78,78.78,17600,75.78
2012-07-27,78.80,79.87,78.05,79.15,20200,76.136
2012-07-26,77.25,78.28,76.26,77.98,11900,75.01
2012-07-25,76.20,77.00,76.20,76.81,8900,73.885
2012-07-24,77.41,77.41,75.63,76.50,9500,73.587
2012-07-23,78.00,78.73,76.30,76.74,19800,73.818
2012-07-20,78.08,78.87,78.08,78.72,11700,75.722
2012-07-19,80.02,80.02,78.10,78.65,20500,75.655
2012-07-18,78.25,79.91,78.25,79.91,9600,76.867
2012-07-17,78.50,78.78,78.00,78.78,9800,75.78
2012-07-16,79.76,79.76,78.06,78.37,6000,75.386
2012-07-13,79.03,79.89,78.90,79.78,15000,76.742
2012-07-12,77.43,78.71,77.43,78.10,13300,75.126
2012-07-11,78.01,78.01,76.98,77.20,12600,74.26
2012-07-10,77.65,78.20,77.27,78.00,13300,75.03
2012-07-09,78.10,78.10,77.10,77.48,5900,74.529
2012-07-06,79.30,79.50,77.65,77.96,12100,74.991
2012-07-05,80.65,80.65,78.26,79.40,11100,76.376
2012-07-04,80.06,80.60,79.73,80.59,6200,77.521
2012-07-03,80.00,80.15,79.60,80.00,10600,76.953
2012-07-02,78.27,79.95,77.79,79.95,15300,76.905
2012-06-29,78.70,78.70,77.60,77.80,17000,74.837
2012-06-28,78.31,78.31,76.35,77.09,15200,74.154
2012-06-27,77.35,78.08,77.35,78.00,10300,75.03
2012-06-26,77.67,78.54,75.96,77.02,24400,74.087
2012-06-25,79.73,79.73,77.75,78.18,14100,75.203
2012-06-22,81.15,81.23,79.04,79.95,16500,76.905
2012-06-21,82.24,82.70,81.42,81.88,8000,78.762
2012-06-20,81.00,83.07,80.88,82.75,17600,79.599
2012-06-19,80.30,80.81,80.00,80.59,17200,77.521
2012-06-18,79.60,80.57,79.60,80.24,15700,77.184
2012-06-15,79.55,80.10,78.69,79.39,39000,76.367
2012-06-14,80.11,80.44,78.80,80.15,17000,77.098
2012-06-13,80.65,80.83,79.72,80.83,11000,77.752
2012-06-12,79.89,81.37,79.72,80.25,13600,77.194
2012-06-11,81.86,82.10,79.72,80.59,18900,77.521
2012-06-08,81.10,81.11,79.72,80.00,16400,76.953
2012-06-07,77.63,81.75,77.63,81.67,28500,78.56
2012-06-06,78.00,78.00,77.18,77.80,17400,74.837
2012-06-05,78.75,79.19,77.65,77.65,11400,74.693
2012-06-04,79.60,80.12,77.33,78.60,29000,75.607
2012-06-01,82.72,83.05,79.30,80.00,38000,76.953
2012-05-31,82.94,83.00,82.29,82.85,16600,79.695
2012-05-30,83.85,83.85,82.44,83.00,21300,79.839
2012-05-29,82.60,84.17,82.22,83.75,27000,80.561
2012-05-28,83.00,83.00,81.82,82.00,7400,78.877
2012-05-25,82.32,83.00,81.99,82.53,15100,79.387
2012-05-24,83.13,84.48,82.59,82.59,26600,79.445
2012-05-23,81.70,82.91,81.46,82.40,9100,79.262
2012-05-22,81.71,82.44,81.15,82.44,18300,79.301
2012-05-21,82.00,82.48,81.38,81.85,19200,78.733
2012-05-18,82.20,83.11,81.89,82.05,33200,78.925
2012-05-17,82.53,83.05,82.53,82.74,10800,79.589
2012-05-16,82.15,82.75,82.00,82.53,30500,79.387
2012-05-15,81.99,83.05,81.76,82.80,26900,79.647
2012-05-14,83.18,83.25,81.03,81.21,24100,78.117
2012-05-11,83.70,84.98,82.57,83.30,14700,80.128
2012-05-10,84.55,84.90,82.32,83.53,13900,80.349
2012-05-09,82.38,83.88,82.38,83.77,19100,80.58
2012-05-08,84.46,84.82,81.99,82.36,18200,79.224
2012-05-07,85.80,85.80,83.20,84.96,13500,81.725
2012-05-04,86.44,88.70,84.56,86.00,53800,82.542
2012-05-03,85.14,88.18,83.54,87.15,59900,83.646
2012-05-02,85.00,85.87,83.38,85.49,64000,82.053
2012-04-30,83.92,87.23,81.11,85.00,49400,81.582
2012-04-27,82.31,84.38,82.31,84.27,17300,80.882
2012-04-26,82.44,83.00,81.95,82.89,24300,79.557
2012-04-25,82.36,82.98,81.25,82.00,23600,78.703
2012-04-24,81.86,82.43,81.03,81.78,24700,78.492
2012-04-23,82.21,82.74,81.17,81.30,22700,78.031
2012-04-20,82.94,83.57,81.34,82.98,39900,79.644
2012-04-19,82.50,84.91,81.01,82.54,75000,79.221
2012-04-18,82.71,83.00,80.50,81.56,34500,78.281
2012-04-17,81.85,83.60,81.11,83.45,42400,80.095
2012-04-16,82.77,83.40,81.50,82.27,33900,78.962
2012-04-13,83.25,84.19,82.80,83.38,17600,80.028
2012-04-12,82.84,83.87,82.81,83.70,26200,80.335
2012-04-11,82.40,83.00,81.85,82.70,21300,79.375
2012-04-10,81.61,83.12,80.94,82.70,55200,79.375
2012-04-05,81.72,81.84,80.00,81.82,83800,78.53
2012-04-04,81.52,82.48,79.00,81.08,65100,77.82
2012-04-03,84.00,84.00,82.18,82.55,41300,79.231
2012-04-02,84.04,85.10,83.22,83.50,46900,80.143
2012-03-30,82.70,84.36,82.57,84.00,25300,80.623
2012-03-29,83.05,83.79,82.66,83.21,46100,79.864
2012-03-28,83.05,83.35,82.82,83.22,41100,79.874
2012-03-27,83.00,83.50,82.50,83.05,31400,79.711
2012-03-26,82.30,83.14,82.00,82.75,19600,79.423
2012-03-23,80.80,82.45,80.79,82.45,44500,79.135
2012-03-22,81.00,81.93,80.00,80.70,37300,77.455
2012-03-21,79.82,81.37,79.30,80.61,134900,77.369
2012-03-20,84.39,84.39,78.12,79.50,197500,76.304
2012-03-19,85.32,85.33,83.70,84.30,31200,80.911
2012-03-16,85.55,87.91,84.87,85.95,48100,82.494
2012-03-15,84.64,85.23,83.19,85.23,33700,81.803
2012-03-14,84.60,86.10,82.96,84.02,34000,80.642
2012-03-13,83.76,84.90,83.44,84.58,23700,81.179
2012-03-12,83.80,84.26,83.25,83.84,11700,80.469
2012-03-09,81.90,83.99,81.87,83.91,18000,80.536
2012-03-08,82.39,82.96,81.62,82.34,19300,79.029
2012-03-07,79.77,82.25,79.50,81.68,32800,78.396
2012-03-06,82.87,82.87,78.78,80.68,57800,77.436
2012-03-05,82.00,83.46,81.70,82.40,21400,79.087
2012-03-02,82.00,82.49,81.57,81.57,14500,78.29
2012-03-01,82.40,82.51,81.63,81.94,25800,78.645
2012-02-29,82.03,82.69,81.89,82.38,31700,79.068
2012-02-28,82.50,82.55,81.45,82.00,54200,78.703
2012-02-27,82.50,83.40,81.53,81.89,29500,78.597
2012-02-24,83.46,83.59,81.95,82.09,29700,78.789
2012-02-23,82.57,83.43,81.25,81.62,61100,78.338
2012-02-22,81.77,84.79,81.54,83.07,83400,79.73
2012-02-21,82.50,83.45,80.56,80.82,57800,77.571
2012-02-20,80.00,82.68,80.00,82.02,55300,78.722
2012-02-17,78.64,80.09,77.91,80.09,45100,76.87
2012-02-16,77.00,78.14,75.64,78.00,52300,74.864
2012-02-15,75.00,78.00,75.00,77.00,90500,73.904
2012-02-14,75.00,76.28,73.09,75.17,65600,72.148
2012-02-13,72.52,75.00,70.81,74.83,58400,71.821
2012-02-10,74.00,74.95,71.81,72.56,52300,69.643
2012-02-09,73.50,75.01,73.31,73.62,46500,70.66
2012-02-08,69.77,72.98,69.52,72.00,55500,69.105
2012-02-07,68.35,69.76,67.80,69.76,13700,66.955
2012-02-06,67.81,68.43,67.00,68.26,28100,65.516
2012-02-03,68.95,69.50,68.21,68.25,32300,65.506
2012-02-02,68.25,68.50,67.03,68.50,29900,65.746
2012-02-01,67.62,68.35,67.20,68.00,32600,65.266
2012-01-31,67.10,68.53,67.00,67.95,20100,65.218
2012-01-30,67.13,67.13,66.01,66.40,9100,63.73
2012-01-27,67.00,67.08,65.61,67.08,23600,64.383
2012-01-26,66.84,67.60,66.54,67.15,26400,64.45
2012-01-25,66.79,67.32,65.42,66.25,16900,63.586
2012-01-24,66.99,67.78,66.02,66.40,22500,63.73
2012-01-23,67.09,68.71,65.13,67.95,24500,65.218
2012-01-20,68.50,69.09,66.37,66.54,33800,63.865
2012-01-19,67.50,69.00,66.13,69.00,30100,66.226
2012-01-18,67.00,67.75,64.90,67.75,37900,65.026
2012-01-17,64.07,67.08,63.70,66.70,59500,64.018
2012-01-16,64.04,64.51,63.20,63.55,30600,60.995
2012-01-13,65.75,66.02,63.43,64.60,18800,62.003
2012-01-12,67.04,67.90,63.76,65.40,70700,62.77
2012-01-11,67.40,68.98,66.60,67.15,14200,64.45
2012-01-10,66.70,67.45,66.50,66.60,14700,63.922
2012-01-09,67.35,67.45,66.15,67.24,15100,64.537
2012-01-06,66.50,67.06,65.51,66.84,23900,64.153
2012-01-05,67.00,67.00,66.00,66.50,8500,63.826
2012-01-04,66.17,68.69,66.17,66.68,18100,63.999
2012-01-03,63.60,66.78,63.60,66.78,29500,64.095
2012-01-02,63.25,63.54,62.90,63.14,4300,60.601
2011-12-30,62.70,63.49,62.41,62.70,8000,60.179
2011-12-29,61.50,63.25,61.48,62.74,13100,60.217
2011-12-28,61.29,61.73,60.44,61.46,7000,58.989
2011-12-27,62.46,62.99,61.37,61.37,7600,58.903
2011-12-23,61.92,63.20,61.12,62.69,21300,60.169
2011-12-22,62.42,62.48,61.32,62.48,11800,59.968
2011-12-21,63.00,63.19,61.10,61.87,16200,59.382
2011-12-20,61.91,62.99,61.09,62.70,9500,60.179
2011-12-19,62.00,62.60,60.58,61.42,14300,58.951
2011-12-16,62.00,62.25,61.60,62.00,15500,59.507
2011-12-15,62.61,62.61,61.49,61.99,19300,59.498
2011-12-14,63.96,64.45,61.64,61.92,14000,59.43
2011-12-13,62.84,63.95,62.80,63.95,8500,61.379
2011-12-12,64.13,64.44,62.22,62.22,10000,59.718
2011-12-09,62.20,64.71,62.15,64.71,24100,62.108
2011-12-08,63.68,64.10,61.96,62.00,23000,59.507
2011-12-07,64.87,64.99,63.15,63.99,23500,61.417
2011-12-06,66.50,66.50,64.30,64.30,14800,61.715
2011-12-05,68.14,68.20,65.49,66.25,14600,63.586
2011-12-02,66.34,67.35,66.20,67.34,4500,64.632
2011-12-01,67.54,67.99,64.83,66.00,21200,63.346
2011-11-30,65.41,67.98,64.90,67.96,30000,65.228
2011-11-29,66.50,66.50,65.55,66.00,26200,63.346
2011-11-28,64.80,67.37,64.40,66.52,17300,63.845
2011-11-25,65.88,66.17,63.67,64.34,20500,61.753
2011-11-24,64.27,66.35,64.08,65.88,18900,63.231
2011-11-23,64.00,64.80,62.18,64.39,28600,61.801
2011-11-22,67.25,67.25,65.17,65.17,22000,62.55
2011-11-21,67.55,68.00,66.50,66.50,19600,63.826
2011-11-18,69.27,69.63,67.74,68.00,13600,65.266
2011-11-17,70.35,70.50,69.00,69.50,12600,66.706
2011-11-16,69.34,70.50,68.84,70.44,9000,67.608
2011-11-15,70.25,70.35,68.75,69.07,14900,66.293
2011-11-14,70.39,70.50,69.82,70.03,15200,67.214
2011-11-11,69.36,70.00,68.46,69.42,14600,66.629
2011-11-10,66.59,68.44,66.59,68.01,27000,65.276
2011-11-09,69.02,69.10,66.62,67.56,22300,64.844
2011-11-08,67.50,69.94,67.15,68.55,39300,65.794
2011-11-07,67.29,69.17,66.07,66.83,54600,64.143
2011-11-04,71.00,71.49,67.05,67.10,65000,64.402
2011-11-03,70.15,71.22,68.00,70.42,53200,67.589
2011-11-02,70.07,71.63,70.00,70.95,55600,68.097
2011-11-01,73.89,74.16,69.02,69.10,69200,66.322
2011-10-31,78.05,78.98,75.75,75.92,26900,72.868
2011-10-28,80.00,80.00,78.07,78.18,13200,75.037
2011-10-27,81.40,81.40,78.20,79.77,13600,76.563
2011-10-26,77.19,79.19,76.53,78.95,16400,75.776
2011-10-25,79.63,81.23,76.26,76.77,35800,73.683
2011-10-24,80.72,81.99,79.40,80.79,13700,77.542
2011-10-21,77.75,81.35,77.75,80.89,16600,77.638
2011-10-20,79.00,80.30,76.67,78.12,23400,74.979
2011-10-19,79.70,82.50,78.41,80.00,19700,76.783
2011-10-18,76.70,80.00,75.35,80.00,29900,76.783
2011-10-17,80.50,82.15,77.06,77.70,26900,74.576
2011-10-14,79.49,81.68,77.59,81.04,32000,77.782
2011-10-13,79.80,81.38,78.14,79.25,27400,76.064
2011-10-12,79.10,81.67,77.05,79.73,42200,76.524
2011-10-11,79.60,80.70,78.05,79.75,29700,76.544
2011-10-10,79.50,80.00,78.14,79.51,25600,76.313
2011-10-07,79.50,80.09,77.40,78.70,27600,75.536
2011-10-06,76.25,81.45,75.80,79.55,78200,76.352
2011-10-05,72.85,77.74,70.94,75.03,63200,72.013
2011-10-04,69.95,71.48,66.67,71.48,57900,68.606
2011-10-03,71.50,71.90,69.00,70.07,15400,67.253
2011-09-30,75.46,76.11,72.00,72.00,32500,69.105
2011-09-29,76.54,77.70,73.18,76.18,36300,73.117
2011-09-28,76.57,77.90,74.36,76.36,26100,73.29
2011-09-27,73.50,75.90,73.50,75.35,21900,72.32
2011-09-26,70.89,72.97,68.35,72.00,35100,69.105
2011-09-23,74.39,74.70,70.81,72.25,46100,69.345
2011-09-22,76.20,76.55,73.85,74.54,46700,71.543
2011-09-21,77.44,79.79,76.90,78.01,38400,74.873
2011-09-20,74.24,77.30,72.76,76.76,36300,73.674
2011-09-19,74.00,74.00,70.38,73.39,22800,70.439
2011-09-16,72.07,74.69,71.70,73.36,73800,70.41
2011-09-15,71.20,73.61,69.55,71.34,36500,68.472
2011-09-14,67.50,72.00,65.41,71.16,38200,68.299
2011-09-13,67.39,67.99,65.02,67.14,32600,64.441
2011-09-12,67.14,67.14,65.56,66.00,25600,63.346
2011-09-09,69.90,69.90,67.02,67.06,15000,64.364
2011-09-08,69.05,70.69,67.45,69.45,16500,66.658
2011-09-07,66.53,69.30,66.53,68.50,18200,65.746
2011-09-06,65.05,66.50,65.05,66.50,26500,63.826
2011-09-05,67.10,69.00,65.05,65.70,17600,63.058
2011-09-02,68.60,69.46,67.18,68.10,13200,65.362
2011-09-01,70.00,70.09,68.20,70.00,19400,67.186
2011-08-31,68.72,69.81,67.65,69.81,24000,67.003
2011-08-30,67.94,69.85,67.30,67.81,33400,65.084
2011-08-29,66.00,67.28,65.80,67.28,16000,64.575
2011-08-26,68.99,68.99,63.62,65.04,32800,62.425
2011-08-25,68.12,70.13,67.11,68.47,31700,65.717
2011-08-24,67.90,68.18,66.15,67.36,20600,64.652
2011-08-23,65.03,67.89,65.03,66.59,15500,63.913
2011-08-22,66.05,68.06,65.26,65.70,28600,63.058
2011-08-19,68.40,68.64,65.50,67.15,33200,64.45
2011-08-18,67.73,69.96,67.66,69.96,44900,67.147
2011-08-17,69.80,69.80,67.33,68.74,47000,65.976
2011-08-16,69.50,69.94,68.00,69.19,24700,66.408
2011-08-15,70.66,71.00,69.85,70.00,32400,67.186
2011-08-12,68.00,69.92,66.65,69.40,58400,66.61
2011-08-11,66.00,68.59,65.42,67.60,76100,64.882
2011-08-10,68.00,69.00,64.37,64.37,99800,61.782
2011-08-09,66.21,67.14,63.00,65.40,85200,62.77
2011-08-08,69.49,69.50,65.87,66.00,62800,63.346
2011-08-05,68.11,73.55,65.55,70.40,110100,67.569
2011-08-04,83.50,84.40,73.32,73.69,81200,70.727
2011-08-03,84.85,87.10,84.00,84.00,44400,80.623
2011-08-02,85.90,86.42,85.00,86.35,26600,82.878
2011-08-01,87.50,88.59,86.45,86.45,18700,82.974
2011-07-29,85.20,87.04,84.05,86.39,19100,82.917
2011-07-28,85.56,86.09,85.20,85.67,7300,82.226
2011-07-27,87.00,87.00,85.86,86.32,13300,82.849
2011-07-26,87.83,87.83,86.14,87.00,19300,83.502
2011-07-25,85.47,87.28,85.47,86.85,12100,83.358
2011-07-22,88.25,88.48,85.47,85.47,17600,82.034
2011-07-21,87.08,87.93,85.78,87.48,14400,83.963
2011-07-20,88.90,89.03,86.19,86.36,41000,82.888
2011-07-19,82.00,90.00,81.57,89.30,151300,85.71
2011-07-18,80.00,81.97,80.00,81.59,25400,78.31
2011-07-15,80.05,81.00,80.01,80.67,13900,77.427
2011-07-14,78.99,81.21,78.73,80.78,29000,77.532
2011-07-13,75.50,79.13,75.50,78.82,22500,75.651
2011-07-12,77.50,77.90,75.11,76.05,45500,72.992
2011-07-11,80.29,80.49,76.55,77.88,39200,74.749
2011-07-08,82.75,82.76,81.00,81.05,13700,77.791
2011-07-07,82.00,83.00,81.17,82.50,17100,79.183
2011-07-06,81.98,82.97,80.64,81.89,33400,78.597
2011-07-05,78.99,82.45,77.58,81.55,55700,78.271
2011-07-04,77.01,79.68,77.01,78.60,17900,75.44
2011-07-01,77.00,77.60,77.00,77.05,22900,73.952
2011-06-30,75.98,77.34,75.27,77.00,18500,73.904
2011-06-29,74.01,75.87,73.95,75.87,14700,72.82
2011-06-28,73.71,74.40,73.71,74.20,10400,71.217
2011-06-27,74.70,75.64,73.65,74.06,28700,71.082
2011-06-24,75.30,75.75,74.39,74.63,18700,71.629
2011-06-23,74.50,75.79,73.92,74.73,21200,71.725
2011-06-22,73.50,75.89,73.50,75.00,20000,71.985
2011-06-21,73.08,73.46,72.50,73.29,7200,70.343
2011-06-20,71.21,72.90,71.20,72.50,11100,69.585
2011-06-17,71.48,72.45,71.00,72.40,25400,69.489
2011-06-16,72.00,72.25,70.55,72.05,28400,69.153
2011-06-15,72.40,72.90,71.96,72.11,42500,69.211
2011-06-14,73.39,74.19,73.16,73.38,10200,70.43
2011-06-13,72.50,73.66,72.40,72.75,10100,69.825
2011-06-10,74.50,74.50,72.57,72.57,15500,69.652
2011-06-09,74.21,74.65,73.56,74.35,17500,71.361
2011-06-08,78.09,78.09,74.38,74.38,28400,71.389
2011-06-07,79.50,80.60,77.81,77.82,45700,74.691
2011-06-06,77.41,79.10,76.40,78.87,26300,75.699
2011-06-03,78.16,78.85,77.15,77.15,6300,74.048
2011-06-02,78.91,78.91,78.25,78.25,3400,75.104
2011-06-01,79.25,80.33,78.91,79.66,22100,76.457
2011-05-31,79.29,80.88,79.15,79.78,33100,76.572
2011-05-30,78.77,79.50,77.93,79.29,20700,76.102
2011-05-27,78.66,79.48,76.94,77.77,25100,74.643
2011-05-26,79.16,80.89,77.23,78.64,36500,75.478
2011-05-25,74.95,80.00,73.51,79.75,87800,76.544
2011-05-24,72.97,75.46,72.05,74.60,45500,71.601
2011-05-23,72.50,73.29,71.88,73.02,26400,70.084
2011-05-20,71.30,72.70,71.17,72.70,13900,69.777
2011-05-19,71.40,71.56,70.04,71.00,22100,68.145
2011-05-18,71.89,72.54,71.11,71.15,13400,68.289
2011-05-17,73.00,73.17,71.45,71.45,24300,68.577
2011-05-16,72.28,72.60,71.06,72.30,12000,69.393
2011-05-13,71.55,72.90,71.55,72.41,7200,69.499
2011-05-12,72.50,72.60,71.44,72.10,12800,69.201
2011-05-11,72.70,72.70,72.00,72.00,6800,69.105
2011-05-10,71.99,73.70,71.16,72.70,27200,69.777
2011-05-09,72.21,72.49,71.02,71.50,19400,68.625
2011-05-06,72.26,73.50,71.95,73.50,14600,69.403
2011-05-05,72.79,73.00,72.30,72.68,21600,68.628
2011-05-04,70.80,72.53,70.67,72.25,31000,68.222
2011-05-03,72.50,72.78,70.00,70.26,30900,66.343
2011-05-02,70.91,72.67,70.17,72.50,40600,68.458
2011-04-29,70.02,70.79,69.90,70.70,15400,66.759
2011-04-28,70.01,70.72,70.01,70.60,19900,66.664
2011-04-27,70.78,70.79,69.89,70.76,10700,66.815
2011-04-26,68.80,70.45,68.80,70.35,13200,66.428
2011-04-21,68.94,70.61,68.65,69.50,20200,65.626
2011-04-20,69.00,69.38,68.75,69.38,9900,65.512
2011-04-19,68.60,68.99,67.98,68.92,11900,65.078
2011-04-18,69.08,69.11,67.36,68.44,8000,64.625
2011-04-15,68.40,69.49,68.33,69.49,8200,65.616
2011-04-14,67.80,68.80,67.68,68.60,12900,64.776
2011-04-13,67.00,68.60,66.96,68.40,10400,64.587
2011-04-12,67.39,67.90,67.15,67.62,10700,63.85
2011-04-11,67.86,68.36,67.50,68.00,13800,64.209
2011-04-08,67.80,68.50,67.55,68.05,31500,64.256
2011-04-07,68.00,68.54,67.05,68.20,22400,64.398
2011-04-06,67.40,68.00,67.40,68.00,15700,64.209
2011-04-05,68.19,68.19,66.56,68.00,15600,64.209
2011-04-04,68.50,68.61,67.84,68.20,15000,64.398
2011-04-01,68.31,68.70,67.25,68.48,10500,64.663
2011-03-31,66.80,69.00,66.79,68.53,44700,64.71
2011-03-30,66.65,67.34,66.25,67.00,21600,63.265
2011-03-29,66.99,67.00,66.21,66.70,7500,62.982
2011-03-28,66.20,66.98,66.10,66.86,15900,63.133
2011-03-25,66.97,66.97,66.11,66.51,16400,62.802
2011-03-24,65.20,66.85,64.77,66.85,27700,63.123
2011-03-23,64.56,65.64,64.23,65.33,18000,61.688
2011-03-22,64.98,65.42,64.40,64.96,28200,61.339
2011-03-21,63.59,65.74,63.27,65.39,29600,61.745
2011-03-18,63.00,63.66,62.80,63.03,47000,59.516
2011-03-17,61.62,63.83,61.08,61.78,73100,58.336
2011-03-16,57.20,61.52,57.01,60.07,41600,56.721
2011-03-15,60.50,60.50,55.40,57.05,66700,53.87
2011-03-14,59.93,61.40,59.20,60.88,26600,57.486
2011-03-11,62.00,62.20,60.46,60.97,27300,57.571
2011-03-10,64.29,64.29,63.00,63.00,24500,59.488
2011-03-09,64.37,64.45,63.43,64.30,21500,60.716
2011-03-08,64.45,64.49,63.87,64.31,26000,60.725
2011-03-07,63.26,64.47,62.63,64.32,20400,60.734
2011-03-04,63.35,64.70,62.34,63.73,47100,60.177
2011-03-03,60.42,63.37,59.81,63.18,56000,59.658
2011-03-02,59.79,60.99,59.06,60.99,19800,57.59
2011-03-01,59.90,61.48,59.12,60.20,36000,56.844
2011-02-28,59.30,59.60,58.97,59.38,50500,56.07
2011-02-25,59.00,59.75,58.92,59.09,23800,55.796
2011-02-24,59.61,59.66,58.64,59.05,21800,55.758
2011-02-23,60.60,61.49,59.52,59.66,26100,56.334
2011-02-22,60.17,60.17,59.20,60.12,11600,56.769
2011-02-21,59.99,61.12,59.99,60.71,13400,57.326
2011-02-18,59.00,60.68,59.00,60.31,29300,56.948
2011-02-17,58.70,59.20,58.38,58.90,33100,55.617
2011-02-16,59.05,59.40,58.32,58.32,17700,55.069
2011-02-15,59.99,59.99,58.82,59.00,10400,55.711
2011-02-14,59.50,60.31,59.28,59.88,25600,56.542
2011-02-11,59.99,59.99,59.14,59.49,4000,56.174
2011-02-10,59.96,59.96,59.19,59.73,13000,56.40
2011-02-09,60.50,60.50,59.50,59.50,14200,56.183
2011-02-08,59.72,60.82,59.59,60.43,22000,57.061
2011-02-07,60.00,60.21,59.62,59.99,19500,56.646
2011-02-04,61.00,61.50,58.70,59.79,31000,56.457
2011-02-03,59.61,60.82,59.32,60.82,22100,57.43
2011-02-02,59.48,60.00,59.10,60.00,32300,56.655
2011-02-01,57.75,59.59,57.75,59.10,37700,55.805
2011-01-31,57.11,57.88,56.87,57.57,19800,54.361
2011-01-28,57.60,57.66,57.35,57.56,39000,54.351
2011-01-27,58.00,58.21,57.20,57.29,31000,54.096
2011-01-26,58.51,59.60,57.53,57.74,75400,54.521
2011-01-25,58.34,58.72,57.84,58.40,38900,55.144
2011-01-24,58.35,58.84,57.75,57.80,22500,54.578
2011-01-21,59.00,59.11,58.11,58.40,16000,55.144
2011-01-20,60.00,60.49,58.22,58.55,34300,55.286
2011-01-19,62.25,62.25,59.80,59.80,61200,56.466
2011-01-18,63.40,63.98,62.00,62.10,37100,58.638
2011-01-17,62.25,63.84,61.90,63.37,23700,59.837
2011-01-14,63.40,63.50,61.12,61.70,113900,58.26
2011-01-13,63.16,63.67,62.00,63.64,24100,60.092
2011-01-12,62.95,63.88,62.82,63.30,23400,59.771
2011-01-11,63.08,63.46,62.85,63.01,11800,59.497
2011-01-10,63.00,63.35,63.00,63.08,10300,59.564
2011-01-07,63.46,63.46,62.99,63.18,21000,59.658
2011-01-06,63.40,64.18,63.10,63.90,22200,60.338
2011-01-05,63.49,63.49,62.60,63.20,18500,59.677
2011-01-04,63.00,63.50,62.98,63.00,35000,59.488
2011-01-03,61.97,63.80,61.65,63.00,17400,59.488
2010-12-30,63.41,63.69,60.96,61.40,19400,57.977
2010-12-29,62.77,63.83,62.76,63.40,15700,59.866
2010-12-28,63.20,63.52,63.12,63.20,9000,59.677
2010-12-27,65.00,65.00,62.91,63.35,22300,59.818
2010-12-23,65.21,65.37,64.76,65.05,11700,61.424
2010-12-22,65.40,65.80,64.79,65.80,15700,62.132
2010-12-21,65.02,65.50,64.50,65.50,31100,61.849
2010-12-20,65.48,65.50,64.70,65.50,22400,61.849
2010-12-17,64.90,65.19,64.20,64.84,31000,61.225
2010-12-16,64.25,66.81,64.13,64.78,84200,61.169
2010-12-15,62.35,65.50,61.82,64.22,97200,60.64
2010-12-14,62.11,62.50,61.45,62.50,16800,59.016
2010-12-13,61.80,62.47,61.80,62.25,15300,58.78
2010-12-10,61.25,61.95,60.82,61.80,20200,58.355
2010-12-09,60.86,62.90,60.51,61.29,116200,57.873
2010-12-08,58.10,61.70,57.55,61.30,65500,57.883
2010-12-07,56.61,58.00,55.44,58.00,51200,54.767
2010-12-06,57.00,57.26,56.05,57.00,36600,53.822
2010-12-03,58.00,58.12,57.27,57.27,20400,54.077
2010-12-02,57.45,58.18,57.09,58.04,29500,54.805
2010-12-01,56.85,57.73,56.25,57.45,26400,54.247
2010-11-30,55.82,57.13,55.82,56.60,38800,53.445
2010-11-29,56.11,56.70,55.75,56.00,23100,52.878
2010-11-26,55.12,57.12,54.29,56.15,60200,53.02
2010-11-25,57.31,57.98,54.18,55.30,117600,52.217
2010-11-24,56.55,57.78,56.21,57.41,35700,54.21
2010-11-23,58.00,58.06,56.21,56.90,36400,53.728
2010-11-22,59.09,59.09,58.23,58.35,15800,55.097
2010-11-19,58.60,58.97,58.11,58.75,14500,55.475
2010-11-18,57.86,59.40,57.86,58.74,22000,55.465
2010-11-17,57.25,58.80,57.10,57.99,19800,54.757
2010-11-16,58.78,59.40,57.72,57.72,28200,54.502
2010-11-15,57.48,59.70,56.97,59.59,32100,56.268
2010-11-12,57.95,57.95,56.60,57.25,42300,54.059
2010-11-11,59.40,60.23,57.54,58.24,44000,54.993
2010-11-10,60.40,60.51,59.11,59.90,54100,56.561
2010-11-09,58.45,60.45,58.42,60.29,61400,56.929
2010-11-08,59.15,59.15,58.09,58.40,30700,55.144
2010-11-05,59.90,60.50,57.80,58.85,105900,55.569
2010-11-04,63.50,63.50,58.65,59.20,245200,55.90
2010-11-03,62.06,64.10,62.06,63.72,48800,60.168
2010-11-02,62.20,63.10,61.35,62.48,39600,58.997
2010-11-01,60.50,62.00,60.31,61.80,63200,58.355
2010-10-29,60.00,61.20,59.61,60.25,50200,56.891
2010-10-28,57.60,59.99,57.60,59.79,62500,56.457
2010-10-27,59.34,59.34,57.63,57.63,37900,54.417
2010-10-26,57.68,59.40,57.44,59.40,68500,56.089
2010-10-25,58.51,58.51,56.06,57.64,125700,54.427
2010-10-22,61.46,61.46,58.10,58.32,105400,55.069
2010-10-21,61.50,61.99,61.00,61.16,35800,57.751
2010-10-20,59.75,61.89,59.50,60.60,77200,57.222
2010-10-19,63.55,64.00,59.00,59.00,101300,55.711
2010-10-18,62.99,63.95,61.45,63.58,40300,60.036
2010-10-15,63.90,65.56,62.22,62.60,58300,59.11
2010-10-14,66.32,66.55,63.53,63.84,61800,60.281
2010-10-13,67.95,71.20,64.33,65.71,100100,62.047
2010-10-12,67.50,67.93,65.35,67.93,21100,64.143
2010-10-11,66.41,67.92,66.35,67.78,34800,64.002
2010-10-08,66.39,66.66,65.41,65.80,15600,62.132
2010-10-07,64.59,66.40,64.00,66.10,18200,62.415
2010-10-06,66.80,67.00,63.60,64.79,35600,61.178
2010-10-05,66.70,67.10,65.47,66.86,14700,63.133
2010-10-04,67.98,67.98,66.02,66.87,17000,63.142
2010-10-01,67.02,67.99,65.50,67.45,18000,63.69
2010-09-30,66.95,67.60,66.27,67.01,16200,63.274
2010-09-29,68.08,68.08,66.01,67.00,45500,63.265
2010-09-28,66.00,68.96,65.65,67.58,50500,63.813
2010-09-27,65.55,66.50,65.55,66.16,19700,62.472
2010-09-24,64.64,66.29,64.19,65.60,34200,61.943
2010-09-23,64.57,64.57,62.49,64.54,24500,60.942
2010-09-22,63.28,64.72,62.21,63.86,34700,60.30
2010-09-21,63.98,63.98,62.50,63.30,20000,59.771
2010-09-20,64.16,64.32,63.10,63.93,11500,60.366
2010-09-17,64.26,65.01,63.71,63.94,43800,60.376
2010-09-16,64.16,64.37,63.50,64.00,12400,60.432
2010-09-15,64.75,64.75,61.99,64.05,20200,60.479
2010-09-14,64.78,65.00,64.21,64.65,20700,61.046
2010-09-13,64.00,64.79,63.70,64.45,22400,60.857
2010-09-10,63.52,64.40,63.30,63.85,17200,60.291
2010-09-09,63.55,63.78,63.06,63.48,10900,59.941
2010-09-08,62.93,63.70,62.90,63.70,11300,60.149
2010-09-07,63.24,63.50,62.50,63.50,21500,59.96
2010-09-06,62.41,63.25,62.10,63.25,11200,59.724
2010-09-03,62.00,62.41,61.00,62.10,39100,58.638
2010-09-02,61.53,61.75,61.30,61.71,21500,58.27
2010-09-01,61.70,61.70,60.10,61.30,39100,57.883
2010-08-31,59.90,61.91,59.29,61.91,36000,58.459
2010-08-30,60.18,60.50,59.85,60.47,18900,57.099
2010-08-27,58.50,60.52,57.31,59.24,38400,55.938
2010-08-26,57.50,58.40,57.50,58.30,32400,55.05
2010-08-25,58.19,58.50,57.18,57.37,18700,54.172
2010-08-24,59.83,59.83,57.15,58.20,55200,54.956
2010-08-23,59.35,60.57,59.15,59.90,23400,56.561
2010-08-20,61.50,61.50,59.50,59.50,29200,56.183
2010-08-19,63.07,63.62,60.87,61.00,31800,57.599
2010-08-18,64.40,64.40,62.60,63.24,22700,59.715
2010-08-17,63.00,64.00,62.01,64.00,32100,60.432
2010-08-16,61.90,62.94,60.81,62.43,25100,58.95
2010-08-13,61.30,62.00,60.33,60.75,26400,57.363
2010-08-12,61.40,61.80,60.51,60.90,29900,57.505
2010-08-11,62.98,63.79,61.00,61.85,78200,58.402
2010-08-10,64.00,66.47,63.00,64.15,69900,60.574
2010-08-09,61.70,64.75,61.70,63.79,79400,60.234
2010-08-06,61.70,61.74,60.00,61.00,71100,57.599
2010-08-05,56.60,63.81,56.30,63.00,233100,59.488
2010-08-04,54.31,56.40,54.31,56.40,56600,53.256
2010-08-03,54.14,54.45,53.06,53.61,12900,50.621
2010-08-02,52.15,53.89,52.12,53.89,31200,50.886
2010-07-30,51.99,52.15,50.96,51.80,14600,48.912
2010-07-29,51.14,52.03,51.12,51.62,8800,48.742
2010-07-28,51.27,52.13,51.13,51.40,15600,48.535
2010-07-27,52.91,52.91,51.02,51.05,25400,48.204
2010-07-26,53.13,53.59,52.15,52.91,23100,49.96
2010-07-23,53.75,54.30,52.55,52.70,34300,49.762
2010-07-22,52.75,54.60,52.36,53.83,72500,50.829
2010-07-21,51.50,53.50,50.77,52.77,40000,49.828
2010-07-20,50.19,51.50,50.19,51.25,52700,48.393
2010-07-19,50.35,50.60,49.75,49.99,21900,47.203
2010-07-16,49.815,50.58,49.815,50.25,21800,47.449
2010-07-15,48.94,50.58,48.905,50.50,33000,47.685
2010-07-14,47.81,49.375,47.81,48.725,31600,46.009
2010-07-13,46.45,47.50,46.16,47.50,12100,44.852
2010-07-12,47.43,47.43,46.255,46.40,16100,43.813
2010-07-09,47.65,48.295,45.42,47.305,48300,44.668
2010-07-08,47.95,47.98,47.345,47.39,14600,44.748
2010-07-07,47.10,47.94,46.43,47.59,20400,44.937
2010-07-06,47.20,47.85,46.975,47.20,32500,44.569
2010-07-05,47.40,47.40,46.62,47.13,18300,44.503
2010-07-02,46.80,48.24,46.74,47.405,53400,44.762
2010-07-01,45.90,47.48,45.56,47.00,75000,44.38
2010-06-30,44.065,47.19,43.80,46.45,149400,43.861
2010-06-29,49.335,49.335,43.50,43.50,202000,41.075
2010-06-28,50.25,51.08,49.015,49.255,31800,46.509
2010-06-25,50.44,50.52,49.60,49.60,13400,46.835
2010-06-24,50.44,50.73,49.85,50.00,23400,47.213
2010-06-23,49.89,51.00,49.52,50.01,63700,47.222
2010-06-22,50.85,51.47,50.10,50.10,46300,47.307
2010-06-21,52.36,53.19,51.04,51.04,98200,48.195
2010-06-18,51.55,51.74,50.50,50.50,57600,47.685
2010-06-17,49.90,52.33,49.23,51.74,140600,48.856
2010-06-16,55.94,57.30,52.80,53.10,118700,50.14
2010-06-15,53.25,56.80,52.79,56.25,146700,53.114
2010-06-14,49.39,54.15,49.39,53.41,158200,50.433
2010-06-11,49.30,49.845,48.05,48.99,21900,46.259
2010-06-10,48.96,50.24,48.235,49.45,35300,46.693
2010-06-09,49.50,50.05,49.03,49.25,29900,46.505
2010-06-08,51.06,51.06,48.15,48.485,23600,45.782
2010-06-07,50.64,52.00,50.40,50.61,48800,47.789
2010-06-04,50.17,51.20,49.255,51.20,31300,48.346
2010-06-03,50.11,50.46,49.695,49.90,9800,47.118
2010-06-02,47.945,49.56,47.605,48.60,18300,45.891
2010-06-01,48.32,48.865,47.29,48.58,16300,45.872
2010-05-31,49.88,50.10,48.51,48.695,16700,45.98
2010-05-28,50.71,51.00,50.10,50.25,14100,47.449
2010-05-27,50.19,50.80,49.42,50.29,17100,47.487
2010-05-26,46.41,49.685,46.40,49.60,33400,46.835
2010-05-25,48.50,48.50,46.19,46.25,31200,43.672
2010-05-24,50.27,50.43,49.655,50.19,8400,47.392
2010-05-21,49.63,49.895,48.54,49.785,30800,47.01
2010-05-20,50.35,51.40,48.795,50.07,39400,47.279
2010-05-19,51.99,51.99,49.75,50.37,21400,47.562
2010-05-18,51.49,52.42,51.38,52.17,30200,49.262
2010-05-17,51.70,51.99,50.56,51.04,36600,48.195
2010-05-14,53.38,53.38,51.36,52.37,37700,49.451
2010-05-13,53.00,53.50,52.76,53.37,19400,50.395
2010-05-12,49.62,53.50,49.50,53.33,56400,50.357
2010-05-11,50.32,50.50,49.005,49.84,51700,47.062
2010-05-10,46.895,51.00,46.895,51.00,59500,48.157
2010-05-07,45.00,47.17,43.365,46.205,152400,43.629
2010-05-06,47.79,48.73,46.21,46.58,52200,43.983
2010-05-05,50.89,51.00,47.48,47.85,94900,45.183
2010-05-04,53.00,53.51,50.99,51.13,28000,48.28
2010-05-03,51.83,53.00,51.52,52.80,36700,49.857
2010-04-30,51.82,53.97,51.42,52.60,48700,49.668
2010-04-29,50.55,51.62,49.73,51.40,32200,48.535
2010-04-28,52.79,52.79,50.27,51.00,63100,48.157
2010-04-27,55.44,55.44,53.40,53.42,48100,50.442
2010-04-26,52.49,55.39,51.90,55.00,81600,51.934
2010-04-23,50.40,52.59,50.40,52.33,92300,49.413
2010-04-22,48.70,49.33,47.95,49.33,36300,46.58
2010-04-21,49.00,49.59,48.175,48.75,24600,46.032
2010-04-20,46.575,48.885,46.575,48.885,51500,46.16
2010-04-19,46.50,47.00,46.23,46.995,26600,44.375
2010-04-16,46.73,47.995,45.64,47.15,96000,44.522
2010-04-15,49.00,49.15,46.675,47.55,134300,44.899
2010-04-14,50.90,51.28,49.00,49.15,64700,46.41
2010-04-13,50.45,51.70,50.33,50.75,37800,47.921
2010-04-12,50.84,50.97,50.26,50.45,21600,47.638
2010-04-09,50.40,50.70,50.21,50.59,12200,47.77
2010-04-08,50.85,51.14,50.32,50.40,19000,47.59
2010-04-07,51.01,51.71,50.95,51.60,22500,48.724
2010-04-06,51.40,51.41,50.72,50.86,26900,48.025
2010-04-01,51.50,51.54,50.95,51.19,16400,48.336
2010-03-31,51.28,51.60,51.01,51.60,28300,48.724
2010-03-30,51.01,51.31,50.63,51.01,24700,48.166
2010-03-29,50.35,50.99,50.00,50.80,27000,47.968
2010-03-26,50.71,50.71,49.00,50.00,71600,47.213
2010-03-25,52.00,52.28,50.85,51.02,40400,48.176
2010-03-24,52.20,52.62,51.62,52.06,36800,49.158
2010-03-23,52.00,52.70,51.54,51.87,65900,48.978
2010-03-22,50.60,51.90,50.40,51.79,21900,48.903
2010-03-19,50.64,50.87,50.16,50.57,59600,47.751
2010-03-18,51.01,51.50,50.40,50.50,37700,47.685
2010-03-17,50.50,51.50,50.50,50.83,81000,47.996
2010-03-16,52.25,52.25,50.51,50.69,93400,47.864
2010-03-15,52.00,52.25,51.70,52.00,60800,49.101
2010-03-12,52.21,52.70,51.36,51.74,28600,48.856
2010-03-11,53.40,53.50,51.01,52.05,48500,49.148
2010-03-10,53.22,54.38,52.50,53.50,44300,50.518
2010-03-09,51.40,53.15,49.85,52.95,67600,49.998
2010-03-08,53.50,54.78,51.30,51.90,106700,49.007
2010-03-05,54.60,55.55,52.37,53.20,80800,50.234
2010-03-04,50.80,54.50,50.39,54.50,115700,51.462
2010-03-03,48.95,50.65,48.51,50.65,70300,47.826
2010-03-02,48.00,49.00,47.90,48.85,60800,46.127
2010-03-01,47.50,48.50,47.24,47.50,49300,44.852
2010-02-26,44.90,47.00,44.90,47.00,54600,44.38
2010-02-25,45.59,45.915,44.26,44.45,27200,41.972
2010-02-24,45.75,46.18,44.13,46.00,64500,43.436
2010-02-23,44.49,46.20,43.25,46.20,81500,43.625
2010-02-22,44.80,45.40,44.10,44.51,72700,42.029
2010-02-19,44.50,48.00,44.01,44.55,181400,42.067
2010-02-18,45.49,45.50,43.235,44.815,82600,42.317
2010-02-17,44.99,46.205,44.125,45.37,82500,42.841
2010-02-16,42.40,44.88,42.235,44.79,94200,42.293
2010-02-15,42.67,43.30,42.00,42.42,54800,40.055
2010-02-12,40.19,42.50,40.19,42.10,78000,39.753
2010-02-11,40.01,40.47,39.55,39.96,32300,37.732
2010-02-10,39.00,39.965,38.99,39.70,38900,37.487
2010-02-09,36.70,39.20,36.62,38.585,50600,36.434
2010-02-08,38.20,38.64,36.90,37.80,45700,35.693
2010-02-05,38.60,38.60,37.155,37.55,39800,35.457
2010-02-04,40.00,40.15,38.75,38.84,33000,36.675
2010-02-03,40.00,40.00,39.59,40.00,29900,37.77
2010-02-02,40.85,41.455,39.49,40.00,49000,37.77
2010-02-01,38.795,40.895,38.20,40.39,72100,38.138
2010-01-29,37.50,38.30,37.27,38.30,17200,36.165
2010-01-28,37.89,38.19,37.16,37.80,27100,35.693
2010-01-27,36.075,38.00,35.90,37.60,30400,35.504
2010-01-26,34.40,36.32,34.40,36.20,59600,34.182
2010-01-25,34.20,34.525,33.125,34.30,35200,32.388
2010-01-22,35.235,35.235,33.95,34.26,31600,32.35
2010-01-21,36.00,36.15,35.105,35.55,21600,33.568
2010-01-20,37.70,37.725,35.55,35.785,37600,33.79
2010-01-19,35.50,37.10,34.715,37.10,76800,35.032
2010-01-18,35.61,35.86,35.25,35.50,11300,33.521
2010-01-15,36.81,37.26,34.25,35.31,38000,33.342
2010-01-14,38.20,38.445,35.91,36.33,49500,34.305
2010-01-13,37.70,39.00,36.61,38.00,72900,35.882
2010-01-12,35.64,37.80,35.545,37.80,77500,35.693
2010-01-11,34.40,36.395,34.12,35.31,104800,33.342
2010-01-08,32.74,34.20,32.47,34.08,65900,32.18
2010-01-07,31.45,32.74,30.89,32.40,25300,30.594
2010-01-06,31.60,31.75,30.91,31.43,12700,29.678
2010-01-05,31.75,31.75,30.35,31.67,31200,29.905
2010-01-04,29.95,31.64,29.91,31.35,21900,29.602
2009-12-30,29.90,30.32,29.45,29.89,10300,28.224
2009-12-29,29.53,30.25,29.53,29.82,7500,28.158
2009-12-28,30.83,30.84,29.32,29.78,11000,28.12
2009-12-23,29.47,30.97,29.31,30.55,29000,28.847
2009-12-22,30.10,30.10,29.07,29.49,10100,27.846
2009-12-21,30.75,31.11,29.55,30.00,20000,28.328
2009-12-18,31.32,31.70,30.53,30.70,22500,28.989
2009-12-17,31.95,31.95,31.23,31.50,7100,29.744
2009-12-16,31.50,31.90,31.26,31.79,17800,30.018
2009-12-15,31.64,31.95,31.45,31.80,16900,30.027
2009-12-14,31.39,31.84,31.23,31.69,15300,29.923
2009-12-11,31.00,31.40,30.29,31.10,20700,29.366
2009-12-10,30.11,30.85,30.11,30.85,16600,29.13
2009-12-09,30.15,30.33,29.97,30.33,6800,28.639
2009-12-08,30.25,30.33,29.80,30.00,9700,28.328
2009-12-07,29.99,30.21,29.22,30.00,10000,28.328
2009-12-04,30.60,30.80,29.73,30.26,17300,28.573
2009-12-03,30.78,31.29,29.83,30.79,44300,29.074
2009-12-02,29.08,30.99,28.11,30.50,29400,28.80
2009-12-01,28.12,29.33,27.88,28.82,20500,27.213
2009-11-30,27.50,28.64,27.50,27.88,13600,26.326
2009-11-27,27.28,27.91,27.10,27.50,18500,25.967
2009-11-26,28.50,28.91,27.51,27.69,23000,26.146
2009-11-25,28.41,28.95,28.22,28.74,24500,27.138
2009-11-24,28.35,28.76,28.16,28.33,9400,26.751
2009-11-23,28.51,28.60,28.20,28.42,21400,26.836
2009-11-20,29.27,30.13,28.50,28.50,14900,26.911
2009-11-19,30.03,30.30,29.20,29.29,25400,27.657
2009-11-18,29.76,31.00,29.76,30.30,24800,28.611
2009-11-17,28.90,30.10,28.90,29.51,19600,27.865
2009-11-16,28.96,29.10,28.90,29.10,9500,27.478
2009-11-13,29.14,29.36,28.95,29.10,19200,27.478
2009-08-17,21.55,21.67,20.28,20.91,38600,19.744
2008-12-23,23.39,25.36,23.37,24.95,26300,23.559
2008-12-22,22.95,23.97,22.83,23.60,20900,22.284
2008-12-19,22.70,22.87,22.26,22.64,50300,21.378
2008-12-18,22.68,23.15,22.55,23.15,30700,21.859
2008-12-17,23.01,23.15,22.29,22.48,57900,21.227
2008-12-16,23.12,23.30,22.25,22.70,57600,21.435
2008-12-15,25.75,25.75,22.75,22.75,162500,21.482
2008-12-12,27.00,27.32,26.50,26.50,15400,25.023
2008-12-11,26.54,27.34,26.50,26.89,8800,25.391
2008-12-10,27.34,27.78,26.17,26.27,37800,24.806
2008-12-09,27.30,27.79,26.75,27.10,19300,25.589
2008-12-08,25.70,27.27,25.39,27.27,14800,25.75
2008-12-05,25.52,25.67,24.76,24.76,15100,23.38
2008-12-04,23.76,25.61,23.60,25.52,35400,24.097
2008-12-03,23.86,23.92,23.00,23.55,22600,22.237
2008-12-02,23.40,24.25,23.20,23.65,39300,22.332
2008-12-01,23.30,23.80,23.05,23.56,57100,22.247
2008-11-28,24.22,24.50,22.60,22.79,70800,21.52
2008-11-27,24.08,24.95,23.90,24.00,34400,22.662
2008-11-26,24.77,24.80,23.87,23.87,28000,22.539
2008-11-25,23.51,25.28,23.51,24.87,23100,23.484
2008-11-24,23.39,23.54,22.00,23.31,41700,22.011
2008-11-21,23.20,23.70,21.85,22.47,32300,21.217
2008-11-20,23.03,23.81,22.10,23.16,31300,21.869
2008-11-19,25.00,25.03,23.29,23.40,34600,22.096
2008-11-18,26.30,26.30,23.80,24.81,27500,23.427
2008-11-17,26.52,27.05,26.05,26.28,7500,24.815
2008-11-14,27.50,28.00,26.12,26.20,20100,24.739
2008-11-13,26.01,27.07,25.43,26.61,27500,25.127
2008-11-12,27.01,28.01,26.31,26.51,14700,25.032
2008-11-11,28.86,29.23,27.01,27.52,47200,25.986
2008-11-10,29.00,29.20,28.00,28.38,15200,26.798
2008-11-07,29.05,29.48,28.34,28.34,26100,26.76
2008-11-06,31.00,31.00,28.00,28.49,65200,26.902
2008-11-05,34.15,35.10,32.00,32.60,20800,30.783
2008-11-04,31.15,34.15,30.54,34.15,24800,32.246
2008-11-03,30.50,31.00,29.45,30.27,38900,28.583
2008-10-31,32.20,32.29,30.00,30.83,54400,29.111
2008-10-30,30.00,31.87,29.56,31.87,13000,30.093
2008-10-29,28.25,29.49,27.70,28.48,32300,26.892
2008-10-28,27.10,28.10,25.91,27.85,33500,26.297
2008-10-27,26.99,27.47,25.00,26.00,18100,24.551
2008-10-24,28.01,28.47,25.96,26.82,34700,25.325
2008-10-23,30.43,31.05,27.40,29.10,47400,27.478
2008-10-22,32.20,33.46,30.46,31.02,42200,29.291
2008-10-21,34.30,34.92,33.14,33.14,18600,31.293
2008-10-20,32.81,34.84,32.81,34.34,11600,32.426
2008-10-17,31.99,35.00,31.99,34.20,22200,32.293
2008-10-16,32.50,33.76,30.54,30.59,36200,28.885
2008-10-15,35.00,35.22,33.32,33.52,15700,31.651
2008-10-14,38.45,38.45,35.10,35.20,38900,33.238
2008-10-13,33.00,37.54,32.01,37.54,33000,35.447
2008-10-10,30.00,30.11,27.08,30.11,52000,28.431
2008-10-09,31.50,34.00,30.50,30.50,29900,28.80
2008-10-08,32.30,33.22,28.48,31.50,105600,29.744
2008-10-07,37.35,37.35,34.50,34.57,25900,32.643
2008-10-06,41.00,41.32,36.62,36.65,40700,34.607
2008-10-03,41.63,42.30,41.26,42.10,14600,39.753
2008-10-02,40.05,42.00,40.00,42.00,34600,39.659
2008-10-01,38.05,39.70,38.05,39.70,28300,37.487
2008-09-30,37.85,38.90,36.00,37.95,38400,35.834
2008-09-29,41.25,41.98,38.65,38.69,19000,36.533
2008-09-26,41.46,42.08,40.90,41.25,13000,38.95
2008-09-25,42.00,42.14,41.00,41.10,6600,38.809
2008-09-24,40.50,42.99,40.29,41.75,26800,39.423
2008-09-23,42.07,42.49,40.23,40.23,18000,37.987
2008-09-22,43.75,43.77,42.43,42.43,21500,40.065
2008-09-19,43.50,43.50,41.23,43.37,69200,40.952
2008-09-18,42.94,43.65,41.26,41.59,53100,39.272
2008-09-17,43.94,45.80,42.33,43.35,36100,40.933
2008-09-16,42.40,45.63,41.20,44.23,68900,41.764
2008-09-15,41.72,44.02,40.12,42.46,85700,40.093
2008-09-12,42.07,42.07,40.02,40.91,31600,38.629
2008-09-11,43.13,43.59,41.29,41.30,42400,38.998
2008-09-10,46.23,46.23,42.48,42.74,23000,40.357
2008-09-09,44.68,46.68,43.96,45.83,37700,43.275
2008-09-08,44.20,44.87,43.72,44.57,13500,42.085
2008-09-05,44.60,44.60,41.65,42.57,29200,40.197
2008-09-04,45.90,48.16,44.36,45.00,32500,42.491
2008-09-03,45.50,45.89,45.00,45.80,14400,43.247
2008-09-02,44.21,45.78,44.21,45.78,30500,43.228
2008-09-01,43.70,44.90,43.70,44.47,23800,41.991
2008-08-29,44.44,44.70,42.54,43.32,19400,40.905
2008-08-28,44.87,44.87,43.71,43.97,11000,41.519
2008-08-27,44.20,44.70,43.86,44.70,42000,42.208
2008-08-26,42.21,45.36,41.85,44.50,31800,42.019
2008-08-25,42.49,42.88,42.34,42.35,8900,39.989
2008-08-22,41.50,42.50,41.21,42.50,10200,40.131
2008-08-21,41.45,42.00,40.65,41.52,18500,39.205
2008-08-20,40.74,42.41,40.44,41.14,41500,38.847
2008-08-19,41.50,42.40,40.20,40.38,19400,38.129
2008-08-18,41.90,42.50,41.10,41.33,13500,39.026
2008-07-28,37.88,37.88,36.50,36.68,18900,34.635
2008-07-25,37.15,37.88,36.41,37.88,15800,35.768
2008-07-24,37.01,38.12,36.83,37.30,15600,35.221
2008-07-23,38.49,38.80,36.76,37.08,66400,35.013
2008-07-22,39.70,39.70,37.40,38.31,41400,36.174
2008-07-21,38.59,41.00,38.00,40.42,38800,38.167
2008-07-18,37.08,38.60,36.25,38.28,30100,36.146
2008-07-17,34.50,37.58,34.50,37.41,38500,35.325
2008-07-16,34.45,34.50,33.55,34.26,20200,32.35
2008-07-15,35.00,35.20,33.90,34.50,18500,32.577
2008-07-14,36.35,36.74,35.04,35.20,24900,33.238
2008-07-11,36.42,37.75,36.11,36.49,22600,34.456
2008-07-10,38.27,38.32,36.70,36.85,14000,34.796
2008-07-09,37.95,38.31,37.95,38.21,4000,36.08
2008-07-08,38.50,38.69,37.70,37.93,14600,35.816
2008-07-07,36.54,39.00,36.54,38.75,17700,36.59
2008-07-04,36.20,37.28,36.20,36.67,11800,34.626
2008-07-03,35.75,35.89,34.31,35.84,13300,33.842
2008-07-02,34.52,36.07,33.41,36.07,40700,34.059
2008-07-01,35.68,35.68,33.55,34.84,30900,32.898
2008-06-30,36.39,36.70,35.21,35.38,13000,33.408
2008-06-27,35.70,36.49,35.10,36.48,27000,34.446
2008-06-26,36.50,36.65,35.30,35.61,30700,33.625
2008-06-25,37.00,37.47,36.10,36.70,27400,34.654
2008-06-24,38.01,38.10,36.12,36.80,41800,34.749
2008-06-23,38.00,38.40,37.86,38.00,11900,35.882
2008-06-20,38.64,39.49,37.80,38.02,57000,35.901
2008-06-19,38.17,38.72,38.05,38.30,9900,36.165
2008-06-18,37.65,40.87,37.65,38.50,65600,36.354
2008-06-17,35.65,38.45,35.65,37.75,36600,35.646
2008-06-16,35.66,36.05,35.35,35.60,12200,33.615
2008-06-13,35.60,36.33,35.31,35.35,21800,33.379
2008-06-12,35.05,35.98,34.25,35.92,20100,33.918
2008-06-11,35.85,35.85,34.85,35.15,29900,33.191
2008-06-10,36.00,36.00,35.41,35.59,28600,33.606
2008-06-09,36.00,36.23,35.35,35.92,31400,33.918
2008-06-06,37.44,37.65,35.75,35.78,63800,33.785
2008-06-05,38.51,38.51,36.30,37.13,40800,35.06
2008-06-04,39.29,39.43,37.90,38.21,21800,36.08
2008-06-03,38.40,39.30,38.08,39.14,11700,36.958
2008-06-02,38.84,39.08,37.85,38.70,14400,36.543
2008-05-30,38.04,39.02,37.50,38.41,25000,36.269
2008-05-29,37.88,38.20,37.50,37.72,11000,35.617
2008-05-28,36.80,38.25,36.70,37.55,25100,35.457
2008-05-27,37.53,37.53,35.70,36.52,30700,34.484
2008-05-26,37.80,38.14,37.20,37.20,11600,35.126
2008-05-23,38.19,38.19,37.23,37.30,17100,35.221
2008-05-22,38.10,38.31,37.69,38.00,7900,35.882
2008-05-21,39.19,39.19,37.66,38.00,44900,35.882
2008-05-20,40.05,40.52,38.51,39.00,40600,36.826
2008-05-19,40.69,41.69,40.01,40.25,36600,38.006
2008-05-16,40.07,41.48,39.86,40.49,32900,38.233
2008-05-15,39.91,40.48,39.77,40.20,15700,37.959
2008-05-14,40.25,40.49,39.55,39.55,21600,37.345
2008-05-13,41.58,42.14,40.21,40.60,19600,38.337
2008-05-12,43.03,43.03,40.85,41.27,20100,38.969
2008-05-09,44.29,44.29,43.06,43.20,10100,40.792
2008-05-08,44.00,44.79,43.19,44.13,11700,41.67
2008-05-07,44.03,44.25,43.47,44.00,9200,41.547
2008-05-06,45.31,45.31,43.20,43.70,15800,41.264
2008-05-05,43.30,45.72,43.30,44.93,9900,42.425
2008-05-02,43.72,45.34,43.70,44.30,34200,41.83
2008-04-30,42.60,43.47,41.61,43.34,19600,40.924
2008-04-29,41.36,42.54,41.00,42.54,22700,40.169
2008-04-28,43.09,43.10,40.05,41.00,57100,38.714
2008-04-25,43.15,43.42,42.02,42.94,14800,40.546
2008-04-24,44.71,44.71,42.80,43.42,10500,41.00
2008-04-23,43.40,44.72,43.20,44.39,15300,41.915
2008-04-22,44.61,44.61,42.50,43.40,36400,40.981
2008-04-21,45.44,45.88,44.01,44.61,18700,42.123
2008-04-18,44.30,46.06,43.69,45.05,45100,42.539
2008-04-17,41.52,45.00,41.52,44.40,40300,41.925
2008-04-16,40.70,41.51,40.70,41.15,11000,38.856
2008-04-15,39.03,40.59,39.03,40.44,6700,38.186
2008-04-14,38.80,39.30,38.55,38.72,4300,36.562
2008-04-11,39.10,39.40,38.71,38.93,13400,36.76
2008-04-10,38.53,39.11,38.23,39.11,20000,36.93
2008-04-09,39.05,39.16,38.08,38.08,18700,35.957
2008-04-08,40.35,40.59,38.98,39.11,26900,36.93
2008-04-07,38.29,40.08,38.04,40.00,19400,37.77
2008-04-04,38.41,38.88,38.00,38.00,23300,35.882
2008-04-03,38.60,38.89,38.02,38.08,8400,35.957
2008-04-02,38.05,38.49,37.80,38.25,26400,36.118
2008-04-01,37.35,38.10,37.24,38.00,20300,35.882
2008-03-31,37.47,37.72,37.10,37.30,20300,35.221
2008-03-28,37.17,37.30,37.10,37.14,16500,35.07
2008-03-27,36.62,37.14,36.60,36.85,20300,34.796
2008-03-26,37.08,37.08,36.60,36.60,10000,34.56
2008-03-25,35.28,37.05,35.25,36.81,25000,34.758
2008-03-20,35.60,36.05,34.97,34.97,53500,33.021
2008-03-19,37.35,37.35,35.16,35.80,12500,33.804
2008-03-18,35.02,37.20,35.00,37.01,22000,34.947
2008-03-17,35.96,35.97,35.18,35.55,20800,33.568
2008-03-14,36.00,36.99,35.79,36.28,17000,34.258
2008-03-13,36.88,37.04,35.00,35.81,18800,33.814
2008-03-12,35.51,37.49,35.51,36.56,18300,34.522
2008-03-11,36.20,37.20,35.04,35.50,29400,33.521
2008-03-10,37.10,37.10,36.20,36.52,8200,34.484
2008-03-07,37.70,38.02,36.60,36.87,18700,34.815
2008-03-06,37.84,38.00,37.08,38.00,22900,35.882
2008-03-05,37.62,38.15,37.07,37.47,17500,35.381
2008-03-04,37.90,38.20,37.02,37.34,15600,35.258
2008-03-03,37.17,38.00,37.17,37.45,21300,35.362
2008-02-29,38.60,39.00,37.06,37.50,29000,35.41
2008-02-28,39.30,39.55,38.21,38.25,11100,36.118
2008-02-27,39.36,39.37,38.56,38.82,20000,36.656
2008-02-26,39.00,39.10,38.89,39.00,18600,36.826
2008-02-25,38.39,38.79,38.29,38.50,52500,36.354
2008-02-22,38.05,38.70,36.50,38.06,69900,35.938
2008-02-21,37.75,38.30,37.25,37.84,123500,35.731
2008-02-20,35.98,37.00,35.87,37.00,26200,34.937
2008-02-19,36.78,36.84,35.76,36.32,16500,34.295
2008-02-18,35.99,37.26,35.99,36.58,22000,34.541
2008-02-15,37.66,37.66,35.59,35.82,25100,33.823
2008-02-14,36.50,38.03,36.15,37.32,52900,35.24
2008-02-13,37.22,37.22,36.00,36.09,24000,34.078
2008-02-12,36.89,37.50,36.63,37.00,45500,34.937
2008-02-11,36.80,37.00,36.31,36.57,13500,34.531
2008-02-08,36.30,37.47,36.30,36.47,22700,34.437
2008-02-07,38.51,38.75,36.13,36.28,54000,34.258
2008-02-06,39.36,40.00,38.19,38.50,22000,36.354
2008-02-05,40.20,41.00,38.91,39.00,28500,36.826
2008-02-04,40.20,41.29,40.03,40.38,15900,38.129
2008-02-01,40.00,40.69,39.56,40.20,33000,37.959
2008-01-31,41.34,42.08,39.39,39.65,26700,37.44
2008-01-30,41.36,42.55,40.70,41.20,39800,38.903
2008-01-29,40.05,41.30,40.05,41.00,38500,38.714
2008-01-28,39.49,40.65,38.75,40.00,24400,37.77
2008-01-25,39.40,40.00,38.94,39.63,35200,37.421
2008-01-24,39.45,39.78,38.10,38.83,70200,36.665
2008-01-23,39.50,39.69,37.40,37.80,92700,35.693
2008-01-22,35.00,39.90,34.15,37.42,161100,35.334
2008-01-21,40.41,41.11,37.37,38.80,50000,36.637
2008-01-18,42.05,42.49,40.75,41.94,29600,39.602
2008-01-17,43.90,44.59,42.43,42.43,29000,40.065
2008-01-16,44.00,44.30,42.16,43.50,34600,41.075
2008-01-15,48.33,48.48,43.71,44.38,29600,41.906
2008-01-14,47.66,48.56,47.40,47.99,11200,45.315
2008-01-11,49.00,49.25,47.05,47.23,28600,44.597
2008-01-10,47.30,49.20,47.06,49.00,17700,46.268
2008-01-09,49.49,49.49,47.05,47.15,24200,44.522
2008-01-08,50.38,50.38,48.85,49.32,11200,46.571
2008-01-07,50.03,50.93,49.20,50.01,19200,47.222
2008-01-04,50.31,51.08,49.88,50.50,13600,47.685
2008-01-03,50.70,52.29,50.63,50.63,9600,47.808
2008-01-02,50.24,51.50,49.95,50.37,15300,47.562
2007-12-28,50.95,50.96,49.75,49.80,11500,47.024
