Date,Open,High,Low,Close,Volume,Adj Close
2016-10-27,185.05,188.40,185.05,188.40,2900,188.40
2016-10-26,185.45,188.10,184.65,186.60,8300,186.60
2016-10-25,186.65,188.40,185.25,187.15,5100,187.15
2016-10-24,184.50,186.15,182.05,184.95,3900,184.95
2016-10-21,180.60,183.75,180.55,183.75,2800,183.75
2016-10-20,181.95,181.95,178.80,181.30,3700,181.30
2016-10-19,181.65,182.00,180.30,181.90,3300,181.90
2016-10-18,182.00,184.70,182.00,183.70,4300,183.70
2016-10-17,182.70,182.95,179.25,181.55,3000,181.55
2016-10-14,179.15,183.70,179.15,183.05,3600,183.05
2016-10-13,180.25,180.65,179.05,179.95,3400,179.95
2016-10-12,182.25,182.80,180.95,181.35,1500,181.35
2016-10-11,182.30,183.30,181.40,183.30,2300,183.30
2016-10-10,185.00,185.00,182.00,183.25,2400,183.25
2016-10-07,185.55,185.70,182.00,182.05,5400,182.05
2016-10-06,185.00,186.10,184.00,184.75,3400,184.75
2016-10-05,185.75,185.80,184.00,185.00,2400,185.00
2016-10-04,188.75,188.80,185.80,187.10,2800,187.10
2016-10-03,187.05,187.05,187.05,187.05,000,187.05
2016-09-30,184.40,187.05,182.05,187.05,4100,187.05
2016-09-29,189.95,189.95,184.35,186.20,2400,186.20
2016-09-28,187.50,189.70,186.75,188.35,3200,188.35
2016-09-27,188.60,188.60,184.10,187.50,3300,187.50
2016-09-26,190.00,190.00,185.45,187.20,6500,187.20
2016-09-23,192.00,192.00,187.95,189.20,5200,189.20
2016-09-22,189.00,192.05,188.10,191.20,5600,191.20
2016-09-21,190.00,191.15,187.50,188.15,5500,188.15
2016-09-20,193.95,193.95,189.30,189.95,6900,189.95
2016-09-19,189.00,195.00,188.70,194.95,18000,194.95
2016-09-16,184.50,187.55,183.35,185.00,4700,185.00
2016-09-15,185.00,186.50,183.35,185.60,4600,185.60
2016-09-14,185.60,186.95,184.50,185.75,6300,185.75
2016-09-13,181.80,189.70,181.20,184.60,7500,184.60
2016-09-12,181.25,181.80,177.30,181.80,4300,181.80
2016-09-09,181.00,182.20,179.70,179.70,3300,179.70
2016-09-08,183.50,183.85,180.00,181.90,3400,181.90
2016-09-07,181.80,182.90,181.45,182.90,1500,182.90
2016-09-06,182.15,183.30,181.55,182.10,3800,182.10
2016-09-05,183.35,183.80,181.55,181.85,2800,181.85
2016-09-02,181.50,181.95,179.90,181.95,2800,181.95
2016-09-01,180.90,182.00,180.00,181.00,2900,181.00
2016-08-31,182.60,183.80,179.85,180.60,4100,180.60
2016-08-30,183.90,186.00,183.45,183.95,4000,183.95
2016-08-29,185.00,185.15,181.40,185.15,4500,185.15
2016-08-26,183.55,186.05,183.40,185.55,3600,185.55
2016-08-25,186.00,186.05,183.15,185.60,5500,185.60
2016-08-24,188.60,188.60,186.00,186.45,5600,186.45
2016-08-23,188.55,189.70,187.05,188.50,4300,188.50
2016-08-22,190.55,190.55,187.75,189.30,5000,189.30
2016-08-19,190.50,191.50,189.75,190.05,6600,190.05
2016-08-18,187.50,191.85,186.95,190.55,5800,190.55
2016-08-17,190.00,190.00,185.40,185.90,3600,185.90
2016-08-16,192.75,193.20,188.60,189.55,6000,189.55
2016-08-15,190.00,196.70,189.45,194.40,11000,194.40
2016-08-12,189.65,189.70,186.55,189.15,7300,189.15
2016-08-11,189.50,189.65,186.70,189.60,4500,189.60
2016-08-10,183.70,190.95,183.45,188.05,11500,188.05
2016-08-09,180.80,184.55,180.80,183.85,6700,183.85
2016-08-08,179.00,181.75,178.35,180.85,7700,180.85
2016-08-05,178.15,178.15,174.10,177.80,3500,177.80
2016-08-04,173.60,177.20,173.15,176.90,4100,176.90
2016-08-03,177.25,178.00,172.95,175.10,4200,175.10
2016-08-02,178.05,178.40,175.15,177.70,4300,177.70
2016-08-01,180.45,180.45,177.70,179.20,3600,179.20
2016-07-29,177.65,179.70,177.10,178.55,4900,178.55
2016-07-28,177.25,179.90,176.85,177.25,3400,177.25
2016-07-27,177.20,179.80,176.85,178.60,4100,178.60
2016-07-26,176.50,179.35,175.75,177.25,6800,177.25
2016-07-25,174.50,180.00,173.70,177.75,11800,177.75
2016-07-22,170.80,174.10,169.35,174.05,5600,174.05
2016-07-21,174.90,174.90,171.00,172.70,2600,172.70
2016-07-20,171.05,175.30,171.05,173.95,6900,173.95
2016-07-19,171.00,173.40,171.00,172.25,2900,172.25
2016-07-18,170.85,173.45,170.85,171.85,3600,171.85
2016-07-15,173.80,173.85,168.55,170.85,5500,170.85
2016-07-14,174.80,175.25,171.75,173.80,4000,173.80
2016-07-13,172.25,173.40,170.55,173.20,2800,173.20
2016-07-12,175.15,175.55,170.60,172.25,8300,172.25
2016-07-11,170.15,175.35,169.25,174.55,12400,174.55
2016-07-08,167.20,168.35,165.30,167.75,10400,167.75
2016-07-07,165.70,168.15,164.00,167.35,9900,167.35
2016-07-06,167.20,168.25,162.05,163.50,8300,163.50
2016-07-05,171.25,172.25,167.20,168.90,4800,168.90
2016-07-04,173.15,173.15,168.45,171.95,5500,171.95
2016-07-01,171.10,173.55,170.25,173.55,13200,173.55
2016-06-30,172.00,172.10,166.40,170.75,9500,170.75
2016-06-29,166.80,174.70,166.80,171.35,12200,171.35
2016-06-28,160.90,166.45,160.60,165.30,9300,165.30
2016-06-27,166.45,168.00,158.70,158.70,11900,158.70
2016-06-24,160.60,173.90,160.60,167.90,9900,167.90
2016-06-23,174.50,178.75,172.90,177.10,9100,177.10
2016-06-22,173.50,175.40,172.30,173.60,5700,173.60
2016-06-21,167.95,174.75,167.95,171.80,8200,171.80
2016-06-20,166.90,170.05,165.95,169.25,7200,169.25
2016-06-17,166.25,169.90,163.10,165.80,8400,165.80
2016-06-16,168.00,169.55,164.50,164.85,8800,164.85
2016-06-15,173.75,175.00,168.85,169.55,10200,169.55
2016-06-14,172.45,178.15,170.30,172.05,16200,172.05
2016-06-13,161.50,189.90,160.10,173.25,51100,173.25
2016-06-10,169.95,170.45,166.50,166.75,3400,166.75
2016-06-09,170.90,170.90,167.85,170.00,3700,170.00
2016-06-08,174.20,175.20,168.60,171.85,6200,171.85
2016-06-07,171.55,175.30,171.50,175.05,2300,175.05
2016-06-06,171.90,172.65,168.65,171.25,3800,171.25
2016-06-03,175.30,178.35,173.00,173.00,8000,173.00
2016-06-02,176.75,181.45,174.55,176.25,5300,175.22
2016-06-01,180.40,184.60,178.20,178.40,7500,177.357
2016-05-31,176.30,180.85,174.85,180.60,6700,179.545
2016-05-30,170.80,177.30,169.15,176.30,6700,175.27
2016-05-27,170.50,171.15,168.95,170.45,1800,169.454
2016-05-26,172.00,173.70,170.65,170.65,3500,169.653
2016-05-25,172.50,172.50,170.55,171.75,2300,170.746
2016-05-24,171.95,172.30,170.30,171.70,4000,170.697
2016-05-23,165.00,171.85,164.90,171.85,6500,170.846
2016-05-20,163.05,165.50,162.75,165.25,3000,164.284
2016-05-19,167.85,168.30,163.80,164.25,3400,163.29
2016-05-18,167.55,169.05,167.55,167.85,3000,166.869
2016-05-17,163.25,169.35,163.25,168.80,6200,167.814
2016-05-16,163.25,163.25,163.25,163.25,000,162.296
2016-05-13,164.20,165.20,162.10,163.25,4200,162.296
2016-05-12,163.15,165.65,162.00,163.15,3700,162.197
2016-05-11,165.00,166.25,164.10,164.20,3000,163.24
2016-05-10,167.05,167.40,164.95,165.50,2500,164.533
2016-05-09,164.90,167.75,164.70,166.15,3400,165.179
2016-05-06,164.05,165.55,161.20,163.65,8300,162.694
2016-05-05,164.35,165.10,162.10,165.05,2900,164.085
2016-05-04,167.50,167.50,162.85,163.80,6200,162.843
2016-05-03,165.80,165.95,163.75,165.20,4100,164.235
2016-05-02,165.40,166.85,165.00,166.50,2300,165.527
2016-04-29,166.90,168.30,165.30,165.60,9000,164.632
2016-04-28,168.15,169.60,166.05,166.05,8300,165.08
2016-04-27,161.70,170.70,161.65,169.10,13700,168.112
2016-04-26,164.00,164.00,160.00,160.70,6300,159.761
2016-04-25,161.10,163.45,160.45,163.40,4800,162.445
2016-04-22,166.00,166.45,161.15,161.40,6500,160.457
2016-04-21,171.75,172.80,166.05,166.05,5400,165.08
2016-04-20,173.05,173.75,169.25,170.20,4500,169.205
2016-04-19,169.40,174.10,169.20,173.50,7000,172.486
2016-04-18,167.65,170.25,167.65,169.00,2800,168.012
2016-04-15,169.35,170.30,167.50,169.50,4800,168.509
2016-04-14,172.20,173.30,169.60,170.05,4700,169.056
2016-04-13,170.05,172.85,169.50,171.75,7000,170.746
2016-04-12,168.65,169.65,165.35,168.50,5000,167.515
2016-04-11,171.10,171.10,167.00,167.90,4500,166.919
2016-04-08,169.85,172.05,167.90,169.55,4500,168.559
2016-04-07,171.20,172.95,169.45,169.90,12100,168.907
2016-04-06,167.00,171.30,165.65,171.30,9400,170.299
2016-04-05,166.00,167.00,165.00,166.40,6200,165.428
2016-04-04,166.00,170.15,165.80,167.00,13700,166.024
2016-04-01,160.00,166.90,160.00,166.05,16200,165.08
2016-03-31,158.85,161.60,157.85,161.15,13900,160.208
2016-03-30,155.75,159.00,155.75,159.00,6600,158.071
2016-03-29,156.10,156.10,152.50,154.35,2400,153.448
2016-03-28,155.25,155.25,155.25,155.25,000,154.343
2016-03-25,155.25,155.25,155.25,155.25,000,154.343
2016-03-24,156.30,157.40,155.05,155.25,4600,154.343
2016-03-23,154.00,156.50,153.65,155.90,6100,154.989
2016-03-22,156.15,156.15,150.25,153.80,8000,152.901
2016-03-21,155.55,157.90,154.25,155.05,5300,154.144
2016-03-18,153.90,156.75,151.50,156.75,47700,155.834
2016-03-17,157.70,157.70,151.35,153.15,7900,152.255
2016-03-16,156.20,157.60,155.80,156.25,6800,155.337
2016-03-15,158.05,159.25,153.00,156.55,10100,155.635
2016-03-14,154.10,158.50,154.10,156.90,8000,155.983
2016-03-11,151.80,156.35,151.80,153.55,6700,152.653
2016-03-10,151.10,157.65,150.00,150.05,9900,149.173
2016-03-09,152.30,152.40,150.00,150.00,4700,149.123
2016-03-08,150.50,152.90,150.00,151.60,10700,150.714
2016-03-07,153.00,153.05,149.15,150.40,17500,149.521
2016-03-04,153.50,155.45,151.90,151.90,10800,151.012
2016-03-03,154.45,154.45,151.55,152.10,7800,151.211
2016-03-02,159.95,159.95,150.50,153.25,18100,152.354
2016-03-01,155.30,162.10,155.30,159.00,12700,158.071
2016-02-29,157.00,157.60,154.00,155.40,13000,154.492
2016-02-26,157.35,159.20,154.90,157.20,6600,156.281
2016-02-25,160.00,160.10,153.65,156.00,9000,155.088
2016-02-24,162.60,163.20,152.05,153.60,16900,152.702
2016-02-23,164.35,165.75,156.55,163.40,14400,162.445
2016-02-22,174.90,180.00,162.50,165.00,28600,164.036
2016-02-19,160.95,165.05,158.15,162.10,14300,161.153
2016-02-18,149.45,161.70,147.60,161.00,24000,160.059
2016-02-17,145.75,148.85,145.75,148.45,5600,147.582
2016-02-16,148.30,148.30,143.25,145.75,11100,144.898
2016-02-15,143.55,148.05,141.55,147.05,18000,146.191
2016-02-12,140.00,142.75,135.80,138.40,13600,137.591
2016-02-11,147.85,148.60,139.90,139.90,20900,139.082
2016-02-10,149.50,155.65,144.70,148.60,25900,147.732
2016-02-09,150.35,153.00,142.85,146.80,40800,145.942
2016-02-08,174.00,174.50,149.50,151.45,35800,150.565
2016-02-05,179.45,181.35,168.55,176.00,52700,174.971
2016-02-04,183.20,189.45,178.50,185.40,20900,184.317
2016-02-03,175.00,184.10,175.00,179.80,15500,178.749
2016-02-02,178.30,179.85,173.30,176.90,10800,175.866
2016-02-01,176.00,179.90,173.40,179.90,12400,178.849
2016-01-29,171.05,176.70,171.05,176.15,5500,175.121
2016-01-28,173.90,175.95,168.50,169.05,6700,168.062
2016-01-27,173.00,174.85,170.00,173.15,5500,172.138
2016-01-26,170.50,175.00,168.60,173.00,6200,171.989
2016-01-25,171.55,173.45,169.10,172.50,7800,171.492
2016-01-22,170.75,170.85,167.30,169.15,7400,168.161
2016-01-21,162.50,169.80,162.50,167.05,11000,166.074
2016-01-20,163.00,164.05,159.90,163.30,10500,162.346
2016-01-19,163.00,169.10,160.10,165.05,15700,164.085
2016-01-18,160.00,160.65,152.85,155.00,6700,154.094
2016-01-15,164.25,165.00,158.60,160.00,11800,159.065
2016-01-14,169.60,169.60,159.10,163.05,17400,162.097
2016-01-13,175.00,176.00,167.35,169.95,14200,168.957
2016-01-12,160.15,180.10,159.30,173.25,26900,172.238
2016-01-11,160.00,160.00,155.50,156.40,6300,155.486
2016-01-08,160.20,163.50,158.05,159.70,7400,158.767
2016-01-07,159.00,163.30,154.35,160.80,13000,159.86
2016-01-06,168.85,168.85,161.45,162.15,11400,161.202
2016-01-05,171.50,171.75,165.50,167.70,9400,166.72
2016-01-04,169.20,170.40,166.40,170.05,5300,169.056
2016-01-01,170.70,170.70,170.70,170.70,000,169.702
2015-12-31,170.70,170.70,170.70,170.70,000,169.702
2015-12-30,173.25,173.70,170.70,170.70,3100,169.702
2015-12-29,173.55,176.05,173.55,174.75,4800,173.729
2015-12-28,174.75,174.75,169.65,172.35,5400,171.343
2015-12-25,173.15,173.15,173.15,173.15,000,172.138
2015-12-24,173.15,173.15,173.15,173.15,000,172.138
2015-12-23,170.70,173.30,169.10,173.15,3300,172.138
2015-12-22,173.60,175.00,169.15,170.75,4400,169.752
2015-12-21,172.40,176.00,172.05,174.50,4400,173.48
2015-12-18,175.95,175.95,171.70,173.85,7600,172.834
2015-12-17,174.15,175.65,173.65,175.65,8300,174.623
2015-12-16,172.60,172.60,170.10,171.35,2900,170.349
2015-12-15,167.50,174.25,167.50,172.00,5800,170.995
2015-12-14,170.25,173.50,164.90,167.70,6300,166.72
2015-12-11,176.00,176.00,169.40,171.10,5700,170.10
2015-12-10,175.35,176.65,172.10,174.95,5400,173.928
2015-12-09,180.65,181.15,172.95,175.10,8200,174.077
2015-12-08,183.30,184.05,177.10,179.10,5600,178.053
2015-12-07,181.30,187.00,180.25,181.05,6600,179.992
2015-12-04,180.25,183.00,178.30,182.80,5300,181.732
2015-12-03,179.40,183.95,175.45,181.10,18200,180.042
2015-12-02,178.70,183.00,177.20,178.95,14000,177.904
2015-12-01,172.10,180.25,172.10,177.15,17900,176.115
2015-11-30,170.00,174.00,170.00,172.80,5100,171.79
2015-11-27,168.15,172.05,167.20,171.15,4600,170.15
2015-11-26,168.00,170.95,165.15,169.50,5400,168.509
2015-11-25,164.95,168.95,164.05,168.00,10500,167.018
2015-11-24,172.00,172.30,162.90,163.55,8200,162.594
2015-11-23,172.50,173.25,168.70,171.70,12000,170.697
2015-11-20,170.50,175.00,170.45,174.80,6200,173.778
2015-11-19,171.45,174.35,170.45,170.45,6800,169.454
2015-11-18,176.45,176.50,170.50,170.55,4600,169.553
2015-11-17,172.55,175.80,172.55,175.70,4100,174.673
2015-11-16,166.55,172.75,165.55,172.10,6700,171.094
2015-11-13,177.85,177.85,171.65,172.30,6600,171.293
2015-11-12,178.85,180.00,175.90,176.30,4600,175.27
2015-11-11,175.90,180.70,175.80,177.50,9000,176.463
2015-11-10,174.10,181.35,174.10,177.40,10800,176.363
2015-11-09,175.90,179.45,174.00,174.30,6100,173.281
2015-11-06,179.10,179.70,175.40,176.55,4700,175.518
2015-11-05,180.90,181.80,175.00,178.50,7200,177.457
2015-11-04,175.15,183.00,174.55,180.45,16800,179.395
2015-11-03,176.40,177.35,172.00,176.15,7700,175.121
2015-11-02,177.00,179.65,176.00,176.55,7000,175.518
2015-10-30,179.70,182.60,176.70,179.60,9200,178.55
2015-10-29,176.55,177.80,174.20,177.15,6900,176.115
2015-10-28,178.95,180.15,173.35,176.80,11800,175.767
2015-10-27,180.30,181.65,178.25,180.50,10000,179.445
2015-10-26,180.30,180.30,176.00,179.50,5900,178.451
2015-10-23,180.50,181.85,178.50,179.00,9000,177.954
2015-10-22,184.30,184.30,177.35,179.15,7700,178.103
2015-10-21,187.00,187.00,183.55,184.60,5400,183.521
2015-10-20,185.15,185.30,182.95,185.25,3000,184.167
2015-10-19,184.90,186.50,183.10,184.50,5400,183.422
2015-10-16,183.55,185.45,182.55,185.00,6900,183.919
2015-10-15,173.30,183.55,173.20,183.55,4700,182.477
2015-10-14,176.10,180.00,173.50,174.75,5600,173.729
2015-10-13,179.90,179.90,172.65,176.15,8100,175.121
2015-10-12,181.85,181.85,176.40,178.90,9700,177.855
2015-10-09,186.20,187.00,179.05,180.25,8900,179.197
2015-10-08,185.00,186.10,181.45,184.60,5300,183.521
2015-10-07,190.50,190.55,184.00,185.00,10600,183.919
2015-10-06,193.00,193.00,190.05,191.35,6300,190.232
2015-10-05,196.65,196.95,191.30,192.95,5300,191.822
2015-10-02,193.00,194.95,186.30,192.00,8900,190.878
2015-10-01,194.50,200.00,188.10,192.00,14200,190.878
2015-09-30,191.00,196.95,190.55,192.00,12000,190.878
2015-09-29,186.55,191.35,180.05,188.45,14300,187.349
2015-09-28,180.30,190.05,179.40,188.60,12300,187.498
2015-09-25,175.90,180.90,175.90,179.55,8700,178.501
2015-09-24,177.15,179.00,171.80,173.85,5700,172.834
2015-09-23,177.75,179.55,174.80,176.95,4800,175.916
2015-09-22,180.90,181.50,175.30,175.85,8900,174.822
2015-09-21,177.00,181.60,174.45,180.00,5200,178.948
2015-09-18,178.80,179.35,174.35,177.20,7300,176.164
2015-09-17,181.90,182.05,179.00,179.60,6000,178.55
2015-09-16,177.50,182.45,177.50,180.85,8500,179.793
2015-09-15,174.80,177.75,172.95,177.75,5800,176.711
2015-09-14,177.75,179.10,171.15,177.05,8500,176.015
2015-09-11,176.20,178.55,174.25,178.25,6500,177.208
2015-09-10,180.00,180.60,174.65,175.95,8800,174.922
2015-09-09,182.95,185.00,179.85,180.75,10000,179.694
2015-09-08,173.70,180.55,173.70,178.50,6700,177.457
2015-09-07,175.05,176.55,169.45,174.85,7600,173.828
2015-09-04,177.00,177.00,172.35,175.65,7600,174.623
2015-09-03,179.10,183.30,176.05,177.75,14600,176.711
2015-09-02,175.65,179.80,174.15,177.50,9800,176.463
2015-09-01,179.00,179.00,172.15,176.35,17700,175.319
2015-08-31,180.75,185.85,179.35,181.70,14200,180.638
2015-08-28,188.50,189.75,183.15,183.30,11200,182.229
2015-08-27,189.25,189.40,184.60,186.45,12800,185.36
2015-08-26,180.00,184.95,175.05,181.75,21500,180.688
2015-08-25,161.85,182.10,160.40,182.10,31000,181.036
2015-08-24,159.35,162.00,150.50,155.85,34000,154.939
2015-08-21,168.25,171.90,165.00,167.65,23800,166.67
2015-08-20,182.70,185.00,173.45,174.20,14300,173.182
2015-08-19,189.35,190.20,185.00,185.00,12300,183.919
2015-08-18,192.20,193.35,188.65,190.30,12400,189.188
2015-08-17,186.10,193.15,185.00,192.60,16100,191.474
2015-08-14,184.00,184.95,181.10,184.45,8000,183.372
2015-08-13,178.55,185.00,178.55,182.60,18800,181.533
2015-08-12,176.10,177.00,169.00,174.10,20700,173.083
2015-08-11,174.15,181.00,174.10,180.30,14600,179.246
2015-08-10,168.50,175.65,166.65,175.65,19800,174.623
2015-08-07,157.60,169.60,156.20,168.25,24600,167.267
2015-08-06,152.80,160.35,152.80,159.00,17000,158.071
2015-08-05,152.35,152.35,149.90,151.85,10500,150.963
2015-08-04,150.30,152.50,150.15,151.70,4600,150.813
2015-08-03,154.00,154.00,149.45,151.45,5300,150.565
2015-07-31,151.80,153.95,151.15,153.10,7900,152.205
2015-07-30,153.90,154.00,150.00,152.90,9700,152.006
2015-07-29,152.90,154.65,152.05,152.45,10800,151.559
2015-07-28,146.40,152.90,146.30,150.85,24600,149.968
2015-07-27,152.90,153.05,144.00,145.00,13000,144.153
2015-07-24,154.20,155.45,150.50,153.60,15600,152.702
2015-07-23,155.40,155.80,153.10,154.65,11800,153.746
2015-07-22,157.45,157.45,153.70,155.00,9500,154.094
2015-07-21,162.00,162.00,153.95,157.05,9700,156.132
2015-07-20,158.20,162.80,158.15,161.80,6800,160.854
2015-07-17,158.95,161.25,157.50,159.55,11100,158.618
2015-07-16,155.90,158.90,155.20,157.80,12300,156.878
2015-07-15,155.60,157.40,154.00,155.20,7800,154.293
2015-07-14,155.00,155.55,150.80,155.55,9500,154.641
2015-07-13,152.15,155.55,151.25,154.40,9700,153.498
2015-07-10,152.15,152.15,150.30,151.95,7700,151.062
2015-07-09,143.55,150.00,143.55,150.00,13500,149.123
2015-07-08,143.50,144.95,140.50,143.45,7400,142.612
2015-07-07,147.15,147.15,140.65,142.50,7900,141.667
2015-07-06,144.85,148.25,144.10,146.45,6400,145.594
2015-07-03,149.40,150.40,147.00,147.50,6500,146.638
2015-07-02,152.75,154.20,147.95,148.75,8100,147.881
2015-07-01,148.80,156.00,148.80,153.80,20100,152.901
2015-06-30,144.45,148.85,144.45,147.15,12900,146.29
2015-06-29,137.30,148.00,135.70,146.00,18400,145.147
2015-06-26,149.45,150.55,148.50,150.00,6200,149.123
2015-06-25,149.75,151.15,147.75,150.45,10100,149.571
2015-06-24,149.55,150.85,147.10,150.00,11200,149.123
2015-06-23,150.10,151.90,149.45,150.55,11700,149.67
2015-06-22,146.00,150.15,145.25,147.85,20400,146.986
2015-06-19,145.10,146.45,142.00,143.30,10500,142.463
2015-06-18,145.90,145.90,139.25,143.90,19100,143.059
2015-06-17,148.90,148.90,143.55,146.65,12400,145.793
2015-06-16,144.20,147.80,139.25,147.80,25200,146.936
2015-06-15,147.00,147.00,142.05,145.40,35100,144.55
2015-06-12,152.20,154.85,148.80,151.40,16800,150.515
2015-06-11,156.90,157.10,152.25,153.50,15400,152.603
2015-06-10,149.05,156.80,148.50,156.25,23400,155.337
2015-06-09,155.15,155.15,148.00,148.80,35800,147.93
2015-06-08,161.75,162.20,152.55,155.15,24500,154.243
2015-06-05,162.90,166.10,158.75,161.10,15200,160.159
2015-06-04,168.50,168.50,162.00,166.30,10800,165.328
2015-06-03,164.70,172.50,163.95,169.95,16800,168.042
2015-06-02,168.90,171.55,161.15,165.10,19600,163.247
2015-06-01,170.15,170.15,165.75,168.30,6800,166.411
2015-05-29,175.55,175.55,166.30,168.70,17600,166.806
2015-05-28,172.30,176.95,171.50,173.00,13900,171.058
2015-05-27,167.05,172.80,166.05,172.80,9700,170.86
2015-05-26,170.80,170.80,163.75,165.90,7700,164.038
2015-05-25,170.00,170.00,170.00,170.00,000,168.092
2015-05-22,169.90,170.30,167.70,170.00,9300,168.092
2015-05-21,170.40,170.40,167.45,169.50,14300,167.597
2015-05-20,172.65,173.30,169.00,170.10,15600,168.191
2015-05-19,162.05,172.60,161.35,171.10,36500,169.179
2015-05-18,159.20,162.80,158.15,162.45,8100,160.626
2015-05-15,160.00,160.00,157.75,159.00,7600,157.215
2015-05-14,159.65,160.10,157.40,160.00,4100,158.204
2015-05-13,159.30,162.30,158.60,159.90,16100,158.105
2015-05-12,162.75,162.75,155.25,157.50,16700,155.732
2015-05-11,164.50,167.45,161.55,162.50,26500,160.676
2015-05-08,160.30,166.00,160.30,164.30,32600,162.456
2015-05-07,147.95,156.35,147.95,156.35,23000,154.595
2015-05-06,148.65,150.55,147.55,149.00,25700,147.327
2015-05-05,152.25,153.25,145.85,145.85,13600,144.213
2015-05-04,149.20,154.45,139.05,153.55,17600,151.826
2015-05-01,147.95,147.95,147.95,147.95,000,146.289
2015-04-30,151.20,151.45,147.30,147.95,10600,146.289
2015-04-29,158.00,159.45,148.10,150.60,9900,148.909
2015-04-28,158.30,159.85,156.60,159.50,6000,157.71
2015-04-27,159.50,160.00,155.50,159.55,7400,157.759
2015-04-24,155.25,159.50,152.40,159.50,9800,157.71
2015-04-23,158.80,159.95,153.65,153.90,4200,152.172
2015-04-22,158.05,160.00,155.75,160.00,11100,158.204
2015-04-21,153.40,160.00,153.40,158.40,15500,156.622
2015-04-20,148.95,151.40,146.40,149.30,12800,147.624
2015-04-17,155.90,155.90,148.60,149.70,19600,148.02
2015-04-16,158.00,158.10,154.25,156.45,7300,154.694
2015-04-15,161.00,161.00,157.05,158.25,10100,156.474
2015-04-14,158.20,161.25,158.20,160.90,17800,159.094
2015-04-13,160.00,160.10,151.55,159.15,42400,157.363
2015-04-10,162.05,162.80,157.90,159.95,21100,158.154
2015-04-09,161.05,162.95,160.15,162.95,9900,161.121
2015-04-08,162.50,162.50,158.00,162.10,7100,160.28
2015-04-07,161.20,163.00,157.00,162.80,16600,160.972
2015-04-06,159.80,159.80,159.80,159.80,000,158.006
2015-04-03,159.80,159.80,159.80,159.80,000,158.006
2015-04-02,161.95,162.45,159.40,159.80,10200,158.006
2015-04-01,159.95,164.00,157.70,162.80,16100,160.972
2015-03-31,163.45,165.25,159.45,160.50,12900,158.698
2015-03-30,163.85,165.50,163.15,164.50,16000,162.653
2015-03-27,162.15,164.45,160.40,163.90,12000,162.06
2015-03-26,160.00,162.60,156.45,161.45,29700,159.638
2015-03-25,167.40,170.20,162.00,165.40,24900,163.543
2015-03-24,157.90,167.00,157.80,165.15,31500,163.296
2015-03-23,160.45,160.50,156.85,158.20,13500,156.424
2015-03-20,160.10,161.40,158.70,160.00,23200,158.204
2015-03-19,157.20,159.80,154.15,159.55,15700,157.759
2015-03-18,155.65,158.60,154.05,158.50,17600,156.721
2015-03-17,158.40,158.40,151.30,154.70,22400,152.963
2015-03-16,157.30,159.00,155.70,157.60,32400,155.831
2015-03-13,153.85,155.90,146.90,155.15,52200,153.408
2015-03-12,159.85,159.85,151.10,154.00,37200,152.271
2015-03-11,159.85,160.00,156.45,159.80,33200,158.006
2015-03-10,159.10,162.25,155.35,158.00,71800,156.226
2015-03-09,146.40,150.70,142.50,150.70,64000,149.008
2015-03-06,140.00,146.40,138.25,141.60,52900,140.01
2015-03-05,133.35,135.05,130.15,135.05,22700,133.534
2015-03-04,128.50,130.00,121.75,130.00,19400,128.541
2015-03-03,125.90,129.20,125.90,128.50,17200,127.057
2015-03-02,125.25,126.70,124.00,125.45,17500,124.042
2015-02-27,123.80,124.10,122.45,123.75,15700,122.361
2015-02-26,121.90,123.40,118.45,123.40,12800,122.015
2015-02-25,118.45,123.50,117.70,120.90,35300,119.543
2015-02-24,122.30,122.30,112.50,115.10,47800,113.808
2015-02-23,124.00,126.00,121.45,122.40,20700,121.026
2015-02-20,121.85,123.00,119.15,120.45,12800,119.098
2015-02-19,119.40,122.95,118.35,122.90,10000,121.52
2015-02-18,119.00,119.40,117.30,119.40,5700,118.06
2015-02-17,116.50,118.70,116.25,118.70,5900,117.368
2015-02-16,118.10,120.00,116.70,118.00,7000,116.675
2015-02-13,118.00,119.25,116.20,119.10,11200,117.763
2015-02-12,119.65,121.50,117.50,118.90,9700,117.565
2015-02-11,115.55,119.00,114.95,119.00,11500,117.664
2015-02-10,113.45,116.20,112.40,116.20,12600,114.896
2015-02-09,108.25,112.30,105.90,112.30,23800,111.039
2015-02-06,113.45,113.45,108.95,109.15,9800,107.925
2015-02-05,109.40,116.00,109.40,113.45,24100,112.176
2015-02-04,107.00,109.30,106.65,109.30,13100,108.073
2015-02-03,106.00,106.70,103.10,106.70,21900,105.502
2015-02-02,108.30,108.35,105.70,107.00,8700,105.799
2015-01-30,108.90,109.85,107.10,108.30,10300,107.084
2015-01-29,109.50,109.50,108.30,109.00,4600,107.776
2015-01-28,105.15,109.45,105.15,109.00,16300,107.776
2015-01-27,108.00,110.50,105.00,105.00,33500,103.821
2015-01-26,99.60,107.40,98.70,105.90,29900,104.711
2015-01-23,96.80,99.59,96.77,99.34,15000,98.225
2015-01-22,95.55,96.90,95.01,95.01,10100,93.943
2015-01-21,94.97,95.00,93.06,95.00,9100,93.934
2015-01-20,93.70,96.40,93.70,94.30,13700,93.241
2015-01-19,94.00,94.50,93.60,93.60,3400,92.549
2015-01-16,93.50,94.85,93.50,93.98,3100,92.925
2015-01-15,91.99,94.86,91.13,93.56,9300,92.51
2015-01-14,92.98,93.50,92.19,92.19,2400,91.155
2015-01-13,93.49,93.70,92.21,93.40,6200,92.352
2015-01-12,94.04,94.87,92.94,93.00,6500,91.956
2015-01-09,94.84,94.84,93.43,93.43,1600,92.381
2015-01-08,93.12,95.68,93.00,94.24,9900,93.182
2015-01-07,92.91,93.82,92.54,93.17,4600,92.124
2015-01-06,93.30,94.55,93.00,93.00,1000,91.956
2015-01-05,95.97,96.30,93.20,93.23,4100,92.183
2015-01-02,93.18,96.52,92.83,95.64,4100,94.566
2015-01-01,92.81,92.81,92.81,92.81,000,91.768
2014-12-31,92.81,92.81,92.81,92.81,000,91.768
2014-12-30,92.27,94.56,92.27,92.81,3500,91.768
2014-12-29,92.20,94.01,92.20,93.14,3900,92.094
2014-12-26,93.00,93.00,93.00,93.00,000,91.956
2014-12-25,93.00,93.00,93.00,93.00,000,91.956
2014-12-24,93.00,93.00,93.00,93.00,000,91.956
2014-12-23,93.27,93.67,92.53,93.00,1500,91.956
2014-12-22,92.80,93.93,92.52,93.93,2300,92.876
2014-12-19,91.96,93.50,91.62,92.91,9300,91.867
2014-12-18,88.50,92.82,88.50,91.52,3800,90.493
2014-12-17,89.55,90.29,88.13,90.00,3700,88.99
2014-12-16,90.51,91.65,89.20,90.33,4000,89.316
2014-12-15,93.00,93.16,90.92,91.30,1800,90.275
2014-12-12,91.34,93.21,90.87,92.46,4200,91.422
2014-12-11,87.34,91.35,87.20,91.35,4200,90.325
2014-12-10,91.00,91.15,88.07,88.07,3200,87.081
2014-12-09,92.38,92.84,89.00,90.48,9100,89.464
2014-12-08,92.72,93.49,92.63,93.49,1100,92.441
2014-12-05,92.89,93.68,92.29,93.50,2100,92.45
2014-12-04,93.47,93.49,92.10,92.10,3900,91.066
2014-12-03,93.50,93.50,92.92,92.92,7300,91.877
2014-12-02,93.68,93.68,92.93,93.59,3800,92.539
2014-12-01,92.67,93.69,92.51,93.60,3500,92.549
2014-11-28,92.77,93.64,92.77,93.50,2500,92.45
2014-11-27,93.99,94.05,92.62,93.40,3200,92.352
2014-11-26,93.45,93.50,92.84,93.40,1800,92.352
2014-11-25,93.50,94.07,92.56,93.18,3400,92.134
2014-11-24,92.73,94.20,92.65,93.45,9400,92.401
2014-11-21,92.80,93.11,91.95,92.45,9600,91.412
2014-11-20,91.94,92.80,91.67,92.72,1000,91.679
2014-11-19,92.45,92.80,92.07,92.74,2200,91.699
2014-11-18,91.43,92.27,90.91,91.69,3600,90.661
2014-11-17,93.43,93.47,91.55,92.19,9100,91.155
2014-11-14,93.24,93.79,92.50,92.97,2600,91.926
2014-11-13,93.53,94.05,92.77,94.05,2700,92.994
2014-11-12,93.95,93.95,92.45,93.31,6300,92.263
2014-11-11,90.97,93.63,90.62,93.47,6400,92.421
2014-11-10,89.29,90.19,88.39,90.19,7200,89.178
2014-11-07,88.51,89.60,88.00,89.16,12400,88.159
2014-11-06,86.30,88.75,86.00,87.93,15400,86.943
2014-11-05,83.50,84.02,83.33,83.80,9200,82.859
2014-11-04,84.75,85.27,83.59,83.59,2400,82.652
2014-11-03,84.87,85.00,83.87,84.72,3700,83.769
2014-10-31,86.43,86.43,83.77,84.60,6200,83.65
2014-10-30,86.37,86.37,84.41,84.87,7800,83.917
2014-10-29,83.52,85.99,83.52,85.63,2600,84.669
2014-10-28,84.23,84.99,83.42,84.22,4600,83.275
2014-10-27,87.38,87.38,82.62,83.22,3000,82.286
2014-10-24,86.29,86.90,85.15,86.81,4400,85.835
2014-10-23,85.83,87.12,84.91,87.12,5800,86.142
2014-10-22,86.00,87.24,85.00,85.91,9300,84.946
2014-10-21,83.30,86.51,82.74,86.00,11200,85.035
2014-10-20,81.90,84.51,81.90,83.98,9400,83.037
2014-10-17,73.95,81.50,73.90,80.93,16000,80.022
2014-10-16,76.22,76.81,73.50,73.55,11200,72.724
2014-10-15,75.05,76.65,75.05,75.76,6200,74.91
2014-10-14,74.33,76.04,74.00,75.70,10500,74.85
2014-10-13,73.50,76.23,73.50,75.00,15800,74.158
2014-10-10,77.77,77.77,72.00,75.00,39300,74.158
2014-10-09,80.00,80.45,78.41,79.19,5400,78.301
2014-10-08,79.62,79.62,78.51,78.75,1800,77.866
2014-10-07,81.67,81.67,79.60,79.60,2900,78.706
2014-10-06,82.50,83.02,80.68,81.55,3800,80.635
2014-10-03,81.64,81.64,81.64,81.64,000,80.724
2014-10-02,85.00,85.04,81.64,81.64,1900,80.724
2014-10-01,84.25,85.31,83.87,85.31,3400,84.352
2014-09-30,84.53,85.50,83.78,84.29,3400,83.344
2014-09-29,85.03,86.40,84.97,85.74,1500,84.778
2014-09-26,84.12,85.64,83.43,85.64,2100,84.679
2014-09-25,84.61,85.65,83.67,83.67,2800,82.731
2014-09-24,85.00,86.00,85.00,85.31,2100,84.352
2014-09-23,89.59,89.59,85.60,85.60,4100,84.639
2014-09-22,88.85,90.38,88.85,89.05,1100,88.05
2014-09-19,88.10,89.74,88.10,89.74,3300,88.733
2014-09-18,90.47,90.58,88.02,88.09,7000,87.101
2014-09-17,91.37,91.44,90.41,90.41,2400,89.395
2014-09-16,89.90,91.33,89.90,90.60,2700,89.583
2014-09-15,89.79,91.04,89.79,90.09,2200,89.079
2014-09-12,90.03,90.89,89.87,90.57,1300,89.553
2014-09-11,89.50,90.33,89.12,90.33,500,89.316
2014-09-10,89.15,90.31,89.15,90.31,1800,89.296
2014-09-09,90.34,90.34,89.44,89.73,800,88.723
2014-09-08,89.00,90.05,89.00,89.88,1100,88.871
2014-09-05,90.55,90.55,89.00,89.18,6000,88.179
2014-09-04,91.15,91.30,90.28,90.62,1900,89.603
2014-09-03,90.58,92.00,90.58,90.86,2100,89.84
2014-09-02,91.30,92.00,90.00,90.94,3900,89.919
2014-09-01,92.01,93.84,91.30,91.30,10200,90.275
2014-08-29,95.00,95.00,93.24,93.24,3700,92.193
2014-08-28,92.00,95.37,91.33,95.37,10600,94.299
2014-08-27,92.00,92.23,91.66,92.00,2300,90.967
2014-08-26,91.33,92.25,91.05,92.00,2500,90.967
2014-08-25,92.28,92.50,91.06,91.70,4700,90.671
2014-08-22,92.00,92.20,91.10,91.49,6800,90.463
2014-08-21,91.62,92.00,90.85,92.00,7100,90.967
2014-08-20,92.00,92.10,90.40,91.30,2400,90.275
2014-08-19,91.00,91.65,90.42,91.47,3200,90.443
2014-08-18,89.36,91.00,89.36,91.00,3500,89.978
2014-08-15,90.80,91.60,89.78,89.78,2900,88.772
2014-08-14,91.47,91.50,90.99,91.00,4300,89.978
2014-08-13,90.21,91.50,90.21,90.88,4000,89.86
2014-08-12,90.42,91.50,90.42,90.83,3900,89.81
2014-08-11,89.78,91.50,89.78,91.02,3700,89.998
2014-08-08,90.00,91.50,89.66,90.36,20800,89.346
2014-08-07,86.45,92.55,85.00,90.98,23400,89.959
2014-08-06,80.51,86.50,80.51,86.37,20600,85.40
2014-08-05,79.10,80.99,78.99,80.31,3300,79.408
2014-08-04,78.02,79.40,77.05,78.78,9200,77.896
2014-08-01,81.26,81.89,76.61,78.48,14300,77.599
2014-07-31,82.92,83.62,79.55,80.97,11900,80.061
2014-07-30,83.28,83.98,82.35,82.95,5600,82.019
2014-07-29,82.54,84.00,82.54,82.95,5000,82.019
2014-07-28,86.40,86.40,81.50,82.54,12600,81.613
2014-07-25,89.86,89.86,86.46,86.90,4800,85.924
2014-07-24,90.99,91.15,89.86,89.86,3500,88.851
2014-07-23,90.08,90.69,90.08,90.14,300,89.128
2014-07-22,90.26,90.35,89.58,90.00,2000,88.99
2014-07-21,89.63,90.39,89.22,89.51,2700,88.505
2014-07-18,89.23,90.44,88.80,90.00,3500,88.99
2014-07-17,89.52,90.34,89.25,90.00,1800,88.99
2014-07-16,89.76,90.47,89.75,90.27,1000,89.257
2014-07-15,89.75,90.87,89.75,89.85,1400,88.841
2014-07-14,90.00,90.78,89.47,90.00,2500,88.99
2014-07-11,89.86,90.30,89.72,90.00,1700,88.99
2014-07-10,91.72,91.72,89.63,90.00,5800,88.99
2014-07-09,89.80,91.23,89.66,91.23,3900,90.206
2014-07-08,89.83,90.10,89.75,90.00,4400,88.99
2014-07-07,90.50,90.67,89.00,89.06,3800,88.06
2014-07-04,90.50,91.34,90.25,90.82,2000,89.80
2014-07-03,90.25,90.70,90.20,90.50,3500,89.484
2014-07-02,90.50,90.97,90.25,90.25,2400,89.237
2014-07-01,91.01,91.28,90.50,90.50,2000,89.484
2014-06-30,91.54,91.54,90.05,90.50,4100,89.484
2014-06-27,91.50,91.50,90.24,91.40,2600,90.374
2014-06-26,90.34,91.23,89.96,91.23,5200,90.206
2014-06-25,89.50,90.70,89.19,90.60,4500,89.583
2014-06-24,89.71,91.75,89.71,90.00,4000,88.99
2014-06-23,88.79,90.19,88.02,89.77,5100,88.762
2014-06-20,89.44,90.10,89.20,89.35,7300,88.347
2014-06-19,88.79,89.68,88.52,89.22,3700,88.218
2014-06-18,88.15,89.23,87.91,88.01,6200,87.022
2014-06-17,90.90,92.77,87.69,87.69,22500,86.706
2014-06-16,90.50,94.00,88.93,91.00,21200,89.978
2014-06-13,92.83,92.83,90.32,90.50,10400,89.484
2014-06-12,94.98,94.98,92.83,92.83,5300,91.788
2014-06-11,94.17,95.03,92.55,95.03,11400,93.963
2014-06-10,95.82,95.90,92.34,93.34,15000,92.292
2014-06-09,94.51,95.90,93.45,95.90,10000,94.823
2014-06-06,92.37,93.30,91.66,92.30,5200,91.264
2014-06-05,95.38,95.38,91.58,91.58,12700,90.552
2014-06-04,99.45,99.45,94.08,94.85,11800,93.785
2014-06-03,98.29,100.90,98.20,99.50,28200,98.383
2014-06-02,95.19,99.46,94.41,99.12,7800,98.007
2014-05-30,95.25,95.40,94.25,94.44,6000,93.38
2014-05-29,95.03,95.61,93.93,94.73,2500,93.667
2014-05-28,95.59,95.64,94.16,94.68,4300,93.617
2014-05-27,94.85,96.00,94.50,95.00,11500,93.934
2014-05-26,92.00,95.90,91.50,95.55,9300,94.477
2014-05-23,95.00,96.14,94.10,95.50,7000,93.815
2014-05-22,95.00,95.30,93.56,94.80,7200,93.127
2014-05-21,91.31,94.42,91.31,94.42,5200,92.754
2014-05-20,90.14,91.77,89.80,90.71,3200,89.109
2014-05-19,90.66,91.00,89.21,89.28,5000,87.705
2014-05-16,89.77,90.31,87.80,89.66,7600,88.078
2014-05-15,90.50,90.98,89.28,89.63,5000,88.048
2014-05-14,90.06,90.97,89.80,90.97,2400,89.365
2014-05-13,91.50,91.99,89.04,89.34,9600,87.764
2014-05-12,87.70,90.48,87.70,90.47,4100,88.874
2014-05-09,90.91,91.07,86.39,87.82,4500,86.27
2014-05-08,88.32,90.97,88.32,90.23,3900,88.638
2014-05-07,91.70,92.43,88.13,88.79,11800,87.223
2014-05-06,93.99,94.42,91.54,92.00,6500,90.377
2014-05-05,93.00,94.62,90.85,93.92,9300,92.263
2014-05-02,92.47,93.33,91.54,92.25,4700,90.622
2014-05-01,92.14,92.14,92.14,92.14,000,90.514
2014-04-30,94.71,94.71,91.50,92.14,3700,90.514
2014-04-29,93.30,94.24,91.97,93.90,6200,92.243
2014-04-28,91.55,92.05,90.54,92.01,9800,90.386
2014-04-25,94.25,95.08,91.98,91.98,4900,90.357
2014-04-24,95.20,95.20,93.80,94.63,4300,92.96
2014-04-23,96.00,96.00,93.03,95.00,6600,93.324
2014-04-22,95.81,96.65,95.30,96.00,10000,94.306
2014-04-21,95.25,95.25,95.25,95.25,000,93.569
2014-04-18,95.25,95.25,95.25,95.25,000,93.569
2014-04-17,92.66,97.05,91.98,95.25,11100,93.569
2014-04-16,92.29,95.00,90.60,91.87,8500,90.249
2014-04-15,96.39,96.81,91.59,92.38,10700,90.75
2014-04-14,96.70,98.00,93.90,95.74,15700,94.051
2014-04-11,103.90,103.90,97.77,97.77,14000,96.045
2014-04-10,103.25,106.00,102.75,105.25,7500,103.393
2014-04-09,100.90,102.55,100.10,102.40,11300,100.593
2014-04-08,103.60,103.60,94.66,99.65,21300,97.892
2014-04-07,106.60,106.60,101.15,102.75,11100,100.937
2014-04-04,103.05,107.00,103.05,105.85,9300,103.982
2014-04-03,102.95,104.65,102.05,103.25,5700,101.428
2014-04-02,104.50,104.60,100.30,103.30,6300,101.477
2014-04-01,102.65,103.65,99.79,103.65,18300,101.821
2014-03-31,97.47,104.80,97.47,104.40,16300,102.558
2014-03-28,91.99,97.39,89.03,97.00,19000,95.288
2014-03-27,92.27,93.70,92.25,93.70,1200,92.047
2014-03-26,93.07,94.08,91.92,92.49,5300,90.858
2014-03-25,93.23,94.00,91.56,92.44,3500,90.809
2014-03-24,93.29,96.50,92.50,93.49,7100,91.84
2014-03-21,93.20,93.20,92.20,92.59,3800,90.956
2014-03-20,93.37,93.37,92.29,93.00,9000,91.359
2014-03-19,91.42,93.20,91.42,93.20,5800,91.555
2014-03-18,92.00,93.00,91.28,91.60,9100,89.984
2014-03-17,90.53,93.00,90.50,91.57,14600,89.954
2014-03-14,93.15,94.80,90.50,90.96,9100,89.355
2014-03-13,94.44,95.00,93.76,93.98,2600,92.322
2014-03-12,95.35,95.35,90.26,93.63,10500,91.978
2014-03-11,95.99,96.26,95.00,95.72,2400,94.031
2014-03-10,95.97,96.57,95.01,96.11,4000,94.414
2014-03-07,96.06,96.06,94.76,95.40,3400,93.717
2014-03-06,95.98,96.00,94.85,95.81,6100,94.119
2014-03-05,94.94,95.68,93.43,95.48,5000,93.795
2014-03-04,91.00,94.80,90.14,94.32,22400,92.656
2014-03-03,92.74,92.74,89.60,90.92,8600,89.316
2014-02-28,91.80,93.97,91.30,93.94,13300,92.282
2014-02-27,95.39,95.80,89.01,92.50,34200,90.868
2014-02-26,92.30,96.84,90.70,96.36,32500,94.66
2014-02-25,87.00,94.08,87.00,90.65,44100,89.05
2014-02-24,82.43,84.34,82.42,84.29,2400,82.803
2014-02-21,82.88,83.80,82.88,83.15,2400,81.683
2014-02-20,83.59,83.99,82.52,82.98,4700,81.516
2014-02-19,83.14,84.00,82.90,84.00,4300,82.518
2014-02-18,83.00,83.35,82.70,83.00,7100,81.535
2014-02-17,84.10,84.10,82.52,83.06,3300,81.594
2014-02-14,84.60,84.80,82.95,83.48,3700,82.007
2014-02-13,82.50,84.59,82.49,84.59,5300,83.097
2014-02-12,82.99,83.38,82.75,82.90,3100,81.437
2014-02-11,82.91,83.28,82.50,82.72,2500,81.26
2014-02-10,81.16,83.00,81.12,82.75,4400,81.29
2014-02-07,82.82,83.50,79.90,80.47,10500,79.05
2014-02-06,81.75,83.04,81.15,82.90,15600,81.437
2014-02-05,80.04,82.00,79.95,81.75,5300,80.308
2014-02-04,80.00,80.89,78.68,79.86,14500,78.451
2014-02-03,84.15,84.27,82.35,82.35,5800,80.897
2014-01-31,82.50,84.40,82.50,84.40,6600,82.911
2014-01-30,82.60,82.94,82.60,82.66,1700,81.201
2014-01-29,82.60,83.38,82.45,83.00,3800,81.535
2014-01-28,82.00,82.40,81.39,82.00,9600,80.553
2014-01-27,79.45,82.49,78.67,81.50,16400,80.062
2014-01-24,80.15,81.00,80.00,80.22,8900,78.805
2014-01-23,79.84,81.00,79.84,80.49,7000,79.07
2014-01-22,80.29,80.71,80.00,80.50,2600,79.08
2014-01-21,80.92,80.92,80.00,80.50,2200,79.08
2014-01-20,80.50,80.62,80.18,80.50,2400,79.08
2014-01-17,80.87,81.00,80.26,80.59,5000,79.168
2014-01-16,80.19,80.85,79.95,80.85,3000,79.423
2014-01-15,79.35,80.64,79.35,80.36,2700,78.942
2014-01-14,79.58,80.85,79.43,79.55,4900,78.146
2014-01-13,80.67,80.69,79.80,80.33,2300,78.913
2014-01-10,80.59,80.59,80.00,80.01,2500,78.598
2014-01-09,79.10,80.44,79.06,79.90,5600,78.49
2014-01-08,79.70,81.30,77.77,79.75,20700,78.343
2014-01-07,79.04,82.90,78.79,82.31,10200,80.858
2014-01-06,79.80,79.80,77.70,79.31,5400,77.911
2014-01-03,76.14,79.48,76.09,79.48,5300,78.078
2014-01-02,74.08,77.48,74.08,75.78,9800,74.443
2014-01-01,74.40,74.40,74.40,74.40,000,73.087
2013-12-31,74.40,74.40,74.40,74.40,000,73.087
2013-12-30,74.40,74.40,73.71,74.40,4000,73.087
2013-12-27,74.11,74.52,73.84,73.84,4700,72.537
2013-12-26,74.25,74.25,74.25,74.25,000,72.94
2013-12-25,74.25,74.25,74.25,74.25,000,72.94
2013-12-24,74.25,74.25,74.25,74.25,000,72.94
2013-12-23,73.90,74.99,73.71,74.25,2700,72.94
2013-12-20,73.58,74.80,73.55,74.48,4100,73.166
2013-12-19,75.40,75.56,73.55,73.99,6700,72.684
2013-12-18,75.00,75.22,74.10,75.05,3600,73.726
2013-12-17,73.70,74.98,73.45,74.66,7100,73.343
2013-12-16,75.23,75.79,73.67,73.67,5800,72.37
2013-12-13,76.76,77.49,75.44,75.85,2500,74.512
2013-12-12,74.70,77.40,74.70,77.40,8600,76.034
2013-12-11,74.50,75.80,74.50,74.78,3100,73.461
2013-12-10,74.08,74.80,73.85,74.70,3500,73.382
2013-12-09,75.00,75.00,74.36,74.50,3200,73.185
2013-12-06,73.77,74.67,70.55,74.67,14100,73.352
2013-12-05,72.00,73.12,71.69,73.12,5500,71.83
2013-12-04,72.11,73.44,71.87,72.16,7600,70.887
2013-12-03,75.40,76.40,72.42,72.42,25100,71.142
2013-12-02,76.93,77.00,75.95,75.95,3900,74.61
2013-11-29,76.03,76.40,76.00,76.25,600,74.905
2013-11-28,76.20,76.50,76.02,76.48,1800,75.131
2013-11-27,75.30,76.50,75.01,76.20,5000,74.855
2013-11-26,75.02,75.95,73.02,75.33,15000,74.001
2013-11-25,76.60,76.61,74.42,75.64,6700,74.305
2013-11-22,77.00,77.00,76.50,76.99,6100,75.632
2013-11-21,77.00,77.00,76.42,76.65,3600,75.298
2013-11-20,76.88,77.00,76.26,76.83,6500,75.474
2013-11-19,76.96,77.00,76.40,76.82,5100,75.465
2013-11-18,77.00,77.16,76.60,76.96,5900,75.602
2013-11-15,78.30,78.30,76.30,76.50,21000,75.15
2013-11-14,75.17,78.44,74.69,77.89,24700,76.516
2013-11-13,73.43,74.51,72.34,74.51,5400,73.195
2013-11-12,74.56,74.88,70.37,72.79,16400,71.506
2013-11-11,74.98,75.33,73.34,74.41,9800,73.097
2013-11-08,76.70,77.50,74.64,74.83,5500,73.51
2013-11-07,78.33,78.33,76.22,76.28,7600,74.934
2013-11-06,79.50,79.96,76.00,78.33,18400,76.948
2013-11-05,79.50,79.50,77.60,78.50,7200,77.115
2013-11-04,78.90,79.60,78.50,79.30,15700,77.901
2013-11-01,74.70,78.50,74.70,78.50,17200,77.115
2013-10-31,79.00,79.00,72.92,74.47,22900,73.156
2013-10-30,79.50,79.95,78.50,79.10,6800,77.704
2013-10-29,80.00,80.24,79.62,79.70,4900,78.294
2013-10-28,80.02,80.38,79.70,80.10,7700,78.687
2013-10-25,79.50,80.00,79.20,80.00,6300,78.588
2013-10-24,80.60,80.60,79.20,79.90,3500,78.49
2013-10-23,80.00,80.42,79.07,80.42,6000,79.001
2013-10-22,80.90,81.00,78.00,79.60,14800,78.195
2013-10-21,80.56,81.80,80.52,80.90,20200,79.473
2013-10-18,78.50,80.56,78.41,80.00,15500,78.588
2013-10-17,78.68,79.00,78.42,78.70,6800,77.311
2013-10-16,79.00,79.00,78.30,79.00,7700,77.606
2013-10-15,79.90,79.97,78.50,79.30,14500,77.901
2013-10-14,79.96,79.96,78.22,79.26,9900,77.861
2013-10-11,79.33,80.09,79.01,80.00,6500,78.588
2013-10-10,78.85,79.30,77.84,79.00,5800,77.606
2013-10-09,81.39,81.39,76.65,79.37,20300,77.97
2013-10-08,82.10,83.00,81.39,81.53,4400,80.091
2013-10-07,85.01,85.01,82.00,82.09,10100,80.642
2013-10-04,84.45,85.10,84.20,85.00,21100,83.50
2013-10-03,84.06,85.53,84.06,84.50,6300,83.009
2013-10-02,86.10,86.43,82.51,84.04,20900,82.557
2013-10-01,80.55,87.50,80.55,86.20,33700,84.679
2013-09-30,80.80,81.27,79.72,80.56,17100,79.139
2013-09-27,76.00,80.97,75.83,80.97,10300,79.541
2013-09-26,75.62,76.01,74.97,75.29,9700,73.962
2013-09-25,74.20,75.57,73.97,75.50,11600,74.168
2013-09-24,72.20,74.20,72.20,74.20,6900,72.891
2013-09-23,73.00,73.00,72.06,72.82,6500,71.535
2013-09-20,72.25,73.61,70.99,73.61,10400,72.311
2013-09-19,70.95,72.50,70.82,72.21,4600,70.936
2013-09-18,72.00,72.00,69.81,70.35,7100,69.109
2013-09-17,71.92,72.08,70.00,71.85,7700,70.582
2013-09-16,73.50,73.60,71.64,72.14,7100,70.867
2013-09-13,71.90,73.99,71.62,73.58,4800,72.282
2013-09-12,73.23,74.21,71.73,72.09,7000,70.818
2013-09-11,71.80,72.83,71.51,72.83,2600,71.545
2013-09-10,71.40,71.98,70.85,71.60,12800,70.337
2013-09-09,71.25,71.60,70.67,70.79,2900,69.541
2013-09-06,71.90,71.90,71.30,71.60,6400,70.337
2013-09-05,71.75,73.47,70.55,71.50,16700,70.238
2013-09-04,72.20,72.50,69.52,71.07,7700,69.816
2013-09-03,72.68,74.66,72.00,72.50,11500,71.221
2013-09-02,76.41,76.95,73.59,74.00,9700,72.694
2013-08-30,74.75,75.95,74.10,75.16,8100,73.834
2013-08-29,72.76,76.13,72.70,74.85,18900,73.529
2013-08-28,70.76,72.00,67.55,72.00,28400,70.73
2013-08-27,76.41,76.41,70.72,72.00,21800,70.73
2013-08-26,75.69,76.83,74.50,76.39,25400,75.042
2013-08-23,73.17,78.40,73.17,75.00,62000,73.677
2013-08-22,67.20,70.00,66.80,69.61,6300,68.382
2013-08-21,67.35,67.90,66.80,66.80,4500,65.621
2013-08-20,69.40,69.44,66.94,67.20,7000,66.014
2013-08-19,69.31,69.85,68.69,69.50,7100,68.274
2013-08-16,70.20,70.20,68.70,69.87,6400,68.637
2013-08-15,69.10,70.73,68.53,70.22,7500,68.981
2013-08-14,71.85,71.99,68.26,69.94,14600,68.706
2013-08-13,72.20,72.34,70.72,72.03,10700,70.759
2013-08-12,71.86,72.19,70.15,72.19,14900,70.916
2013-08-09,68.13,72.45,68.12,71.29,26200,70.032
2013-08-08,70.70,71.13,66.13,68.34,43300,67.134
2013-08-07,64.49,70.49,64.24,69.91,55200,68.676
2013-08-06,59.00,63.95,58.73,63.11,32400,61.996
2013-08-05,54.44,56.50,53.69,56.17,33800,55.179
2013-08-02,53.76,53.76,51.60,51.60,5100,50.69
2013-08-01,54.81,54.81,53.67,53.88,2400,52.929
2013-07-31,55.94,55.94,55.08,55.08,1500,54.108
2013-07-30,54.80,56.00,54.77,55.89,2200,54.904
2013-07-29,55.82,55.99,54.71,54.96,4900,53.99
2013-07-26,55.15,55.75,55.15,55.75,700,54.766
2013-07-25,54.48,55.48,54.45,55.10,2700,54.128
2013-07-24,55.45,55.45,53.94,54.41,1100,53.45
2013-07-23,56.05,56.05,55.00,55.20,1100,54.226
2013-07-22,55.75,56.02,54.65,55.18,3800,54.206
2013-07-19,55.49,56.00,54.90,54.90,1900,53.931
2013-07-18,56.40,56.40,55.52,56.23,2000,55.238
2013-07-17,55.48,56.40,54.51,56.33,5900,55.336
2013-07-16,55.00,55.69,54.80,55.69,3000,54.707
2013-07-15,53.73,55.55,53.60,54.86,5400,53.892
2013-07-12,52.18,53.40,52.18,52.98,3100,52.045
2013-07-11,49.995,51.78,49.05,51.78,8300,50.866
2013-07-10,51.55,51.55,49.67,49.67,5600,48.794
2013-07-09,52.39,52.39,51.09,51.09,2300,50.189
2013-07-08,51.83,52.30,51.83,51.89,7300,50.974
2013-07-05,50.91,52.24,50.91,51.86,3500,50.945
2013-07-04,49.40,51.31,49.40,51.05,3400,50.149
2013-07-03,51.67,51.67,49.075,49.16,2300,48.293
2013-07-02,51.16,52.04,50.65,50.93,4600,50.031
2013-07-01,51.39,52.04,51.39,51.79,1400,50.876
2013-06-28,52.88,52.88,50.95,51.81,5100,50.896
2013-06-27,52.00,52.52,52.00,52.50,6500,51.574
2013-06-26,51.57,51.80,51.28,51.80,2300,50.886
2013-06-25,49.00,51.11,49.00,51.11,7300,50.208
2013-06-24,51.89,51.89,48.11,49.00,12100,48.135
2013-06-21,52.32,53.39,51.85,52.58,9900,51.652
2013-06-20,53.87,54.32,52.00,53.00,10500,52.065
2013-06-19,56.01,56.25,53.35,54.40,10100,53.44
2013-06-18,56.00,56.77,54.55,56.46,8600,55.464
2013-06-17,56.09,57.31,56.03,56.03,12000,55.041
2013-06-14,55.00,58.30,55.00,56.86,35600,55.857
2013-06-13,53.15,54.99,53.15,54.99,16600,54.02
2013-06-12,56.75,56.80,54.08,56.00,20800,55.012
2013-06-11,53.75,57.14,51.13,57.14,19600,56.132
2013-06-10,52.49,54.19,51.50,53.65,21200,52.703
2013-06-07,49.90,51.60,48.56,51.60,27600,50.69
2013-06-06,47.70,50.00,47.38,49.99,47000,49.108
2013-06-05,48.37,48.40,46.835,47.785,10100,46.942
2013-06-04,47.25,48.50,47.16,48.00,7800,47.153
2013-06-03,46.95,47.14,46.50,47.14,11000,46.308
2013-05-31,46.00,46.65,45.505,46.50,12400,45.68
2013-05-30,44.40,46.40,44.23,46.00,4400,45.188
2013-05-29,45.60,45.955,44.70,44.70,7900,43.911
2013-05-28,47.55,47.55,44.75,46.00,12500,45.188
2013-05-27,46.10,46.675,45.40,46.675,11300,45.851
2013-05-24,45.95,46.185,45.27,46.03,4400,44.668
2013-05-23,45.00,45.71,44.30,45.71,2300,44.357
2013-05-22,45.00,45.80,44.75,45.265,15000,43.925
2013-05-21,45.88,45.88,44.70,44.70,7300,43.377
2013-05-20,44.65,45.715,44.65,45.715,2000,44.362
2013-05-17,43.75,45.035,43.61,44.585,11900,43.265
2013-05-16,43.575,43.95,43.32,43.95,4400,42.649
2013-05-15,42.70,43.895,42.09,43.845,16100,42.547
2013-05-14,42.17,42.70,41.70,42.70,20500,41.436
2013-05-13,42.80,42.845,41.34,41.58,5800,40.349
2013-05-10,43.00,43.105,42.53,42.73,8100,41.465
2013-05-09,42.875,43.00,42.12,42.98,10800,41.708
2013-05-08,40.92,42.90,40.92,42.295,18300,41.043
2013-05-07,39.70,41.50,39.635,40.55,25500,39.35
2013-05-06,40.775,41.00,39.50,39.50,34600,38.331
2013-05-03,39.00,40.36,38.675,40.00,20500,38.816
2013-05-02,39.20,39.20,38.58,38.70,5400,37.555
2013-05-01,38.75,38.75,38.75,38.75,000,37.603
2013-04-30,38.00,38.945,38.00,38.75,4400,37.603
2013-04-29,37.92,38.40,37.92,38.175,2800,37.045
2013-04-26,37.81,38.405,37.60,38.00,9600,36.875
2013-04-25,39.795,39.795,38.145,38.145,6600,37.016
2013-04-24,40.59,40.59,38.895,39.50,22100,38.331
2013-04-23,41.805,41.805,40.00,40.00,6100,38.816
2013-04-22,40.51,41.20,40.51,41.20,700,39.981
2013-04-19,40.50,40.995,40.165,40.95,5600,39.738
2013-04-18,40.50,40.935,40.20,40.525,1200,39.326
2013-04-17,41.00,41.175,40.20,40.56,22900,39.36
2013-04-16,40.79,41.05,40.185,40.50,8800,39.301
2013-04-15,40.865,41.00,40.56,41.00,7000,39.787
2013-04-12,40.825,40.825,40.15,40.275,3000,39.083
2013-04-11,40.995,40.995,40.24,40.24,1500,39.049
2013-04-10,39.77,40.95,39.065,40.80,6500,39.592
2013-04-09,40.31,40.92,39.50,40.15,1600,38.962
2013-04-08,40.155,40.805,39.60,40.805,3100,39.597
2013-04-05,39.76,41.08,39.60,39.60,11100,38.428
2013-04-04,39.80,40.18,39.55,39.55,3100,38.379
2013-04-03,41.00,41.00,39.825,39.825,5300,38.646
2013-04-02,41.08,41.515,39.89,40.50,5000,39.301
2013-04-01,41.245,41.245,41.245,41.245,000,40.024
2013-03-29,41.245,41.245,41.245,41.245,000,40.024
2013-03-28,41.50,41.50,40.57,41.245,10800,40.024
2013-03-27,42.775,42.775,40.995,40.995,5900,39.782
2013-03-26,41.20,42.33,41.20,42.19,6500,40.941
2013-03-25,41.30,41.675,41.02,41.395,11800,40.17
2013-03-22,41.07,41.585,40.89,41.00,2700,39.787
2013-03-21,41.26,41.495,40.925,41.44,7200,40.214
2013-03-20,41.70,41.90,40.45,41.90,18300,40.66
2013-03-19,41.95,41.955,41.535,41.695,12600,40.461
2013-03-18,41.99,42.26,41.28,41.28,2800,40.058
2013-03-15,42.90,42.90,41.965,42.10,8500,40.854
2013-03-14,41.975,42.885,41.975,42.80,2200,41.533
2013-03-13,42.37,42.53,42.00,42.035,1000,40.791
2013-03-12,42.05,42.70,42.00,42.00,2400,40.757
2013-03-11,42.50,42.90,42.225,42.325,8600,41.072
2013-03-08,42.05,42.89,42.05,42.60,11000,41.339
2013-03-07,42.45,42.45,42.055,42.30,15800,41.048
2013-03-06,41.35,42.225,41.35,42.17,2800,40.922
2013-03-05,42.50,42.50,41.355,41.61,3400,40.378
2013-03-04,41.65,42.90,41.65,42.40,2400,41.145
2013-03-01,42.54,42.56,41.93,41.93,2300,40.689
2013-02-28,42.00,43.00,42.00,42.37,10500,41.116
2013-02-27,42.20,42.30,41.71,41.71,3500,40.476
2013-02-26,41.65,42.00,41.50,42.00,6400,40.757
2013-02-25,41.50,42.00,41.50,42.00,3500,40.757
2013-02-22,40.70,41.75,40.60,41.50,10100,40.272
2013-02-21,42.70,42.70,39.985,40.04,24200,38.855
2013-02-20,42.05,42.70,42.05,42.70,4500,41.436
2013-02-19,42.50,42.50,41.87,42.03,2100,40.786
2013-02-18,42.50,42.50,42.22,42.50,2700,41.242
2013-02-15,42.90,43.03,42.415,42.70,4100,41.436
2013-02-14,42.95,43.10,42.25,43.03,5700,41.756
2013-02-13,43.15,43.245,42.78,43.20,7900,41.921
2013-02-12,43.20,43.20,42.60,43.15,5000,41.873
2013-02-11,43.00,43.31,42.805,43.00,4900,41.727
2013-02-08,41.18,43.34,41.01,43.01,18900,41.737
2013-02-07,40.355,40.945,40.30,40.82,1900,39.612
2013-02-06,40.05,40.405,40.00,40.00,5300,38.816
2013-02-05,40.05,40.45,40.05,40.05,2900,38.865
2013-02-04,40.605,40.725,40.08,40.11,4100,38.923
2013-02-01,41.185,41.185,40.25,40.25,1600,39.059
2013-01-31,40.76,40.84,40.42,40.83,1600,39.622
2013-01-30,40.92,40.92,40.26,40.69,2300,39.486
2013-01-29,40.80,41.125,40.435,40.575,900,39.374
2013-01-28,40.475,40.925,40.405,40.795,1200,39.588
2013-01-25,41.00,41.345,40.75,40.775,2900,39.568
2013-01-24,40.56,41.00,40.465,41.00,3800,39.787
2013-01-23,40.575,40.80,40.28,40.49,2000,39.292
2013-01-22,40.505,41.38,40.30,40.575,6700,39.374
2013-01-21,40.79,40.79,40.155,40.155,700,38.967
2013-01-18,39.99,41.135,39.97,40.53,9600,39.33
2013-01-17,39.115,39.64,39.015,39.64,2200,38.467
2013-01-16,39.42,39.635,39.02,39.13,2000,37.972
2013-01-15,40.00,40.00,39.08,39.08,2400,37.923
2013-01-14,40.70,40.70,39.765,39.765,6500,38.588
2013-01-11,40.94,40.94,39.865,40.335,5500,39.141
2013-01-10,41.41,41.41,40.58,40.58,6400,39.379
2013-01-09,41.71,41.90,41.055,41.055,4100,39.84
2013-01-08,41.405,42.08,40.955,41.095,5400,39.879
2013-01-07,41.555,41.735,41.45,41.735,1300,40.50
2013-01-04,41.765,42.13,41.37,41.37,4700,40.146
2013-01-03,42.365,42.37,40.975,41.25,4900,40.029
2013-01-02,42.00,42.595,41.79,41.79,3100,40.553
2013-01-01,41.87,41.87,41.87,41.87,000,40.631
2012-12-31,41.87,41.87,41.87,41.87,000,40.631
2012-12-28,42.135,42.135,41.055,41.87,4700,40.631
2012-12-27,41.43,42.105,41.00,41.77,4900,40.534
2012-12-26,41.23,41.23,41.23,41.23,000,40.01
2012-12-25,41.23,41.23,41.23,41.23,000,40.01
2012-12-24,41.23,41.23,41.23,41.23,000,40.01
2012-12-21,40.50,42.135,40.50,41.23,16300,40.01
2012-12-20,41.00,41.49,40.00,40.395,7100,39.199
2012-12-19,40.60,42.41,40.50,41.00,10400,39.787
2012-12-18,40.25,40.645,40.20,40.645,2100,39.442
2012-12-17,40.00,40.225,39.76,40.00,11600,38.816
2012-12-14,42.10,42.25,40.06,40.31,17000,39.117
2012-12-13,43.41,43.495,41.745,42.00,10300,40.757
2012-12-12,43.95,43.95,43.715,43.79,2000,42.494
2012-12-11,44.00,44.00,43.825,44.00,1400,42.698
2012-12-10,43.75,43.995,43.75,43.92,500,42.62
2012-12-07,44.00,44.00,43.75,43.75,1700,42.455
2012-12-06,43.90,44.085,43.90,43.93,2700,42.63
2012-12-05,44.00,44.065,43.90,44.00,3500,42.698
2012-12-04,43.915,44.03,43.915,43.915,3900,42.615
2012-12-03,43.91,44.15,43.91,44.04,4900,42.737
2012-11-30,43.905,44.07,43.87,44.00,6400,42.698
2012-11-29,44.00,44.00,43.87,43.90,12700,42.601
2012-11-28,44.10,44.15,43.90,44.00,27600,42.698
2012-11-27,44.10,44.245,43.96,44.10,4800,42.795
2012-11-26,44.20,44.705,44.14,44.295,5600,42.984
2012-11-23,44.01,44.45,43.91,44.315,9800,43.003
2012-11-22,43.97,44.01,43.87,44.00,30300,42.698
2012-11-21,43.90,44.00,43.87,43.90,15400,42.601
2012-11-20,43.81,43.90,43.81,43.86,6400,42.562
2012-11-19,43.81,43.99,43.81,43.82,10300,42.523
2012-11-16,43.80,43.89,43.80,43.82,4600,42.523
2012-11-15,43.75,43.90,43.75,43.80,19900,42.504
2012-11-14,43.80,43.80,43.71,43.71,7100,42.416
2012-11-13,43.80,43.85,43.75,43.80,10900,42.504
2012-11-12,43.90,43.90,43.80,43.805,7600,42.509
2012-11-09,43.85,43.92,43.81,43.81,5500,42.513
2012-11-08,44.09,44.09,43.80,43.80,1400,42.504
2012-11-07,44.00,44.30,43.81,43.85,8400,42.552
2012-11-06,43.85,44.10,43.825,44.01,11000,42.707
2012-11-05,43.915,43.95,43.825,43.825,2800,42.528
2012-11-02,43.845,43.94,43.83,43.83,3500,42.533
2012-11-01,43.90,43.99,43.845,43.85,2700,42.552
2012-10-31,43.845,43.92,43.84,43.84,7400,42.542
2012-10-30,43.85,43.95,43.845,43.845,20300,42.547
2012-10-29,44.00,44.045,43.845,43.85,61000,42.552
2012-10-26,43.95,44.355,43.915,44.00,138800,42.698
2012-10-25,37.38,37.81,36.395,37.315,21700,36.211
2012-10-24,37.185,38.465,37.185,37.22,18400,36.118
2012-10-23,38.86,38.86,37.305,37.305,21500,36.201
2012-10-22,39.145,39.145,38.665,38.95,16300,37.797
2012-10-19,40.01,40.03,38.69,38.925,6600,37.773
2012-10-18,40.80,41.55,40.13,40.13,23100,38.942
2012-10-17,40.15,41.025,39.775,40.50,21300,39.301
2012-10-16,39.295,40.195,38.805,39.775,25200,38.598
2012-10-15,39.50,39.895,38.92,39.11,6900,37.952
2012-10-12,37.55,39.695,37.55,39.15,13300,37.991
2012-10-11,37.60,38.35,37.315,37.675,7700,36.56
2012-10-10,37.975,38.60,37.15,37.645,20600,36.531
2012-10-09,39.31,39.43,38.16,38.42,7000,37.283
2012-10-08,39.72,39.88,39.31,39.485,7800,38.316
2012-10-05,40.03,40.03,39.285,39.72,11600,38.544
2012-10-04,39.45,40.645,38.85,39.875,8700,38.695
2012-10-03,39.14,39.265,38.665,39.265,6300,38.103
2012-10-02,38.895,39.25,38.70,38.80,7900,37.652
2012-10-01,38.195,38.895,38.045,38.895,8500,37.744
2012-09-28,37.80,38.80,37.795,37.86,35300,36.739
2012-09-27,36.50,38.46,36.50,37.60,21200,36.487
2012-09-26,36.75,37.395,36.05,36.50,21500,35.42
2012-09-25,37.17,38.335,36.645,37.14,24000,36.041
2012-09-24,36.89,37.935,36.355,37.19,13900,36.089
2012-09-21,34.34,37.175,34.34,36.75,41800,35.662
2012-09-20,33.855,34.465,33.85,34.10,11600,33.091
2012-09-19,34.165,34.165,33.565,33.565,18000,32.572
2012-09-18,34.90,34.90,33.845,34.075,16600,33.067
2012-09-17,34.58,35.00,34.28,34.555,28800,33.532
2012-09-14,33.95,34.895,33.95,34.85,11700,33.819
2012-09-13,34.455,34.605,33.385,33.51,23300,32.518
2012-09-12,35.675,35.735,34.23,34.40,24300,33.382
2012-09-11,35.90,36.00,35.50,35.585,3000,34.532
2012-09-10,35.95,36.105,35.355,35.90,9700,34.837
2012-09-07,35.25,35.66,35.25,35.50,5100,34.449
2012-09-06,35.14,35.735,35.14,35.50,9700,34.449
2012-09-05,35.00,35.29,35.00,35.25,2500,34.207
2012-09-04,35.50,35.50,35.00,35.06,3800,34.022
2012-09-03,36.365,36.365,35.10,35.385,2300,34.338
2012-08-31,36.00,36.435,36.00,36.00,2600,34.935
2012-08-30,36.00,36.435,35.945,35.945,1500,34.881
2012-08-29,36.195,36.60,35.95,35.95,4600,34.886
2012-08-28,35.90,36.695,35.60,36.00,10600,34.935
2012-08-27,36.93,36.93,35.395,35.715,10200,34.658
2012-08-24,37.33,37.33,36.755,37.24,6400,36.138
2012-08-23,38.11,38.11,37.20,37.40,10500,36.293
2012-08-22,39.80,39.84,38.00,38.00,5700,36.875
2012-08-21,39.455,39.95,39.15,39.94,4900,38.758
2012-08-20,39.54,40.04,39.22,39.22,5000,38.059
2012-08-17,40.33,40.33,39.51,39.54,4700,38.37
2012-08-16,38.56,40.00,38.56,40.00,4200,38.816
2012-08-15,38.89,39.405,38.54,39.11,4000,37.952
2012-08-14,38.30,38.87,38.30,38.87,4000,37.72
2012-08-13,39.465,39.465,37.73,38.10,8200,36.972
2012-08-10,38.55,39.305,38.55,39.14,3500,37.982
2012-08-09,39.895,39.895,38.61,38.735,5300,37.589
2012-08-08,39.90,40.01,39.50,39.745,3700,38.569
2012-08-07,40.105,40.75,40.105,40.75,2500,39.544
2012-08-06,39.125,40.99,38.53,40.465,8200,39.267
2012-08-03,38.10,39.285,38.00,38.87,19300,37.72
2012-08-02,40.50,40.50,38.00,38.385,9600,37.249
2012-08-01,40.98,40.98,40.505,40.80,2500,39.592
2012-07-31,40.54,41.00,40.295,40.90,6400,39.69
2012-07-30,40.485,41.00,39.82,40.66,23600,39.457
2012-07-27,41.30,41.32,40.48,40.85,15000,39.641
2012-07-26,42.25,42.25,40.42,41.64,19000,40.408
2012-07-25,42.50,43.98,42.10,42.525,22200,41.266
2012-07-24,41.895,42.38,41.71,42.38,6100,41.126
2012-07-23,43.51,43.51,41.365,41.53,19000,40.301
2012-07-20,43.90,44.30,43.60,43.90,14200,42.601
2012-07-19,44.00,44.095,43.495,43.95,26700,42.649
2012-07-18,44.40,44.475,43.23,43.70,13600,42.407
2012-07-17,44.28,44.65,44.18,44.32,3800,43.008
2012-07-16,45.09,45.09,43.815,44.02,6700,42.717
2012-07-13,46.25,46.395,44.755,44.755,5900,43.43
2012-07-12,46.50,46.53,45.01,46.10,10100,44.736
2012-07-11,46.40,46.65,46.35,46.50,3800,45.124
2012-07-10,45.97,46.65,45.83,46.40,3700,45.027
2012-07-09,46.205,46.69,46.03,46.03,4500,44.668
2012-07-06,46.765,46.915,46.105,46.45,6800,45.075
2012-07-05,46.90,47.15,46.21,46.62,7600,45.24
2012-07-04,47.50,47.50,47.055,47.055,3000,45.662
2012-07-03,46.89,47.80,46.85,47.50,13900,46.094
2012-07-02,46.41,47.50,46.41,47.00,18700,45.609
2012-06-29,45.50,46.20,45.50,46.00,8100,44.639
2012-06-28,45.64,46.295,45.105,46.00,6600,44.639
2012-06-27,45.00,45.42,45.00,45.32,4300,43.979
2012-06-26,46.01,46.02,45.00,45.00,4200,43.668
2012-06-25,45.80,46.305,45.285,46.00,21700,44.639
2012-06-22,46.575,46.575,45.965,46.08,7800,44.716
2012-06-21,46.02,46.98,45.725,46.64,27500,45.26
2012-06-20,45.93,46.045,45.63,46.00,7900,44.639
2012-06-19,45.03,45.645,45.00,45.61,2200,44.26
2012-06-18,45.09,45.84,45.00,45.25,6400,43.911
2012-06-15,42.35,44.99,42.35,44.99,15300,43.658
2012-06-14,44.10,44.23,43.33,43.375,21100,41.548
2012-06-13,45.80,45.80,44.23,44.46,36700,42.587
2012-06-12,45.45,46.305,44.23,45.50,17500,43.583
2012-06-11,45.90,46.16,44.23,45.64,7500,43.717
2012-06-08,44.95,45.26,44.23,45.24,18400,43.334
2012-06-07,44.78,45.13,44.45,45.13,13900,43.229
2012-06-06,44.805,45.70,44.50,44.56,10800,42.683
2012-06-05,43.15,44.62,43.15,44.41,16000,42.539
2012-06-04,42.90,43.815,42.01,42.84,16600,41.035
2012-06-01,44.55,44.87,42.535,43.00,26000,41.189
2012-05-31,45.10,45.41,44.105,44.60,39600,42.721
2012-05-30,46.05,46.115,45.05,45.30,23700,43.392
2012-05-29,46.62,47.05,46.00,46.135,12500,44.192
2012-05-28,46.155,46.89,46.15,46.89,6300,44.915
2012-05-25,46.50,46.80,45.80,46.10,16300,44.158
2012-05-24,45.76,46.395,45.70,46.25,18400,44.302
2012-05-23,47.00,47.00,44.88,44.88,15500,42.989
2012-05-22,45.35,47.00,45.35,47.00,12800,45.02
2012-05-21,45.21,45.21,43.50,45.00,26000,43.104
2012-05-18,45.70,47.11,45.00,45.43,62100,43.516
2012-05-17,46.95,46.95,44.51,45.42,38100,43.507
2012-05-16,49.53,49.53,45.84,46.645,54400,44.68
2012-05-15,50.65,51.35,49.475,50.00,72000,47.894
2012-05-14,54.00,54.01,49.165,52.00,58100,49.81
2012-05-11,53.90,54.30,53.20,54.07,33700,51.792
2012-05-10,54.00,55.32,53.80,54.00,13700,51.725
2012-05-09,53.87,54.83,53.30,53.90,9700,51.629
2012-05-08,53.90,54.50,52.46,54.00,35000,51.725
2012-05-07,52.26,54.79,51.05,54.34,12900,52.051
2012-05-04,56.02,56.17,53.65,53.80,17900,51.534
2012-05-03,55.72,57.68,55.37,55.44,17500,53.105
2012-05-02,56.92,58.97,55.95,56.22,12700,53.852
2012-05-01,56.30,56.30,56.30,56.30,000,53.928
2012-04-30,56.45,57.11,55.07,56.30,13400,53.928
2012-04-27,57.87,57.87,55.63,56.36,10800,53.986
2012-04-26,57.35,58.90,56.51,57.95,19600,55.509
2012-04-25,55.25,57.95,54.32,56.85,29000,54.455
2012-04-24,52.93,55.57,52.34,55.25,17200,52.923
2012-04-23,55.98,55.98,52.37,52.37,20900,50.164
2012-04-20,55.81,56.07,55.69,56.00,6100,53.641
2012-04-19,56.75,56.75,54.52,56.00,12400,53.641
2012-04-18,58.00,58.28,54.70,56.25,31200,53.88
2012-04-17,53.55,58.50,52.74,58.50,48200,56.036
2012-04-16,52.37,53.35,52.37,52.90,4600,50.672
2012-04-13,54.15,54.15,52.52,52.70,12200,50.48
2012-04-12,53.09,54.57,53.09,53.65,8500,51.39
2012-04-11,50.00,53.58,50.00,52.65,15700,50.432
2012-04-10,51.11,51.11,50.00,50.00,11500,47.894
2012-04-09,51.60,51.60,51.60,51.60,000,49.426
2012-04-06,51.60,51.60,51.60,51.60,000,49.426
2012-04-05,51.95,51.95,50.06,51.60,11800,49.426
2012-04-04,54.00,54.00,50.66,51.31,25000,49.149
2012-04-03,53.37,54.08,52.81,53.75,11500,51.486
2012-04-02,55.53,55.53,52.48,52.90,19100,50.672
2012-03-30,54.50,55.00,54.30,55.00,5400,52.683
2012-03-29,55.60,55.60,54.00,54.00,12800,51.725
2012-03-28,56.80,56.81,55.33,56.17,9000,53.804
2012-03-27,56.89,58.88,56.60,56.60,14800,54.216
2012-03-26,55.92,56.50,55.74,56.50,16200,54.12
2012-03-23,53.42,55.56,53.33,55.23,18100,52.903
2012-03-22,54.00,54.00,52.55,52.64,9300,50.423
2012-03-21,55.03,55.45,53.35,53.80,14900,51.534
2012-03-20,56.00,56.00,53.01,54.91,47400,52.597
2012-03-19,49.18,56.86,49.175,56.52,73700,54.139
2012-03-16,49.84,49.92,49.085,49.085,31700,47.017
2012-03-15,47.45,50.08,46.955,50.00,45600,47.894
2012-03-14,47.50,47.50,46.38,46.75,6300,44.781
2012-03-13,44.80,47.245,44.495,47.245,11000,45.255
2012-03-12,45.87,45.87,44.71,44.71,9600,42.827
2012-03-09,45.46,45.87,44.87,45.87,14800,43.938
2012-03-08,45.86,46.435,45.05,45.255,16100,43.349
2012-03-07,46.215,46.59,45.145,45.54,22400,43.622
2012-03-06,49.18,49.725,46.38,46.755,63200,44.785
2012-03-05,49.30,49.88,49.205,49.485,9600,47.40
2012-03-02,48.85,49.44,48.475,49.435,9500,47.353
2012-03-01,48.445,49.085,48.41,48.85,9600,46.792
2012-02-29,48.825,48.85,48.02,48.44,13100,46.399
2012-02-28,48.205,48.81,48.00,48.395,6900,46.356
2012-02-27,48.01,48.31,45.05,48.31,33000,46.275
2012-02-24,48.485,48.805,47.50,47.69,13700,45.681
2012-02-23,49.61,49.65,47.90,48.27,15400,46.237
2012-02-22,51.35,51.36,49.47,49.775,11800,47.678
2012-02-21,51.90,51.95,51.11,51.55,13200,49.378
2012-02-20,50.09,51.90,49.375,51.90,15100,49.714
2012-02-17,50.42,50.42,49.35,49.655,3300,47.563
2012-02-16,50.33,50.33,49.155,50.00,5100,47.894
2012-02-15,50.47,50.99,50.00,50.38,9600,48.258
2012-02-14,49.955,51.08,49.34,50.04,28700,47.932
2012-02-13,49.50,50.15,48.06,49.93,26500,47.827
2012-02-10,50.00,50.50,48.56,49.51,25700,47.424
2012-02-09,50.40,50.50,49.65,49.94,11200,47.836
2012-02-08,50.43,50.89,50.19,50.50,5500,48.373
2012-02-07,50.90,50.90,49.00,50.44,36300,48.315
2012-02-06,51.07,51.89,49.59,50.99,34800,48.842
2012-02-03,49.00,51.14,48.68,51.03,32700,48.88
2012-02-02,49.30,49.75,48.505,49.11,20400,47.041
2012-02-01,46.33,49.30,46.30,49.20,42700,47.127
2012-01-31,45.05,47.31,45.00,46.16,38900,44.216
2012-01-30,43.38,44.85,43.255,44.52,45100,42.645
2012-01-27,43.80,44.16,43.53,43.53,12300,41.696
2012-01-26,44.65,44.65,42.975,44.08,52900,42.223
2012-01-25,45.00,45.61,44.55,44.60,29800,42.721
2012-01-24,45.07,45.85,44.565,45.055,27100,43.157
2012-01-23,45.70,46.72,45.34,45.34,13500,43.43
2012-01-20,45.20,45.50,43.80,45.275,54600,43.368
2012-01-19,45.79,46.55,44.785,45.24,32200,43.334
2012-01-18,45.22,45.90,44.70,45.41,48500,43.497
2012-01-17,47.50,47.50,44.80,45.20,35800,43.296
2012-01-16,44.35,46.455,44.15,46.23,23500,44.283
2012-01-13,44.59,45.725,44.00,44.495,60900,42.621
2012-01-12,42.40,44.505,42.40,44.20,32700,42.338
2012-01-11,42.20,43.23,41.14,42.22,49000,40.441
2012-01-10,42.915,43.745,41.655,41.98,47800,40.212
2012-01-09,41.33,42.68,41.20,42.53,50800,40.738
2012-01-06,41.075,41.375,40.46,41.36,22000,39.618
2012-01-05,40.42,41.445,40.03,41.075,19500,39.345
2012-01-04,41.95,42.12,40.22,40.22,14400,38.526
2012-01-03,42.70,42.955,41.715,41.88,19200,40.116
2012-01-02,41.10,42.57,41.00,42.57,13800,40.777
2011-12-30,41.11,41.84,40.495,41.05,24500,39.321
2011-12-29,41.36,41.455,40.30,40.99,27200,39.263
2011-12-28,42.10,42.59,41.12,41.56,55500,39.809
2011-12-27,42.21,42.80,41.995,42.15,34000,40.374
2011-12-26,41.79,41.79,41.79,41.79,000,40.03
2011-12-23,41.705,42.10,40.995,41.79,45400,40.03
2011-12-22,40.07,41.39,40.07,41.39,13900,39.646
2011-12-21,42.00,43.00,40.00,40.07,62400,38.382
2011-12-20,41.085,41.76,40.195,41.30,41900,39.56
2011-12-19,40.235,41.525,40.02,40.835,71100,39.115
2011-12-16,41.20,41.20,38.95,39.88,62700,38.20
2011-12-15,41.50,41.87,40.705,41.015,49800,39.287
2011-12-14,43.10,43.68,41.00,41.605,66900,39.852
2011-12-13,43.70,44.90,43.11,43.435,36600,41.605
2011-12-12,48.68,48.755,43.35,43.50,45300,41.668
2011-12-09,47.80,49.30,47.34,48.25,14600,46.217
2011-12-08,48.90,50.36,47.725,47.84,17200,45.825
2011-12-07,51.02,52.04,48.50,48.88,12200,46.821
2011-12-06,50.50,51.99,49.87,50.27,17500,48.152
2011-12-05,53.10,55.70,51.17,51.55,24300,49.378
2011-12-02,49.25,52.60,49.175,52.44,20100,50.231
2011-12-01,50.31,50.57,48.50,48.85,26900,46.792
2011-11-30,46.21,50.13,45.52,50.13,27600,48.018
2011-11-29,48.00,48.125,46.44,46.625,13200,44.661
2011-11-28,46.835,48.31,46.835,48.24,19300,46.208
2011-11-25,48.01,48.45,45.68,46.25,27800,44.302
2011-11-24,45.80,48.785,45.39,48.175,32000,46.146
2011-11-23,46.80,46.91,45.80,45.80,25200,43.871
2011-11-22,49.77,50.14,46.85,46.85,53300,44.876
2011-11-21,51.45,51.47,49.695,50.00,17500,47.894
2011-11-18,51.96,52.20,50.65,51.26,16800,49.101
2011-11-17,54.97,54.97,52.06,52.50,25200,50.288
2011-11-16,57.35,57.91,55.15,55.62,16800,53.277
2011-11-15,59.00,59.76,57.52,58.28,29400,55.825
2011-11-14,59.50,60.22,58.84,58.84,8600,56.361
2011-11-11,59.60,59.60,59.03,59.15,8000,56.658
2011-11-10,60.50,60.50,58.74,59.08,18600,56.591
2011-11-09,64.07,64.13,59.70,61.34,18600,58.756
2011-11-08,59.99,63.58,59.81,63.00,34100,60.346
2011-11-07,61.26,61.26,58.97,59.60,10700,57.089
2011-11-04,62.76,63.30,59.93,60.95,11700,58.382
2011-11-03,57.05,62.53,56.09,62.53,21000,59.896
2011-11-02,59.95,61.32,59.54,59.88,12900,57.358
2011-11-01,57.50,60.22,55.30,59.40,40000,56.898
2011-10-31,60.30,61.35,59.77,60.57,24700,58.019
2011-10-28,61.50,61.87,60.43,60.69,46400,58.133
2011-10-27,60.01,61.00,59.61,60.76,17800,58.20
2011-10-26,59.07,59.89,58.56,59.15,14700,56.658
2011-10-25,61.00,61.00,59.47,59.47,16200,56.965
2011-10-24,60.19,61.79,59.94,60.50,14800,57.951
2011-10-21,59.29,59.85,58.56,59.49,12200,56.984
2011-10-20,61.50,61.50,59.27,59.29,18000,56.792
2011-10-19,62.38,62.61,60.10,61.33,16700,58.746
2011-10-18,61.33,62.19,59.51,61.38,30400,58.794
2011-10-17,63.61,66.00,58.00,61.25,45100,58.67
2011-10-14,61.50,63.61,61.41,62.84,14500,60.193
2011-10-13,62.91,63.00,60.04,61.27,23000,58.689
2011-10-12,62.20,63.86,61.66,62.40,33100,59.771
2011-10-11,58.00,62.20,57.27,62.20,25100,59.58
2011-10-10,57.06,58.25,55.50,58.15,15600,55.70
2011-10-07,58.06,58.74,55.71,57.10,23900,54.695
2011-10-06,54.53,57.59,53.90,57.54,30900,55.116
2011-10-05,49.085,54.49,49.085,53.84,28400,51.572
2011-10-04,50.80,50.80,47.43,48.355,46900,46.318
2011-10-03,52.18,53.38,50.60,50.83,11700,48.689
2011-09-30,54.49,55.20,51.36,54.61,50600,52.31
2011-09-29,55.49,55.49,53.20,54.15,14900,51.869
2011-09-28,55.50,56.21,54.95,55.51,14200,53.172
2011-09-27,54.00,56.50,53.55,56.25,32300,53.88
2011-09-26,52.30,53.59,51.23,52.20,24300,50.001
2011-09-23,53.11,53.82,50.92,51.87,21600,49.685
2011-09-22,57.01,57.01,52.20,52.25,31400,50.049
2011-09-21,60.98,62.60,57.01,57.19,43200,54.781
2011-09-20,55.23,61.32,55.07,61.32,45400,58.737
2011-09-19,53.71,56.09,51.56,55.80,27200,53.449
2011-09-16,51.90,54.79,50.80,54.79,46900,52.482
2011-09-15,52.00,52.79,51.50,51.50,10400,49.331
2011-09-14,48.00,52.59,47.81,51.41,21900,49.244
2011-09-13,48.535,49.10,47.50,48.32,13100,46.285
2011-09-12,47.995,48.275,46.725,47.10,24500,45.116
2011-09-09,51.65,52.06,49.435,49.435,32400,47.353
2011-09-08,52.40,53.19,51.06,52.02,33800,49.829
2011-09-07,48.90,52.86,47.65,51.96,46500,49.771
2011-09-06,45.31,47.55,45.31,47.19,26000,45.202
2011-09-05,46.44,47.005,45.23,45.755,27600,43.828
2011-09-02,47.49,47.63,46.42,47.63,11000,45.624
2011-09-01,49.635,49.635,47.085,47.765,23500,45.753
2011-08-31,49.16,49.28,48.59,49.20,20000,47.127
2011-08-30,47.90,48.96,47.43,48.96,31100,46.898
2011-08-29,46.82,47.985,46.505,47.475,6900,45.475
2011-08-26,46.00,46.45,45.305,46.45,8700,44.493
2011-08-25,47.06,47.90,45.08,45.77,13400,43.842
2011-08-24,47.925,47.925,46.00,46.50,6800,44.541
2011-08-23,46.00,48.00,46.00,47.49,29000,45.489
2011-08-22,43.755,46.00,43.42,45.32,17900,43.411
2011-08-19,43.44,44.365,42.15,43.755,22600,41.912
2011-08-18,44.88,44.88,43.05,43.655,29200,41.816
2011-08-17,47.20,47.20,44.75,45.465,27600,43.55
2011-08-16,49.525,49.525,47.17,47.945,20300,45.925
2011-08-15,50.21,51.43,48.65,49.97,24800,47.865
2011-08-12,47.25,49.38,46.75,49.19,37900,47.118
2011-08-11,46.50,46.90,44.62,46.715,23800,44.747
2011-08-10,46.50,46.97,43.86,45.00,44300,43.104
2011-08-09,42.22,44.50,39.01,43.89,35800,42.041
2011-08-08,42.875,44.69,40.35,42.565,57100,40.772
2011-08-05,44.98,46.19,42.65,44.22,67500,42.357
2011-08-04,50.20,51.01,45.22,46.10,40100,44.158
2011-08-03,53.57,54.13,48.905,49.595,68300,47.506
2011-08-02,56.91,57.75,53.80,54.96,29500,52.645
2011-08-01,62.65,63.97,59.49,60.12,35700,57.587
2011-07-29,58.85,61.01,58.46,61.01,22600,58.44
2011-07-28,59.60,59.60,57.38,58.99,10900,56.505
2011-07-27,59.67,60.30,59.00,59.60,14400,57.089
2011-07-26,58.34,60.79,58.34,59.15,37200,56.658
2011-07-25,57.25,58.00,57.25,58.00,18700,55.557
2011-07-22,57.51,57.85,57.00,57.30,22500,54.886
2011-07-21,57.62,58.00,56.59,57.70,25000,55.269
2011-07-20,56.93,57.76,56.64,57.12,42700,54.714
2011-07-19,55.30,57.74,55.00,56.40,68500,54.024
2011-07-18,53.67,55.45,53.46,55.45,37800,53.114
2011-07-15,52.82,54.00,52.68,53.80,32300,51.534
2011-07-14,52.72,53.30,52.47,53.30,49700,51.055
2011-07-13,53.00,53.26,51.54,52.92,28400,50.691
2011-07-12,51.18,53.30,49.255,53.30,25000,51.055
2011-07-11,54.14,54.64,52.04,52.99,29400,50.758
2011-07-08,54.80,54.90,54.14,54.65,18100,52.348
2011-07-07,54.04,54.65,53.13,54.65,18500,52.348
2011-07-06,54.41,54.41,53.21,53.83,6600,51.562
2011-07-05,53.92,55.23,53.91,54.34,13600,52.051
2011-07-04,53.00,53.91,52.71,53.76,8000,51.495
2011-07-01,54.20,54.81,53.00,53.00,9100,50.767
2011-06-30,55.22,56.00,53.21,54.15,19300,51.869
2011-06-29,55.00,56.00,54.69,55.74,10100,53.392
2011-06-28,54.70,55.00,54.55,54.96,5500,52.645
2011-06-27,53.18,55.23,53.18,54.70,13000,52.396
2011-06-24,52.45,53.55,52.45,53.09,16300,50.854
2011-06-23,54.00,54.46,51.42,51.99,15800,49.80
2011-06-22,54.32,54.65,53.68,54.24,14900,51.955
2011-06-21,54.75,54.75,53.95,54.17,9300,51.888
2011-06-20,55.05,55.31,53.74,54.61,13000,52.31
2011-06-17,55.95,55.95,54.36,55.07,23600,52.75
2011-06-16,55.48,55.72,54.85,55.72,9400,53.373
2011-06-15,55.29,55.50,54.66,55.50,6600,53.162
2011-06-14,55.45,55.45,54.51,55.16,12100,52.836
2011-06-13,54.95,55.33,54.65,55.31,14300,52.98
2011-06-10,55.88,55.97,54.40,55.22,30600,52.894
2011-06-09,55.00,55.98,54.58,55.62,13900,53.277
2011-06-08,56.89,56.89,54.55,54.85,25200,52.539
2011-06-07,56.33,57.30,56.00,56.51,22800,54.13
2011-06-06,58.01,58.17,55.00,55.58,56800,53.239
2011-06-03,54.44,57.16,53.74,57.00,23900,54.599
2011-06-02,54.28,54.28,53.50,54.02,13300,51.744
2011-06-01,54.00,54.89,53.50,53.79,23800,51.524
2011-05-31,53.19,54.06,53.10,53.50,44700,51.246
2011-05-30,53.19,53.19,52.65,52.90,6700,50.672
2011-05-27,52.90,53.22,52.55,53.00,42000,50.767
2011-05-26,53.50,53.50,52.31,52.40,33600,50.193
2011-05-25,51.54,53.49,51.54,53.45,27300,51.198
2011-05-24,52.50,52.93,51.13,51.45,22600,49.283
2011-05-23,53.50,53.50,52.10,52.99,33200,50.758
2011-05-20,54.90,54.90,52.15,54.35,76300,52.061
2011-05-19,51.50,55.89,51.44,54.99,35800,52.674
2011-05-18,49.25,50.95,49.245,50.47,31800,48.344
2011-05-17,49.42,49.43,48.50,48.57,26100,46.524
2011-05-16,49.485,50.00,49.435,49.69,23000,47.597
2011-05-13,49.995,50.00,49.485,49.485,9700,47.40
2011-05-12,51.00,51.20,49.475,49.90,26600,47.798
2011-05-11,51.45,52.28,50.63,51.05,27300,48.90
2011-05-10,47.055,50.38,47.01,50.38,22700,48.258
2011-05-09,45.50,46.32,45.45,46.32,11300,44.369
2011-05-06,46.99,46.99,45.60,45.60,5600,43.679
2011-05-05,47.195,47.61,46.375,47.00,8900,45.02
2011-05-04,45.60,47.815,45.50,47.785,9300,45.772
2011-05-03,46.36,46.515,45.60,45.80,6900,43.871
2011-05-02,48.00,48.95,46.005,46.305,15300,44.354
2011-04-29,47.20,47.99,47.00,47.99,9200,45.968
2011-04-28,48.60,49.025,46.30,47.00,23900,45.02
2011-04-27,48.00,49.17,47.72,48.995,17000,46.931
2011-04-26,46.125,48.17,45.935,47.705,14800,45.695
2011-04-21,44.00,45.98,44.00,45.87,12400,43.938
2011-04-20,43.70,44.42,43.68,44.00,16000,42.147
2011-04-19,43.225,43.60,42.41,43.515,14700,41.682
2011-04-18,43.35,43.875,42.915,43.60,12500,41.763
2011-04-15,43.295,43.50,42.60,43.50,5600,41.668
2011-04-14,41.875,43.27,41.875,42.915,11500,41.107
2011-04-13,40.74,41.80,40.74,41.70,11500,39.943
2011-04-12,41.205,41.28,40.80,41.28,4000,39.541
2011-04-11,42.18,42.27,40.95,41.32,8500,39.579
2011-04-08,42.97,42.97,42.00,42.56,6000,40.767
2011-04-07,43.41,43.495,42.235,42.62,10200,40.825
2011-04-06,43.00,43.50,42.60,43.43,9000,41.601
2011-04-05,43.28,43.50,42.37,43.15,27800,41.332
2011-04-04,43.30,45.00,42.10,43.50,40400,41.668
2011-04-01,41.68,43.685,41.68,43.685,14600,41.845
2011-03-31,42.50,42.60,41.23,41.675,11000,39.919
2011-03-30,41.00,43.375,41.00,42.50,50200,40.71
2011-03-29,40.72,41.00,40.30,41.00,1900,39.273
2011-03-28,40.49,41.00,40.01,40.445,6100,38.741
2011-03-25,41.70,41.70,40.205,40.205,7500,38.511
2011-03-24,41.935,42.00,41.10,41.80,9900,40.039
2011-03-23,41.52,41.85,40.84,41.70,15100,39.943
2011-03-22,41.75,42.00,41.415,42.00,16600,40.231
2011-03-21,40.50,41.80,40.50,41.70,15100,39.943
2011-03-18,40.01,40.50,39.335,40.50,10500,38.794
2011-03-17,37.76,39.975,37.76,39.70,13000,38.028
2011-03-16,39.48,39.735,37.825,37.87,17400,36.275
2011-03-15,39.00,40.00,36.20,40.00,41500,38.315
2011-03-14,41.21,41.285,39.31,40.00,15300,38.315
2011-03-11,41.03,41.995,40.67,41.995,18000,40.226
2011-03-10,41.05,41.38,40.815,41.38,13800,39.637
2011-03-09,40.50,41.59,40.50,41.59,12000,39.838
2011-03-08,40.20,40.60,40.11,40.49,2000,38.784
2011-03-07,40.80,41.13,40.01,40.535,6400,38.827
2011-03-04,40.00,41.085,40.00,41.085,5300,39.354
2011-03-03,40.37,40.37,39.385,40.00,2800,38.315
2011-03-02,40.50,40.63,39.835,40.185,4900,38.492
2011-03-01,41.00,41.68,40.50,40.755,13200,39.038
2011-02-28,40.35,40.935,40.05,40.935,12200,39.211
2011-02-25,39.30,40.53,39.21,40.455,25400,38.751
2011-02-24,38.95,39.19,38.35,39.17,10400,37.52
2011-02-23,39.95,39.95,38.90,39.245,9700,37.592
2011-02-22,38.89,39.885,38.50,39.75,11200,38.076
2011-02-21,39.25,39.56,38.93,39.25,4700,37.597
2011-02-18,40.00,40.00,39.28,39.535,9100,37.87
2011-02-17,40.39,40.68,39.335,39.84,17800,38.162
2011-02-16,39.585,40.835,39.31,40.485,21500,38.78
2011-02-15,38.70,40.445,38.70,39.94,19900,38.258
2011-02-14,39.03,39.60,38.65,38.95,24700,37.309
2011-02-11,38.33,39.38,38.00,39.30,34400,37.644
2011-02-10,38.02,38.325,37.51,38.275,36700,36.663
2011-02-09,39.99,39.99,38.02,38.37,31100,36.754
2011-02-08,41.50,41.50,39.72,40.00,10000,38.315
2011-02-07,42.32,42.32,41.06,41.20,21800,39.464
2011-02-04,41.315,42.19,41.205,41.95,25100,40.183
2011-02-03,40.60,41.685,40.60,41.685,17100,39.929
2011-02-02,39.92,40.50,38.70,40.50,31200,38.794
2011-02-01,40.185,40.185,39.55,39.89,2300,38.21
2011-01-31,40.635,40.635,39.29,40.00,10000,38.315
2011-01-28,40.70,41.865,40.38,40.60,21200,38.89
2011-01-27,40.765,40.765,39.70,40.50,21600,38.794
2011-01-26,40.205,40.70,40.205,40.70,13200,38.986
2011-01-25,40.34,40.75,40.02,40.52,11200,38.813
2011-01-24,39.75,40.48,39.75,40.40,15000,38.698
2011-01-21,40.39,40.47,39.605,40.29,10300,38.593
2011-01-20,41.10,41.10,39.95,40.38,7200,38.679
2011-01-19,40.20,41.205,39.955,41.10,12800,39.369
2011-01-18,40.99,40.99,38.60,40.00,45600,38.315
2011-01-17,42.90,42.90,39.50,40.94,34900,39.215
2011-01-14,42.95,42.95,42.00,42.30,15100,40.518
2011-01-13,42.24,43.50,42.055,42.75,33900,40.949
2011-01-12,40.30,41.95,40.20,41.80,68500,40.039
2011-01-11,40.335,40.50,39.75,39.95,52800,38.267
2011-01-10,40.68,41.45,39.72,39.77,36300,38.095
2011-01-07,38.00,40.235,38.00,40.11,41000,38.42
2011-01-06,37.50,37.90,37.44,37.85,18600,36.256
2011-01-05,37.64,37.70,37.18,37.50,11500,35.92
2011-01-04,37.00,37.60,36.86,37.50,15200,35.92
2011-01-03,36.04,37.00,36.04,36.95,7300,35.393
2010-12-30,36.40,36.40,35.66,36.35,6800,34.819
2010-12-29,36.40,36.40,36.10,36.40,8100,34.867
2010-12-28,36.25,36.50,35.45,36.49,6200,34.953
2010-12-27,36.47,36.50,35.465,36.265,4700,34.737
2010-12-23,36.295,36.95,36.295,36.49,7500,34.953
2010-12-22,35.725,36.75,35.52,36.75,13400,35.202
2010-12-21,35.10,35.855,35.10,35.855,9300,34.345
2010-12-20,35.79,35.79,34.675,35.50,8400,34.005
2010-12-17,35.66,35.975,35.50,35.80,10800,34.292
2010-12-16,35.85,36.00,35.52,36.00,2300,34.484
2010-12-15,35.88,35.99,35.375,35.875,6700,34.364
2010-12-14,35.88,36.15,35.07,36.08,15800,34.56
2010-12-13,35.75,36.15,35.42,36.15,22100,34.627
2010-12-10,35.06,35.75,34.85,35.75,41800,34.244
2010-12-09,33.80,35.50,33.80,35.50,55400,34.005
2010-12-08,33.30,33.75,32.615,33.75,8700,32.328
2010-12-07,32.99,33.065,32.50,33.065,13200,31.672
2010-12-06,33.00,33.155,32.18,32.795,22000,31.414
2010-12-03,33.04,33.75,32.605,33.33,19700,31.926
2010-12-02,33.55,33.885,32.845,33.395,10400,31.988
2010-12-01,33.395,33.79,33.35,33.79,5700,32.367
2010-11-30,33.25,33.50,32.50,33.50,10500,32.089
2010-11-29,32.99,33.345,32.22,33.30,11000,31.897
2010-11-26,32.53,33.00,32.35,33.00,4100,31.61
2010-11-25,32.35,32.77,32.06,32.77,3600,31.39
2010-11-24,32.34,32.34,31.825,32.10,8400,30.748
2010-11-23,31.25,32.34,31.25,32.34,10700,30.978
2010-11-22,31.67,32.20,31.12,32.20,15400,30.844
2010-11-19,32.90,33.075,31.05,31.78,33100,30.441
2010-11-18,32.90,33.20,32.55,32.90,11100,31.514
2010-11-17,33.60,33.60,32.50,32.99,22700,31.60
2010-11-16,33.50,33.80,33.00,33.00,41300,31.61
2010-11-15,33.00,34.45,33.00,33.20,32800,31.801
2010-11-12,32.00,32.175,31.755,32.10,1200,30.748
2010-11-11,32.18,32.18,31.505,32.10,106400,30.748
2010-11-10,31.74,32.20,31.265,32.10,9400,30.748
2010-11-09,32.00,32.10,31.55,32.10,9700,30.748
2010-11-08,31.93,31.94,31.66,31.94,2400,30.595
2010-11-05,31.40,31.94,31.30,31.90,9500,30.556
2010-11-04,30.50,31.37,30.50,31.37,8100,30.049
2010-11-03,31.40,31.56,30.00,30.33,14300,29.052
2010-11-02,31.05,31.60,31.05,31.50,5900,30.173
2010-11-01,31.70,31.88,30.165,31.50,11300,30.173
2010-10-29,31.035,31.665,31.035,31.665,7500,30.331
2010-10-28,31.34,31.60,31.035,31.035,8700,29.728
2010-10-27,31.45,31.50,31.09,31.185,3400,29.871
2010-10-26,30.70,31.20,30.00,31.20,10400,29.886
2010-10-25,31.50,31.66,29.98,30.30,22400,29.024
2010-10-22,31.18,31.18,30.065,30.915,4200,29.613
2010-10-21,31.00,31.34,30.90,31.30,2600,29.981
2010-10-20,31.10,31.45,29.65,31.00,11300,29.694
2010-10-19,31.64,31.64,30.66,31.00,8300,29.694
2010-10-18,30.92,31.20,30.53,31.195,5200,29.881
2010-10-15,30.21,30.53,30.06,30.485,2500,29.201
2010-10-14,29.90,30.65,29.90,30.65,3200,29.359
2010-10-13,29.81,30.20,29.65,30.20,2500,28.928
2010-10-12,29.65,30.195,29.65,29.86,500,28.602
2010-10-11,30.115,30.25,29.80,29.80,1500,28.545
2010-10-08,29.885,30.565,29.70,30.55,3900,29.263
2010-10-07,30.10,30.10,29.50,29.78,4400,28.526
2010-10-06,29.325,29.75,29.325,29.75,9100,28.497
2010-10-05,29.72,29.995,29.50,29.75,6600,28.497
2010-10-04,28.935,29.745,28.935,29.715,4300,28.463
2010-10-01,28.65,29.17,28.65,28.935,2400,27.716
2010-09-30,29.01,29.30,28.71,28.80,10100,27.587
2010-09-29,28.71,29.07,28.71,29.01,10700,27.788
2010-09-28,28.95,28.95,28.70,28.85,1700,27.635
2010-09-27,28.30,29.04,28.30,29.04,9200,27.817
2010-09-24,28.80,28.90,28.305,28.90,1500,27.683
2010-09-23,28.50,28.80,28.30,28.50,3300,27.299
2010-09-22,28.90,28.90,28.31,28.50,18400,27.299
2010-09-21,28.50,29.04,28.50,29.00,11200,27.778
2010-09-20,28.905,28.905,28.89,28.89,600,27.673
2010-09-17,28.50,29.00,28.50,28.50,16700,27.299
2010-09-16,28.635,28.635,28.00,28.49,5200,27.29
2010-09-15,28.50,28.50,28.23,28.235,1400,27.046
2010-09-14,27.91,28.72,27.91,28.45,8400,27.252
2010-09-13,28.30,28.70,27.80,28.10,9500,26.916
2010-09-10,28.00,28.70,27.955,28.50,23700,27.299
2010-09-09,28.70,28.70,27.99,28.19,5100,27.003
2010-09-08,27.95,28.845,27.58,28.845,6800,27.63
2010-09-07,27.55,27.98,26.785,27.70,8300,26.533
2010-09-06,27.59,27.935,27.39,27.90,5200,26.725
2010-09-03,28.00,28.00,27.98,27.98,4400,26.801
2010-09-02,27.95,28.00,27.80,27.96,3500,26.782
2010-09-01,27.40,27.95,26.62,27.95,14800,26.773
2010-08-31,27.85,27.85,27.40,27.40,16700,26.246
2010-08-30,27.70,27.80,27.60,27.80,5000,26.629
2010-08-27,27.80,27.895,27.50,27.50,3100,26.342
2010-08-26,27.90,27.90,27.505,27.655,900,26.49
2010-08-25,27.88,27.88,27.50,27.50,500,26.342
2010-08-24,27.94,27.94,27.37,27.50,3800,26.342
2010-08-23,28.32,28.495,27.48,27.62,8100,26.457
2010-08-20,28.44,28.45,28.02,28.45,6500,27.252
2010-08-19,28.50,28.84,28.12,28.12,2200,26.935
2010-08-18,28.70,28.845,28.25,28.50,5000,27.299
2010-08-17,28.30,28.60,28.30,28.60,900,27.395
2010-08-16,28.60,28.73,28.45,28.45,1400,27.252
2010-08-13,28.455,28.675,28.10,28.50,11100,27.299
2010-08-12,28.51,28.80,28.40,28.50,19400,27.299
2010-08-11,28.50,28.64,28.25,28.44,7600,27.242
2010-08-10,28.505,28.80,28.50,28.50,1200,27.299
2010-08-09,28.45,28.80,28.45,28.80,2000,27.587
2010-08-06,28.78,28.78,28.50,28.50,900,27.299
2010-08-05,28.88,28.88,28.50,28.50,700,27.299
2010-08-04,28.45,28.50,28.45,28.50,1000,27.299
2010-08-03,28.58,29.00,28.41,28.50,1800,27.299
2010-08-02,28.935,28.995,28.58,28.995,2200,27.774
2010-07-30,28.50,28.975,28.10,28.80,800,27.587
2010-07-29,28.50,28.65,28.25,28.50,6300,27.299
2010-07-28,28.485,28.75,27.90,28.50,5600,27.299
2010-07-27,28.79,28.995,28.495,28.90,2700,27.683
2010-07-26,28.515,28.79,28.50,28.79,4700,27.577
2010-07-23,28.585,28.995,28.50,28.50,700,27.299
2010-07-22,28.40,29.00,28.115,29.00,15200,27.778
2010-07-21,28.17,28.17,28.00,28.00,200,26.821
2010-07-20,28.05,28.40,28.00,28.40,28100,27.204
2010-07-19,28.00,28.40,28.00,28.40,600,27.204
2010-07-16,28.40,28.40,28.00,28.00,000,26.821
2010-07-15,28.25,28.48,28.005,28.005,1100,26.825
2010-07-14,27.89,28.30,27.89,28.28,800,27.089
2010-07-13,28.30,28.30,27.735,28.29,400,27.098
2010-07-12,27.925,28.30,27.87,28.30,5600,27.108
2010-07-09,27.75,28.34,27.75,28.25,2300,27.06
2010-07-08,28.135,28.155,27.75,28.15,2400,26.964
2010-07-07,27.51,27.93,27.51,27.93,900,26.753
2010-07-06,27.80,27.925,27.555,27.925,700,26.749
2010-07-05,27.61,27.95,27.51,27.95,1900,26.773
2010-07-02,27.995,27.995,27.615,27.99,300,26.811
2010-07-01,27.99,28.00,27.505,28.00,1400,26.821
2010-06-30,28.495,28.50,27.50,28.00,8700,26.821
2010-06-29,28.00,28.495,28.00,28.40,1000,27.204
2010-06-28,28.29,28.50,28.00,28.35,3800,27.156
2010-06-25,28.16,28.50,27.785,28.185,4900,26.998
2010-06-24,28.15,28.40,28.15,28.40,400,27.204
2010-06-23,28.35,28.40,27.95,28.40,3700,27.204
2010-06-22,28.33,28.35,28.33,28.35,800,27.156
2010-06-21,28.40,28.40,27.72,28.35,2900,27.156
2010-06-18,28.40,28.40,27.65,28.12,200,26.935
2010-06-17,28.32,28.32,27.555,28.05,3200,26.868
2010-06-16,28.435,28.50,28.10,28.10,1700,26.916
2010-06-15,28.565,28.905,28.13,28.78,1700,27.568
2010-06-14,28.80,28.98,28.19,28.98,2500,27.759
2010-06-11,28.36,28.635,28.15,28.60,900,27.395
2010-06-10,28.40,28.74,28.40,28.74,300,27.529
2010-06-09,28.38,28.43,28.125,28.43,5400,27.232
2010-06-08,29.205,29.435,28.12,28.505,4400,27.304
2010-06-07,28.695,29.475,28.23,29.29,7600,28.056
2010-06-04,28.99,30.295,28.725,28.95,14600,27.73
2010-06-03,29.655,29.655,28.96,29.45,1300,28.209
2010-06-02,28.675,29.865,28.63,29.865,9700,28.607
2010-06-01,28.70,29.085,28.28,28.725,3300,27.515
2010-05-31,28.90,29.10,28.25,29.10,3400,27.874
2010-05-28,28.00,28.92,27.57,28.92,19000,27.702
2010-05-27,28.00,28.00,27.91,28.00,5900,26.821
2010-05-26,28.00,28.00,27.70,28.00,3200,26.821
2010-05-25,27.45,27.89,27.00,27.89,2600,26.715
2010-05-24,27.19,27.78,27.19,27.78,300,26.61
2010-05-21,26.615,27.185,26.45,26.955,5800,25.82
2010-05-20,27.285,28.00,26.40,27.00,15500,25.863
2010-05-19,27.635,27.81,27.295,27.81,3200,26.639
2010-05-18,27.00,28.00,27.00,27.71,7000,26.543
2010-05-17,26.935,27.03,26.80,27.03,3500,25.891
2010-05-14,27.00,27.00,26.505,26.90,3100,25.767
2010-05-13,26.54,27.11,26.54,27.11,1900,25.968
2010-05-12,26.66,27.34,26.66,26.925,6700,25.791
2010-05-11,26.50,26.70,26.50,26.66,2500,25.537
2010-05-10,27.10,27.10,26.285,26.60,14400,25.479
2010-05-07,26.50,27.00,26.33,26.79,10100,25.661
2010-05-06,26.605,27.04,26.445,26.89,16100,25.757
2010-05-05,26.465,26.99,26.325,26.99,11300,25.853
2010-05-04,26.515,27.255,26.515,27.00,6600,25.863
2010-05-03,26.60,26.98,26.305,26.90,4400,25.767
2010-04-30,26.16,27.095,26.075,27.095,20200,25.954
2010-04-29,26.73,26.995,25.54,26.50,11500,25.384
2010-04-28,27.30,27.655,26.79,26.79,17100,25.661
2010-04-27,27.79,27.79,27.30,27.595,3300,26.433
2010-04-26,28.195,28.195,27.40,27.40,6100,26.246
2010-04-23,27.70,28.165,27.605,27.80,5000,26.629
2010-04-22,27.35,27.695,27.23,27.60,3700,26.437
2010-04-21,27.47,27.66,27.30,27.35,3100,26.198
2010-04-20,27.39,27.64,27.115,27.47,6400,26.313
2010-04-19,27.55,27.995,27.115,27.385,16000,26.231
2010-04-16,27.75,27.95,27.41,27.95,13700,26.773
2010-04-15,28.495,28.495,27.61,27.88,10600,26.706
2010-04-14,28.97,29.145,28.35,28.50,7900,27.299
2010-04-13,28.59,28.975,28.03,28.745,25400,27.534
2010-04-12,28.285,28.58,27.615,28.475,23400,27.275
2010-04-09,27.71,28.33,27.71,28.33,3400,27.137
2010-04-08,27.81,28.265,27.71,27.90,9200,26.725
2010-04-07,28.465,28.48,27.86,28.00,12400,26.821
2010-04-06,29.00,29.00,27.81,28.355,16900,27.161
2010-04-01,28.85,29.41,28.21,28.61,24300,27.405
2010-03-31,28.35,29.355,28.35,28.80,17000,27.587
2010-03-30,30.73,30.73,28.31,28.75,43500,27.539
2010-03-29,30.63,30.63,30.15,30.50,11700,29.215
2010-03-26,30.27,30.50,29.81,30.20,15100,28.928
2010-03-25,30.25,30.31,29.495,30.07,9900,28.803
2010-03-24,30.325,30.70,29.58,30.10,41400,28.832
2010-03-23,29.10,29.975,28.905,29.90,58900,28.64
2010-03-22,28.49,29.00,28.31,28.70,19200,27.491
2010-03-19,28.90,28.98,28.31,28.31,15600,27.117
2010-03-18,28.70,29.05,28.70,29.05,2600,27.826
2010-03-17,29.00,29.205,28.80,29.00,38700,27.778
2010-03-16,28.27,29.455,28.27,29.00,18300,27.778
2010-03-15,28.05,28.765,27.90,28.60,2900,27.395
2010-03-12,29.185,29.185,28.225,28.36,21300,27.165
2010-03-11,29.45,29.495,28.88,29.00,5200,27.778
2010-03-10,29.76,29.855,29.05,29.455,3600,28.214
2010-03-09,29.855,29.855,29.10,29.555,5800,28.31
2010-03-08,30.00,30.00,29.405,29.60,9400,28.353
2010-03-05,27.40,30.00,27.40,29.93,65200,28.669
2010-03-04,27.35,27.50,27.20,27.49,8700,26.332
2010-03-03,27.48,27.50,27.01,27.45,33400,26.294
2010-03-02,27.50,27.76,27.20,27.48,25200,26.322
2010-03-01,27.50,27.65,26.88,27.585,17300,26.423
2010-02-26,27.78,27.80,27.675,27.80,10700,26.629
2010-02-25,27.40,27.78,27.15,27.78,16700,26.61
2010-02-24,27.51,27.985,26.175,27.40,30900,26.246
2010-02-23,27.51,28.065,27.51,27.99,8600,26.811
2010-02-22,28.00,28.00,27.75,27.85,3200,26.677
2010-02-19,28.00,28.00,27.71,28.00,11100,26.821
2010-02-18,28.105,28.315,27.905,28.11,19500,26.926
2010-02-17,28.595,28.60,28.005,28.005,4500,26.825
2010-02-16,28.89,28.895,28.32,28.655,1500,27.448
2010-02-15,28.40,29.50,28.02,28.49,6600,27.29
2010-02-12,27.105,28.915,27.105,28.415,12400,27.218
2010-02-11,27.80,28.00,26.72,27.50,13300,26.342
2010-02-10,27.58,28.00,27.475,28.00,3100,26.821
2010-02-09,27.68,27.68,26.63,27.59,21600,26.428
2010-02-08,27.50,27.55,27.25,27.415,2400,26.26
2010-02-05,27.81,28.005,27.41,27.695,6600,26.528
2010-02-04,28.99,28.99,27.54,28.21,7000,27.022
2010-02-03,28.93,29.00,28.575,28.99,1000,27.769
2010-02-02,29.00,29.18,28.50,28.70,2300,27.491
2010-02-01,28.27,29.00,27.41,29.00,6300,27.778
2010-01-29,28.30,28.90,28.00,28.475,15700,27.275
2010-01-28,29.195,29.50,28.00,28.60,13000,27.395
2010-01-27,29.00,29.105,28.00,28.955,12000,27.735
2010-01-26,29.50,29.505,28.63,28.99,9900,27.769
2010-01-25,29.75,29.75,29.21,29.60,4400,28.353
2010-01-22,29.325,29.80,29.205,29.465,6000,28.224
2010-01-21,29.50,30.00,29.42,29.75,5200,28.497
2010-01-20,30.55,30.655,29.10,29.34,14800,28.104
2010-01-19,30.43,30.725,29.90,30.63,9900,29.34
2010-01-18,30.32,30.87,30.20,30.405,5700,29.124
2010-01-15,31.03,31.03,30.31,30.74,9300,29.445
2010-01-14,30.83,31.49,30.60,31.38,2800,30.058
2010-01-13,31.90,31.90,31.01,31.205,2000,29.89
2010-01-12,31.73,31.945,31.37,31.79,700,30.451
2010-01-11,31.70,31.89,31.23,31.715,1100,30.379
2010-01-08,31.345,31.795,31.09,31.57,4200,30.24
2010-01-07,31.45,31.725,30.92,31.695,5900,30.36
2010-01-06,30.885,31.685,30.70,31.50,8100,30.173
2010-01-05,30.735,30.835,30.33,30.70,7400,29.407
2010-01-04,30.64,31.09,30.23,30.50,6700,29.215
2009-12-30,30.13,30.80,30.11,30.80,20600,29.503
2009-12-29,30.81,30.81,30.10,30.42,8100,29.139
2009-12-28,30.33,30.55,30.18,30.55,6700,29.263
2009-12-23,30.90,31.83,30.00,30.25,29500,28.976
2009-12-22,30.62,31.10,30.62,31.05,6800,29.742
2009-12-21,30.80,31.36,30.60,30.89,11100,29.589
2009-12-18,30.95,30.95,30.54,30.90,6400,29.598
2009-12-17,31.73,31.73,30.56,31.00,9400,29.694
2009-12-16,31.51,31.63,31.00,31.35,10000,30.029
2009-12-15,32.30,32.30,31.50,31.90,3500,30.556
2009-12-14,32.28,32.47,32.07,32.41,2200,31.045
2009-12-11,32.70,33.00,32.10,32.49,5900,31.121
2009-12-10,33.31,33.31,32.45,33.10,2800,31.706
2009-12-09,32.51,32.85,32.43,32.75,4900,31.37
2009-12-08,33.00,33.44,32.24,32.93,6200,31.543
2009-12-07,33.00,33.49,32.61,33.40,7700,31.993
2009-12-04,33.00,33.00,32.61,32.95,8100,31.562
2009-12-03,32.95,33.00,32.50,33.00,22300,31.61
2009-12-02,32.95,33.00,32.52,32.80,5200,31.418
2009-12-01,32.69,33.00,31.89,32.95,20100,31.562
2009-11-30,32.23,32.90,30.99,32.90,42900,31.514
2009-11-27,31.70,32.06,30.30,32.06,16300,30.709
2009-11-26,32.00,32.18,31.75,31.97,9300,30.623
2009-11-25,31.96,32.79,31.78,32.20,14800,30.844
2009-11-24,32.57,32.99,31.49,31.96,11900,30.614
2009-11-23,32.72,32.72,31.95,32.55,8700,31.179
2009-11-20,31.76,32.50,31.05,32.29,12700,30.93
2009-11-19,32.34,32.70,30.90,31.50,46400,30.173
2009-11-18,33.85,33.95,32.51,32.60,100600,31.227
2009-11-17,32.70,33.00,30.00,31.50,47700,30.173
2009-11-16,33.77,33.77,32.40,32.70,7900,31.323
2009-11-13,33.79,33.99,33.30,33.31,5900,31.907
2009-08-17,27.65,27.99,27.50,27.50,4100,26.342
2008-12-23,27.00,27.00,26.65,27.00,7300,25.863
2008-12-22,23.55,26.74,23.45,26.74,18100,25.614
2008-12-19,24.50,25.30,23.40,23.89,45700,22.884
2008-12-18,24.40,24.76,24.40,24.75,8300,23.707
2008-12-17,25.35,25.35,24.06,24.06,9200,23.046
2008-12-16,26.90,26.90,25.75,25.75,13100,24.665
2008-12-15,27.00,27.47,26.60,26.84,12000,25.709
2008-12-12,26.50,27.47,25.95,26.80,10600,25.671
2008-12-11,27.80,27.80,26.75,26.83,4900,25.70
2008-12-10,28.90,28.90,27.63,27.67,8500,26.504
2008-12-09,27.95,28.87,27.16,28.87,14900,27.654
2008-12-08,29.39,29.39,26.67,28.15,13000,26.964
2008-12-05,25.00,27.11,25.00,26.99,13500,25.853
2008-12-04,24.16,25.00,24.04,25.00,4600,23.947
2008-12-03,24.42,24.42,23.50,24.00,26900,22.989
2008-12-02,24.23,24.69,23.70,23.99,19000,22.979
2008-12-01,23.54,23.99,23.21,23.99,4000,22.979
2008-11-28,23.64,23.79,22.96,23.59,44100,22.596
2008-11-27,24.79,24.79,23.21,23.69,59300,22.692
2008-11-26,24.50,24.95,24.50,24.64,10700,23.602
2008-11-25,25.99,25.99,24.47,25.01,12000,23.956
2008-11-24,25.79,26.50,25.05,26.50,12000,25.384
2008-11-21,25.49,25.79,25.10,25.79,3700,24.704
2008-11-20,25.61,26.08,25.54,26.00,1200,24.905
2008-11-19,26.00,26.00,25.50,26.00,17000,24.905
2008-11-18,27.00,27.00,24.59,25.67,7300,24.589
2008-11-17,27.99,27.99,26.85,27.00,20000,25.863
2008-11-14,26.00,28.79,25.80,28.79,11600,27.577
2008-11-13,24.85,25.94,24.85,25.94,5500,24.847
2008-11-12,23.97,25.00,23.97,24.84,16400,23.794
2008-11-11,24.85,25.29,24.70,24.70,9000,23.66
2008-11-10,24.05,25.50,24.05,24.35,2900,23.324
2008-11-07,24.70,24.70,24.02,24.15,4600,23.133
2008-11-06,24.12,25.35,23.79,24.65,1400,23.612
2008-11-05,23.50,24.66,23.50,24.12,4500,23.104
2008-11-04,25.32,25.49,22.70,23.60,19600,22.606
2008-11-03,28.00,28.00,25.05,25.05,16000,23.995
2008-10-31,26.81,26.81,25.17,26.25,21200,25.144
2008-10-30,26.90,27.30,25.22,27.20,7700,26.054
2008-10-29,26.17,27.30,25.90,27.00,3500,25.863
2008-10-28,26.50,27.00,25.35,26.40,2900,25.288
2008-10-27,27.65,27.65,24.00,27.00,4900,25.863
2008-10-24,27.21,27.76,27.21,27.67,1400,26.504
2008-10-23,27.80,27.85,26.80,27.50,3800,26.342
2008-10-22,28.06,28.89,27.98,27.98,3900,26.801
2008-10-21,30.00,30.00,28.67,28.90,5500,27.683
2008-10-20,32.39,32.39,28.51,29.89,4900,28.631
2008-10-17,31.10,32.50,28.50,30.00,2700,28.736
2008-10-16,30.86,31.10,29.81,31.10,1700,29.79
2008-10-15,29.00,30.30,28.05,30.30,4200,29.024
2008-10-14,30.35,30.89,26.50,29.00,16100,27.778
2008-10-13,23.00,29.70,23.00,29.70,6800,28.449
2008-10-10,23.50,24.90,21.80,24.90,5500,23.851
2008-10-09,24.80,25.45,24.57,25.00,5400,23.947
2008-10-08,26.80,26.80,24.31,25.00,30700,23.947
2008-10-07,27.11,29.99,27.10,27.70,11800,26.533
2008-10-06,28.75,30.24,28.70,29.50,11100,28.257
2008-10-03,29.30,30.00,29.17,30.00,1400,28.736
2008-10-02,29.50,29.77,28.94,29.72,4000,28.468
2008-10-01,30.35,30.99,29.93,30.21,5000,28.937
2008-09-30,27.99,29.99,26.80,29.94,5300,28.679
2008-09-29,29.35,29.42,28.50,28.63,10000,27.424
2008-09-26,29.67,29.67,28.90,29.60,11000,28.353
2008-09-25,29.00,29.75,28.93,29.75,17000,28.497
2008-09-24,29.54,29.60,29.01,29.41,7400,28.171
2008-09-23,30.00,30.00,28.65,29.97,25000,28.708
2008-09-22,30.52,30.52,29.30,29.90,10800,28.64
2008-09-19,30.00,30.85,29.20,30.09,6700,28.822
2008-09-18,29.78,29.78,28.80,29.68,4500,28.43
2008-09-17,30.14,30.14,29.20,29.21,2400,27.98
2008-09-16,29.50,30.90,28.10,30.00,7500,28.736
2008-09-15,32.00,32.00,30.00,31.00,1100,29.694
2008-09-12,31.94,32.00,31.50,32.00,4400,30.652
2008-09-11,32.00,32.10,31.51,31.99,1000,30.642
2008-09-10,31.75,32.76,31.33,32.00,5400,30.652
2008-09-09,31.60,32.24,30.90,32.00,17200,30.652
2008-09-08,31.85,32.77,31.20,32.00,15200,30.652
2008-09-05,32.96,33.23,31.60,32.45,11300,31.083
2008-09-04,34.00,34.56,31.50,32.50,13900,31.131
2008-09-03,34.50,34.51,33.60,34.00,8300,32.568
2008-09-02,34.05,35.38,34.05,35.30,3000,33.813
2008-09-01,35.50,35.50,34.70,34.80,3500,33.334
2008-08-29,34.40,34.90,34.00,34.90,3200,33.43
2008-08-28,34.90,34.90,34.30,34.40,1600,32.951
2008-08-27,35.76,35.76,33.52,34.57,2600,33.114
2008-08-26,34.37,34.95,33.80,34.95,1400,33.478
2008-08-25,34.95,34.95,33.00,34.42,6300,32.97
2008-08-22,34.57,35.99,34.15,35.50,4800,34.005
2008-08-21,32.35,34.01,32.35,34.01,2800,32.577
2008-08-20,32.36,33.00,32.28,33.00,1400,31.61
2008-08-19,32.15,32.55,31.60,31.60,2400,30.269
2008-08-18,31.10,33.34,31.10,32.50,7500,31.131
2008-07-28,30.25,31.00,30.25,30.86,3200,29.56
2008-07-25,31.00,31.00,30.00,30.50,17200,29.215
2008-07-24,31.39,31.39,30.60,31.30,2800,29.981
2008-07-23,29.10,31.50,28.49,31.00,55000,29.694
2008-07-22,28.10,29.21,27.40,28.95,38500,27.73
2008-07-21,27.94,28.08,27.94,28.00,14200,26.821
2008-07-18,28.50,28.93,28.00,28.35,6900,27.156
2008-07-17,28.00,28.90,28.00,28.67,13600,27.462
2008-07-16,28.30,28.30,27.60,28.15,6400,26.964
2008-07-15,28.73,28.73,26.97,28.00,14500,26.821
2008-07-14,30.00,30.00,29.15,29.15,1000,27.922
2008-07-11,30.90,31.50,29.50,30.00,25200,28.736
2008-07-10,31.15,31.48,29.55,30.50,12700,29.215
2008-07-09,31.70,31.90,30.75,31.59,6900,30.259
2008-07-08,32.00,32.00,30.75,31.30,700,29.981
2008-07-07,31.26,32.00,31.00,31.77,10100,30.432
2008-07-04,32.20,32.72,32.00,32.01,1100,30.662
2008-07-03,33.99,33.99,32.50,32.50,2300,31.131
2008-07-02,33.40,33.90,33.40,33.90,2900,32.472
2008-07-01,34.00,34.00,32.53,33.87,2300,32.443
2008-06-30,33.10,33.95,32.25,33.95,6700,32.52
2008-06-27,33.78,34.00,33.00,33.70,6800,32.28
2008-06-26,33.60,34.00,33.31,33.31,6200,31.907
2008-06-25,32.69,34.32,32.69,33.50,18700,32.089
2008-06-24,34.06,34.06,32.04,33.00,14800,31.61
2008-06-23,35.95,35.95,33.45,34.00,6500,32.568
2008-06-20,36.00,36.20,35.22,35.40,7300,33.909
2008-06-19,36.00,36.00,35.62,35.97,6600,34.455
2008-06-18,35.94,36.00,35.74,35.99,5000,34.474
2008-06-17,35.44,36.00,35.44,36.00,5600,34.484
2008-06-16,36.67,36.67,35.60,35.95,31200,34.436
2008-06-13,36.56,36.71,35.51,36.16,16700,34.637
2008-06-12,36.47,36.75,36.00,36.75,4200,35.202
2008-06-11,37.05,38.12,36.02,37.00,4200,35.441
2008-06-10,37.50,37.89,37.01,37.89,700,36.294
2008-06-09,37.73,38.00,37.01,38.00,1600,36.399
2008-06-06,38.10,38.38,37.11,38.07,4000,36.466
2008-06-05,37.54,38.22,37.49,38.15,300,36.543
2008-06-04,39.50,39.70,37.51,37.99,5100,36.39
2008-06-03,39.10,40.90,38.05,39.00,6000,37.357
2008-06-02,38.74,39.20,38.00,39.10,6300,37.453
2008-05-30,38.28,39.49,38.28,39.30,14200,37.644
2008-05-29,38.70,39.80,37.60,38.84,3100,37.204
2008-05-28,40.12,40.50,36.80,38.07,22200,36.466
2008-05-27,41.38,41.38,39.90,40.70,3300,38.986
2008-05-26,42.00,42.00,41.30,41.98,600,40.212
2008-05-23,42.00,43.06,42.00,42.30,600,40.518
2008-05-22,42.89,42.89,41.50,41.50,1400,39.752
2008-05-21,44.37,44.37,43.03,43.50,3800,41.668
2008-05-20,44.85,45.00,43.00,45.00,4800,43.104
2008-05-19,45.55,46.64,44.92,45.50,7700,43.583
2008-05-16,43.50,45.64,43.50,45.55,9800,43.631
2008-05-15,42.82,43.99,42.18,43.50,4300,41.668
2008-05-14,42.00,42.87,41.51,42.83,2800,41.026
2008-05-13,41.50,42.20,41.50,42.10,2100,40.327
2008-05-12,39.64,41.00,39.64,41.00,2300,39.273
2008-05-09,38.90,40.00,38.90,39.10,10100,37.453
2008-05-08,38.10,39.40,38.10,39.00,4600,37.357
2008-05-07,37.00,37.93,37.00,37.93,6400,36.332
2008-05-06,36.80,37.20,36.80,37.00,4700,35.441
2008-05-05,36.80,38.33,36.50,37.00,18800,35.441
2008-05-02,36.22,36.80,36.22,36.75,300,35.202
2008-04-30,36.80,36.80,35.90,36.75,1800,35.202
2008-04-29,37.00,37.00,35.99,36.75,1700,35.202
2008-04-28,36.55,36.60,36.00,36.20,2400,34.675
2008-04-25,36.54,36.55,36.05,36.55,200,35.01
2008-04-24,36.10,36.50,35.00,36.00,5100,34.484
2008-04-23,37.25,37.25,36.50,36.50,000,34.962
2008-04-22,36.71,37.20,36.50,36.55,800,35.01
2008-04-21,36.30,36.55,36.15,36.50,600,34.962
2008-04-18,37.12,37.60,35.10,36.20,5700,34.675
2008-04-17,36.24,36.49,35.97,36.20,700,34.675
2008-04-16,35.99,36.49,35.99,36.49,700,34.953
2008-04-15,35.99,36.10,35.90,35.90,300,34.388
2008-04-14,37.04,37.04,36.49,36.49,2000,34.953
2008-04-11,37.00,37.04,36.50,37.00,2000,35.441
2008-04-10,36.00,37.30,36.00,37.00,3700,35.441
2008-04-09,35.12,35.91,35.12,35.91,1100,34.397
2008-04-08,35.65,35.65,35.50,35.63,100,34.129
2008-04-07,35.60,35.65,35.00,35.65,400,34.148
2008-04-04,35.65,35.65,35.00,35.60,3000,34.10
2008-04-03,35.50,36.00,34.61,35.90,3100,34.388
2008-04-02,35.40,35.63,34.50,35.63,2000,34.129
2008-04-01,35.70,35.70,34.60,35.40,10800,33.909
2008-03-31,37.01,37.01,34.02,36.40,7700,34.867
2008-03-28,37.40,37.65,36.07,36.58,3300,35.039
2008-03-27,37.99,37.99,36.00,37.10,3100,35.537
2008-03-26,39.19,39.97,37.46,37.46,3800,35.882
2008-03-25,40.40,40.40,39.60,39.75,5000,38.076
2008-03-20,38.83,40.99,38.43,40.99,6300,39.263
2008-03-19,39.75,39.80,39.00,39.80,4800,38.123
2008-03-18,39.60,39.72,39.60,39.72,2600,38.047
2008-03-17,39.80,39.99,39.30,39.30,4400,37.644
2008-03-14,40.01,40.01,39.70,39.70,5800,38.028
2008-03-13,40.21,40.59,40.00,40.00,1900,38.315
2008-03-12,40.90,42.29,40.01,41.13,4000,39.397
2008-03-11,40.00,40.90,40.00,40.90,3100,39.177
2008-03-10,40.50,40.50,39.81,40.00,2600,38.315
2008-03-07,40.02,40.04,39.81,40.00,2700,38.315
2008-03-06,41.15,41.15,40.50,40.87,2800,39.148
2008-03-05,41.00,41.52,40.05,41.52,1900,39.771
2008-03-04,41.00,41.00,39.89,40.00,5700,38.315
2008-03-03,41.02,41.02,40.00,40.92,900,39.196
2008-02-29,41.00,41.00,40.45,40.45,3000,38.746
2008-02-28,40.99,41.00,40.66,41.00,2000,39.273
2008-02-27,40.30,41.00,40.30,41.00,1000,39.273
2008-02-26,41.00,41.00,40.01,41.00,2400,39.273
2008-02-25,41.00,41.00,40.00,40.40,13600,38.698
2008-02-22,39.92,40.25,39.90,40.10,4600,38.411
2008-02-21,40.50,40.50,40.00,40.00,1300,38.315
2008-02-20,41.05,41.40,40.45,40.50,1800,38.794
2008-02-19,40.91,41.74,40.75,41.40,1000,39.656
2008-02-18,41.56,41.56,41.27,41.30,1300,39.56
2008-02-15,39.95,42.00,39.80,41.56,3200,39.809
2008-02-14,40.50,41.35,40.00,40.00,1300,38.315
2008-02-13,39.65,40.39,39.50,40.39,100,38.689
2008-02-12,40.00,40.50,39.85,40.50,18700,38.794
2008-02-11,40.00,40.00,40.00,40.00,000,38.315
2008-02-08,40.00,40.01,40.00,40.00,1900,38.315
2008-02-07,39.65,40.95,39.50,40.00,3100,38.315
2008-02-06,41.20,41.20,39.90,39.90,2200,38.219
2008-02-05,41.69,42.00,41.30,41.30,2800,39.56
2008-02-04,41.50,42.60,41.00,41.11,3200,39.378
2008-02-01,40.29,41.50,37.47,41.50,6900,39.752
2008-01-31,40.89,40.89,40.30,40.59,500,38.88
2008-01-30,39.80,41.00,39.80,41.00,2100,39.273
2008-01-29,39.50,39.51,39.50,39.50,1500,37.836
2008-01-28,38.50,39.75,38.50,39.23,1300,37.577
2008-01-25,38.20,38.45,38.00,38.45,2600,36.83
2008-01-24,37.99,38.20,37.15,37.90,2300,36.303
2008-01-23,37.01,38.48,37.00,37.00,1000,35.441
2008-01-22,36.15,37.01,36.14,37.01,7900,35.451
2008-01-21,40.15,40.17,36.00,37.50,18900,35.92
2008-01-18,40.44,40.45,39.41,39.60,17100,37.932
2008-01-17,39.41,40.37,39.40,40.10,2400,38.411
2008-01-16,40.00,40.17,39.10,40.17,12600,38.478
2008-01-15,40.00,40.44,39.60,40.00,17800,38.315
2008-01-14,40.01,40.44,40.00,40.44,2000,38.736
2008-01-11,40.91,40.91,38.50,40.80,7600,39.081
2008-01-10,42.30,43.00,41.50,41.50,2600,39.752
2008-01-09,41.70,43.42,41.70,42.90,8000,41.093
2008-01-08,41.66,42.60,40.75,42.09,4900,40.317
2008-01-07,41.00,42.29,38.02,40.58,12500,38.871
2008-01-04,42.30,42.68,40.62,41.55,6000,39.80
2008-01-03,44.50,44.50,40.27,42.23,5300,40.451
2008-01-02,44.84,45.48,44.21,44.90,1600,43.009
2007-12-28,44.80,44.80,44.01,44.21,3800,42.348
