Date,Open,High,Low,Close,Volume,Adj Close
2016-10-27,3.82,3.82,3.614,3.621,3470000,3.621
2016-10-26,3.76,3.80,3.672,3.76,3254800,3.76
2016-10-25,3.625,3.738,3.625,3.667,2345600,3.667
2016-10-24,3.638,3.646,3.61,3.617,1991800,3.617
2016-10-21,3.594,3.71,3.588,3.638,3000700,3.638
2016-10-20,3.608,3.612,3.531,3.591,2341500,3.591
2016-10-19,3.592,3.604,3.555,3.592,2798700,3.592
2016-10-18,3.579,3.595,3.558,3.591,1660100,3.591
2016-10-17,3.574,3.603,3.537,3.541,2026500,3.541
2016-10-14,3.512,3.586,3.49,3.58,1851600,3.58
2016-10-13,3.45,3.493,3.421,3.487,2556600,3.487
2016-10-12,3.523,3.546,3.471,3.474,1601200,3.474
2016-10-11,3.533,3.598,3.528,3.534,1768100,3.534
2016-10-10,3.505,3.561,3.476,3.546,2321400,3.546
2016-10-07,3.53,3.534,3.478,3.503,2893600,3.503
2016-10-06,3.605,3.606,3.52,3.534,2571700,3.534
2016-10-05,3.57,3.617,3.561,3.601,2574700,3.601
2016-10-04,3.56,3.612,3.53,3.61,3630600,3.61
2016-10-03,3.581,3.581,3.581,3.581,000,3.581
2016-09-30,3.551,3.596,3.517,3.581,2996200,3.581
2016-09-29,3.591,3.641,3.57,3.595,2122900,3.595
2016-09-28,3.653,3.68,3.579,3.59,2337800,3.59
2016-09-27,3.718,3.718,3.616,3.632,3072500,3.632
2016-09-26,3.716,3.743,3.65,3.692,2779600,3.692
2016-09-23,3.80,3.845,3.773,3.788,2001600,3.788
2016-09-22,3.725,3.879,3.719,3.829,4498200,3.829
2016-09-21,3.55,3.71,3.549,3.70,4407700,3.70
2016-09-20,3.467,3.518,3.46,3.48,1498900,3.48
2016-09-19,3.49,3.501,3.458,3.477,1869600,3.477
2016-09-16,3.436,3.497,3.427,3.49,3657200,3.49
2016-09-15,3.404,3.443,3.373,3.44,2569000,3.44
2016-09-14,3.472,3.478,3.371,3.418,3352000,3.418
2016-09-13,3.47,3.535,3.457,3.466,2039700,3.466
2016-09-12,3.427,3.465,3.379,3.463,2566900,3.463
2016-09-09,3.503,3.519,3.454,3.46,1643700,3.46
2016-09-08,3.475,3.532,3.423,3.524,4176300,3.524
2016-09-07,3.60,3.60,3.46,3.475,3674500,3.475
2016-09-06,3.573,3.63,3.56,3.599,3069300,3.599
2016-09-05,3.674,3.693,3.638,3.65,1315400,3.65
2016-09-02,3.645,3.659,3.583,3.656,2288800,3.656
2016-09-01,3.654,3.683,3.604,3.622,2176900,3.622
2016-08-31,3.665,3.72,3.665,3.684,2570000,3.684
2016-08-30,3.666,3.70,3.662,3.662,1487400,3.662
2016-08-29,3.653,3.678,3.607,3.671,819700,3.671
2016-08-26,3.666,3.70,3.646,3.684,862900,3.684
2016-08-25,3.674,3.698,3.643,3.674,1192700,3.674
2016-08-24,3.706,3.707,3.669,3.69,1364700,3.69
2016-08-23,3.669,3.708,3.662,3.70,946800,3.70
2016-08-22,3.656,3.681,3.638,3.659,2065700,3.659
2016-08-19,3.686,3.706,3.636,3.65,1066700,3.65
2016-08-18,3.717,3.717,3.652,3.701,1830900,3.701
2016-08-17,3.74,3.775,3.672,3.677,1717200,3.677
2016-08-16,3.785,3.788,3.73,3.739,2195500,3.739
2016-08-15,3.78,3.83,3.773,3.813,1486600,3.813
2016-08-12,3.825,3.825,3.754,3.784,2437600,3.784
2016-08-11,3.82,3.829,3.76,3.825,1604400,3.825
2016-08-10,3.773,3.80,3.756,3.78,1732800,3.78
2016-08-09,3.677,3.792,3.677,3.784,2551300,3.784
2016-08-08,3.681,3.695,3.65,3.671,1250900,3.671
2016-08-05,3.662,3.692,3.646,3.656,1927200,3.656
2016-08-04,3.688,3.705,3.63,3.648,2077400,3.648
2016-08-03,3.639,3.67,3.59,3.654,1877500,3.654
2016-08-02,3.688,3.697,3.619,3.636,1794200,3.636
2016-08-01,3.66,3.726,3.647,3.696,2013400,3.696
2016-07-29,3.74,3.749,3.62,3.65,2712700,3.65
2016-07-28,3.839,3.85,3.631,3.717,4760500,3.717
2016-07-27,3.67,3.864,3.67,3.83,5039700,3.83
2016-07-26,3.61,3.633,3.581,3.597,2035100,3.597
2016-07-25,3.615,3.664,3.585,3.598,2467500,3.598
2016-07-22,3.512,3.651,3.508,3.617,2737500,3.617
2016-07-21,3.496,3.547,3.45,3.528,2543000,3.528
2016-07-20,3.573,3.578,3.448,3.488,2859500,3.488
2016-07-19,3.66,3.66,3.541,3.541,3184900,3.541
2016-07-18,3.65,3.686,3.603,3.614,1758200,3.614
2016-07-15,3.595,3.645,3.58,3.645,2187700,3.645
2016-07-14,3.615,3.63,3.537,3.591,2307700,3.591
2016-07-13,3.61,3.629,3.57,3.591,2006900,3.591
2016-07-12,3.651,3.662,3.597,3.605,2945800,3.605
2016-07-11,3.679,3.698,3.624,3.647,2499200,3.647
2016-07-08,3.526,3.668,3.526,3.629,3083900,3.629
2016-07-07,3.437,3.564,3.328,3.545,3663200,3.545
2016-07-06,3.468,3.512,3.398,3.418,3558700,3.418
2016-07-05,3.534,3.557,3.478,3.49,2975000,3.49
2016-07-04,3.615,3.635,3.54,3.542,2353700,3.542
2016-07-01,3.64,3.665,3.477,3.602,5197400,3.602
2016-06-30,3.756,3.796,3.685,3.693,4033300,3.693
2016-06-29,3.679,3.773,3.665,3.757,3187200,3.757
2016-06-28,3.669,3.72,3.636,3.639,3882600,3.639
2016-06-27,3.641,3.68,3.584,3.604,3261400,3.604
2016-06-24,3.577,3.708,3.521,3.677,4440000,3.677
2016-06-23,3.699,3.765,3.686,3.765,1952100,3.765
2016-06-22,3.709,3.733,3.652,3.701,2859000,3.701
2016-06-21,3.713,3.732,3.677,3.679,2450600,3.679
2016-06-20,3.676,3.743,3.673,3.699,2989700,3.699
2016-06-17,3.709,3.759,3.621,3.621,7147000,3.621
2016-06-16,3.70,3.722,3.639,3.669,2911000,3.669
2016-06-15,3.73,3.772,3.713,3.749,3178500,3.749
2016-06-14,3.762,3.787,3.71,3.723,3542200,3.723
2016-06-13,3.791,3.81,3.755,3.786,3607900,3.786
2016-06-10,3.896,3.897,3.794,3.831,2531500,3.831
2016-06-09,3.982,3.982,3.878,3.91,2828800,3.91
2016-06-08,3.95,4.001,3.93,3.989,2939800,3.989
2016-06-07,3.976,3.977,3.933,3.953,2236100,3.953
2016-06-06,4.005,4.038,3.878,3.961,3629200,3.961
2016-06-03,4.027,4.048,3.984,4.005,2667900,4.005
2016-06-02,4.05,4.055,3.998,4.025,2605200,4.025
2016-06-01,4.054,4.064,4.00,4.058,3432100,4.058
2016-05-31,4.119,4.119,4.019,4.019,6093700,4.019
2016-05-30,4.122,4.136,4.102,4.12,884700,4.12
2016-05-27,4.217,4.222,4.10,4.112,2842800,4.112
2016-05-26,4.193,4.237,4.18,4.214,1876600,4.214
2016-05-25,4.09,4.194,4.074,4.179,3389200,4.179
2016-05-24,4.072,4.132,4.041,4.092,2802400,4.092
2016-05-23,4.22,4.257,4.08,4.084,3605000,4.084
2016-05-20,4.309,4.355,4.20,4.203,4005900,4.203
2016-05-19,4.545,4.629,4.486,4.53,3741800,4.29
2016-05-18,4.69,4.726,4.616,4.689,3013300,4.44058
2016-05-17,4.72,4.748,4.688,4.729,3057400,4.47846
2016-05-16,4.698,4.698,4.698,4.698,000,4.4491
2016-05-13,4.602,4.698,4.589,4.698,3161300,4.4491
2016-05-12,4.558,4.648,4.515,4.621,1855500,4.37618
2016-05-11,4.534,4.574,4.502,4.567,1789100,4.32504
2016-05-10,4.564,4.571,4.489,4.523,1861900,4.28337
2016-05-09,4.473,4.571,4.458,4.543,2508800,4.30231
2016-05-06,4.406,4.441,4.36,4.423,2443500,4.18867
2016-05-05,4.406,4.442,4.355,4.408,1786600,4.17446
2016-05-04,4.455,4.455,4.365,4.381,3067400,4.14889
2016-05-03,4.409,4.454,4.356,4.446,3583500,4.21045
2016-05-02,4.473,4.476,4.397,4.425,2335900,4.19056
2016-04-29,4.492,4.492,4.307,4.434,4827100,4.19909
2016-04-28,4.824,4.83,4.501,4.511,4023800,4.27201
2016-04-27,4.76,4.829,4.75,4.826,1895200,4.57032
2016-04-26,4.729,4.76,4.685,4.75,2068200,4.49834
2016-04-25,4.72,4.72,4.645,4.677,1584800,4.42921
2016-04-22,4.733,4.763,4.686,4.704,2001400,4.45478
2016-04-21,4.77,4.782,4.71,4.739,1868400,4.48793
2016-04-20,4.722,4.792,4.722,4.76,2110200,4.50781
2016-04-19,4.621,4.726,4.621,4.716,3183700,4.46615
2016-04-18,4.58,4.617,4.535,4.616,2252500,4.37144
2016-04-15,4.665,4.689,4.616,4.639,2399300,4.39323
2016-04-14,4.713,4.749,4.646,4.665,3520800,4.41785
2016-04-13,4.734,4.75,4.661,4.692,3387700,4.44342
2016-04-12,4.655,4.687,4.601,4.686,1690800,4.43774
2016-04-11,4.64,4.662,4.596,4.633,2141200,4.38754
2016-04-08,4.575,4.643,4.575,4.633,1250000,4.38754
2016-04-07,4.642,4.658,4.55,4.567,1698700,4.32504
2016-04-06,4.552,4.63,4.503,4.621,1840300,4.37618
2016-04-05,4.668,4.688,4.51,4.535,2350500,4.29473
2016-04-04,4.749,4.749,4.69,4.713,1742400,4.4633
2016-04-01,4.739,4.763,4.645,4.763,2474500,4.51066
2016-03-31,4.793,4.793,4.718,4.761,2903400,4.50876
2016-03-30,4.804,4.83,4.782,4.799,985100,4.54475
2016-03-29,4.809,4.809,4.718,4.752,2332700,4.50024
2016-03-28,4.766,4.766,4.766,4.766,000,4.5135
2016-03-25,4.766,4.766,4.766,4.766,000,4.5135
2016-03-24,4.837,4.857,4.751,4.766,2003200,4.5135
2016-03-23,4.795,4.863,4.768,4.845,1982700,4.58831
2016-03-22,4.767,4.801,4.729,4.801,1975300,4.54664
2016-03-21,4.732,4.776,4.701,4.776,1633000,4.52297
2016-03-18,4.725,4.783,4.691,4.739,3667700,4.48793
2016-03-17,4.72,4.751,4.655,4.704,1749800,4.45478
2016-03-16,4.70,4.707,4.649,4.699,2218000,4.45005
2016-03-15,4.63,4.681,4.63,4.672,1754100,4.42448
2016-03-14,4.64,4.683,4.62,4.654,1143000,4.40743
2016-03-11,4.573,4.654,4.538,4.64,2798800,4.39417
2016-03-10,4.563,4.685,4.475,4.484,2222200,4.24644
2016-03-09,4.574,4.644,4.568,4.581,2034700,4.3383
2016-03-08,4.56,4.584,4.509,4.55,2009700,4.30894
2016-03-07,4.643,4.669,4.55,4.601,1465400,4.35724
2016-03-04,4.68,4.69,4.615,4.656,1946800,4.40932
2016-03-03,4.606,4.663,4.555,4.587,3428900,4.34398
2016-03-02,4.61,4.662,4.538,4.569,2531500,4.32693
2016-03-01,4.492,4.625,4.459,4.605,2254700,4.36103
2016-02-29,4.394,4.498,4.348,4.47,14170300,4.23318
2016-02-26,4.44,4.453,4.389,4.416,4145700,4.18204
2016-02-25,4.507,4.64,4.32,4.369,3612400,4.13753
2016-02-24,4.551,4.558,4.302,4.355,3194900,4.12427
2016-02-23,4.614,4.638,4.535,4.548,1988400,4.30705
2016-02-22,4.627,4.651,4.581,4.618,2075700,4.37334
2016-02-19,4.508,4.595,4.508,4.576,3318800,4.33356
2016-02-18,4.535,4.605,4.507,4.53,2487600,4.29
2016-02-17,4.425,4.521,4.417,4.505,2812500,4.26632
2016-02-16,4.46,4.46,4.363,4.396,3052800,4.1631
2016-02-15,4.425,4.454,4.385,4.449,2767500,4.21329
2016-02-12,4.15,4.319,4.15,4.319,3438700,4.09018
2016-02-11,4.186,4.186,4.072,4.101,3124400,3.88373
2016-02-10,4.186,4.289,4.168,4.214,2550500,3.99074
2016-02-09,4.231,4.278,4.092,4.186,2981200,3.96423
2016-02-08,4.412,4.426,4.213,4.221,2684200,3.99737
2016-02-05,4.473,4.475,4.375,4.387,2051200,4.15458
2016-02-04,4.547,4.584,4.394,4.455,1961100,4.21897
2016-02-03,4.506,4.527,4.43,4.474,1776900,4.23697
2016-02-02,4.563,4.633,4.493,4.515,2236000,4.27579
2016-02-01,4.584,4.597,4.536,4.57,1537100,4.32788
2016-01-29,4.56,4.563,4.496,4.563,2254100,4.32125
2016-01-28,4.60,4.615,4.472,4.479,1562400,4.2417
2016-01-27,4.586,4.626,4.564,4.615,1554800,4.3705
2016-01-26,4.482,4.597,4.46,4.579,1823900,4.3364
2016-01-25,4.546,4.557,4.495,4.547,2706200,4.3061
2016-01-22,4.53,4.552,4.477,4.515,3888700,4.27579
2016-01-21,4.376,4.465,4.366,4.446,1830500,4.21045
2016-01-20,4.453,4.456,4.36,4.366,2440200,4.13469
2016-01-19,4.522,4.533,4.468,4.512,1426000,4.27295
2016-01-18,4.483,4.54,4.431,4.45,1707300,4.21424
2016-01-15,4.626,4.635,4.45,4.502,2969500,4.26348
2016-01-14,4.69,4.702,4.564,4.608,2905900,4.36387
2016-01-13,4.778,4.82,4.685,4.708,1390000,4.45857
2016-01-12,4.715,4.787,4.708,4.716,1515200,4.46615
2016-01-11,4.70,4.787,4.697,4.724,1739100,4.47372
2016-01-08,4.752,4.839,4.713,4.713,1904800,4.4633
2016-01-07,4.727,4.763,4.664,4.75,2523800,4.49834
2016-01-06,4.86,4.871,4.771,4.812,1351700,4.55706
2016-01-05,4.893,4.909,4.84,4.861,1888300,4.60346
2016-01-04,4.85,4.876,4.775,4.85,2592900,4.59305
2016-01-01,4.891,4.891,4.891,4.891,000,4.63187
2015-12-31,4.891,4.891,4.891,4.891,000,4.63187
2015-12-30,4.988,4.999,4.888,4.891,848300,4.63187
2015-12-29,4.952,5.026,4.937,4.98,1229600,4.71616
2015-12-28,4.919,4.934,4.864,4.915,671500,4.6546
2015-12-25,4.924,4.924,4.924,4.924,000,4.66313
2015-12-24,4.924,4.924,4.924,4.924,000,4.66313
2015-12-23,4.893,4.926,4.846,4.924,767800,4.66313
2015-12-22,4.922,4.922,4.82,4.831,1499900,4.57505
2015-12-21,5.009,5.041,4.862,4.871,2572900,4.61293
2015-12-18,5.01,5.046,4.845,5.038,8261200,4.77109
2015-12-17,5.061,5.144,5.038,5.102,2161500,4.8317
2015-12-16,4.947,5.01,4.929,4.973,1424800,4.70953
2015-12-15,4.865,4.931,4.858,4.926,1669000,4.66502
2015-12-14,4.951,4.957,4.801,4.814,1889200,4.55895
2015-12-11,4.994,5.015,4.91,4.922,1717100,4.66123
2015-12-10,5.069,5.069,4.97,4.99,2395900,4.72563
2015-12-09,5.167,5.206,5.067,5.067,1493500,4.79855
2015-12-08,5.223,5.259,5.14,5.161,2019500,4.88757
2015-12-07,5.197,5.283,5.192,5.236,2145200,4.9586
2015-12-04,5.201,5.212,5.12,5.176,2443000,4.90177
2015-12-03,5.304,5.357,5.137,5.221,3047400,4.94439
2015-12-02,5.33,5.345,5.273,5.30,1427700,5.01921
2015-12-01,5.311,5.38,5.288,5.295,1956900,5.01447
2015-11-30,5.40,5.425,5.291,5.321,6903700,5.03909
2015-11-27,5.365,5.429,5.35,5.388,1537900,5.10254
2015-11-26,5.323,5.382,5.323,5.379,1075900,5.09402
2015-11-25,5.286,5.374,5.278,5.329,1105500,5.04667
2015-11-24,5.353,5.355,5.247,5.306,2199900,5.02489
2015-11-23,5.373,5.386,5.31,5.355,1255300,5.07129
2015-11-20,5.38,5.41,5.317,5.365,1564700,5.08076
2015-11-19,5.404,5.437,5.31,5.345,1916900,5.06182
2015-11-18,5.398,5.43,5.364,5.395,1772300,5.10917
2015-11-17,5.368,5.46,5.347,5.40,5386600,5.11391
2015-11-16,5.30,5.354,5.283,5.34,1900000,5.05709
2015-11-13,5.30,5.353,5.291,5.336,2841500,5.0533
2015-11-12,5.381,5.423,5.252,5.321,2947000,5.03909
2015-11-11,5.39,5.448,5.368,5.40,3354100,5.11391
2015-11-10,5.36,5.389,5.25,5.389,9399800,5.10349
2015-11-09,5.58,5.627,5.534,5.534,2027500,5.24081
2015-11-06,5.633,5.717,5.60,5.653,1747400,5.3535
2015-11-05,5.80,5.811,5.569,5.612,3108200,5.31468
2015-11-04,5.849,5.861,5.644,5.68,2320500,5.37907
2015-11-03,5.825,5.843,5.77,5.812,1314100,5.50408
2015-11-02,5.848,5.909,5.811,5.819,1867900,5.51071
2015-10-30,5.87,5.901,5.806,5.856,1884500,5.54575
2015-10-29,5.855,5.919,5.829,5.841,1670900,5.53154
2015-10-28,5.821,5.871,5.815,5.836,1007300,5.52681
2015-10-27,5.88,5.891,5.779,5.795,1993800,5.48798
2015-10-26,5.81,5.994,5.81,5.85,2543600,5.54007
2015-10-23,5.695,5.828,5.695,5.807,2786500,5.49934
2015-10-22,5.467,5.672,5.455,5.66,2687700,5.36013
2015-10-21,5.445,5.50,5.393,5.45,2262000,5.16126
2015-10-20,5.43,5.479,5.378,5.396,1663400,5.11012
2015-10-19,5.333,5.409,5.322,5.409,2918000,5.12243
2015-10-16,5.313,5.357,5.29,5.34,1953700,5.05709
2015-10-15,5.268,5.305,5.16,5.296,1925400,5.01542
2015-10-14,5.29,5.31,5.211,5.229,1559700,4.95197
2015-10-13,5.341,5.388,5.289,5.345,1238600,5.06182
2015-10-12,5.42,5.424,5.325,5.399,1254500,5.11296
2015-10-09,5.425,5.447,5.371,5.403,1025700,5.11675
2015-10-08,5.38,5.438,5.345,5.374,1230100,5.08928
2015-10-07,5.479,5.486,5.391,5.411,1673300,5.12432
2015-10-06,5.42,5.461,5.353,5.44,2101100,5.15179
2015-10-05,5.369,5.442,5.312,5.408,1566500,5.12148
2015-10-02,5.399,5.415,5.231,5.286,1848900,5.00595
2015-10-01,5.521,5.544,5.333,5.341,1603900,5.05803
2015-09-30,5.528,5.528,5.44,5.461,1579800,5.17168
2015-09-29,5.51,5.516,5.399,5.432,1529600,5.14421
2015-09-28,5.543,5.625,5.487,5.544,1491200,5.25028
2015-09-25,5.40,5.57,5.358,5.55,1198800,5.25596
2015-09-24,5.654,5.663,5.253,5.335,3761200,5.05235
2015-09-23,5.634,5.684,5.613,5.654,1306200,5.35445
2015-09-22,5.733,5.733,5.613,5.653,1603400,5.3535
2015-09-21,5.58,5.722,5.578,5.707,1138500,5.40464
2015-09-18,5.665,5.675,5.576,5.612,1667200,5.31468
2015-09-17,5.617,5.692,5.605,5.669,1070100,5.36866
2015-09-16,5.575,5.694,5.575,5.618,1605600,5.32036
2015-09-15,5.607,5.642,5.512,5.559,1397900,5.26448
2015-09-14,5.518,5.645,5.497,5.591,1576000,5.29479
2015-09-11,5.568,5.568,5.437,5.49,1054800,5.19914
2015-09-10,5.623,5.644,5.566,5.566,1190200,5.27111
2015-09-09,5.64,5.709,5.623,5.65,1597900,5.35066
2015-09-08,5.54,5.608,5.537,5.583,1069000,5.28721
2015-09-07,5.497,5.537,5.46,5.513,920100,5.22092
2015-09-04,5.477,5.52,5.468,5.474,1106300,5.18399
2015-09-03,5.43,5.58,5.43,5.549,1374600,5.25501
2015-09-02,5.356,5.405,5.297,5.389,1328800,5.10349
2015-09-01,5.352,5.383,5.268,5.323,1281000,5.04099
2015-08-31,5.336,5.423,5.325,5.423,1434000,5.13569
2015-08-28,5.336,5.358,5.298,5.358,1418100,5.07413
2015-08-27,5.333,5.42,5.30,5.343,2615900,5.05993
2015-08-26,5.304,5.371,5.208,5.235,2757100,4.95765
2015-08-25,5.255,5.354,5.201,5.312,2263000,5.03057
2015-08-24,5.00,5.179,4.955,5.179,5520200,4.90462
2015-08-21,5.253,5.33,5.169,5.169,1463400,4.89515
2015-08-20,5.463,5.479,5.339,5.354,1121100,5.07034
2015-08-19,5.601,5.615,5.52,5.526,857700,5.23323
2015-08-18,5.616,5.693,5.616,5.639,856400,5.34025
2015-08-17,5.776,5.776,5.59,5.641,1100900,5.34214
2015-08-14,5.701,5.749,5.675,5.729,807000,5.42548
2015-08-13,5.65,5.75,5.649,5.69,995800,5.38854
2015-08-12,5.722,5.722,5.581,5.591,1619500,5.29479
2015-08-11,5.815,5.815,5.717,5.752,1101900,5.44726
2015-08-10,5.716,5.816,5.699,5.816,1075800,5.50787
2015-08-07,5.812,5.812,5.686,5.702,1124200,5.39991
2015-08-06,5.806,5.834,5.789,5.809,983200,5.50124
2015-08-05,5.775,5.844,5.762,5.837,1379100,5.52775
2015-08-04,5.756,5.78,5.724,5.762,1481000,5.45673
2015-08-03,5.666,5.768,5.653,5.756,1790700,5.45105
2015-07-31,5.594,5.655,5.52,5.655,3780700,5.3554
2015-07-30,5.679,5.694,5.549,5.606,2147100,5.30899
2015-07-29,5.63,5.732,5.513,5.609,4368100,5.31183
2015-07-28,5.502,5.56,5.486,5.523,2104400,5.23039
2015-07-27,5.50,5.512,5.41,5.47,1974600,5.1802
2015-07-24,5.457,5.56,5.455,5.513,1461500,5.22092
2015-07-23,5.49,5.552,5.43,5.46,1332200,5.17073
2015-07-22,5.406,5.47,5.399,5.455,739100,5.16599
2015-07-21,5.458,5.498,5.439,5.458,1182600,5.16883
2015-07-20,5.26,5.487,5.224,5.446,1121400,5.15747
2015-07-17,5.383,5.462,5.383,5.441,1709400,5.15274
2015-07-16,5.325,5.411,5.299,5.41,1671100,5.12338
2015-07-15,5.246,5.317,5.229,5.311,1468300,5.02962
2015-07-14,5.232,5.247,5.215,5.238,770200,4.96049
2015-07-13,5.164,5.249,5.154,5.228,1815100,4.95102
2015-07-10,5.054,5.149,5.03,5.142,1501100,4.86958
2015-07-09,4.897,4.977,4.861,4.96,1736900,4.69722
2015-07-08,4.862,4.876,4.793,4.868,1828800,4.61009
2015-07-07,4.997,5.019,4.844,4.844,1505300,4.58736
2015-07-06,5.007,5.043,4.987,4.993,1147500,4.72847
2015-07-03,5.131,5.135,5.062,5.074,1461500,4.80518
2015-07-02,5.18,5.191,5.10,5.106,1580400,4.83548
2015-07-01,5.189,5.248,5.138,5.163,1712100,4.88946
2015-06-30,5.212,5.233,5.149,5.17,3247800,4.89609
2015-06-29,5.169,5.293,5.123,5.225,2279900,4.94818
2015-06-26,5.288,5.368,5.273,5.346,1116500,5.06277
2015-06-25,5.302,5.369,5.279,5.333,1565600,5.05046
2015-06-24,5.355,5.392,5.315,5.337,1922100,5.05424
2015-06-23,5.25,5.388,5.225,5.364,2357300,5.07981
2015-06-22,5.16,5.235,5.131,5.20,3149600,4.9245
2015-06-19,4.998,5.089,4.95,5.081,4747400,4.81181
2015-06-18,4.93,4.963,4.834,4.957,1736300,4.69438
2015-06-17,5.009,5.06,4.932,4.944,1405600,4.68207
2015-06-16,5.009,5.01,4.948,4.994,1759900,4.72942
2015-06-15,5.062,5.08,5.00,5.043,1647100,4.77582
2015-06-12,5.15,5.199,5.093,5.143,1277200,4.87052
2015-06-11,5.153,5.222,5.147,5.188,1997500,4.91314
2015-06-10,5.101,5.15,5.084,5.149,3002000,4.87621
2015-06-09,5.181,5.207,5.101,5.132,2757400,4.86011
2015-06-08,5.219,5.247,5.18,5.201,2153700,4.92545
2015-06-05,5.373,5.384,5.229,5.231,3351800,4.95386
2015-06-04,5.153,5.244,5.104,5.184,3413300,4.90935
2015-06-03,5.17,5.20,5.109,5.154,2960300,4.88094
2015-06-02,5.046,5.09,4.994,5.069,1886600,4.80044
2015-06-01,5.048,5.08,4.974,5.04,1597200,4.77298
2015-05-29,5.066,5.114,5.033,5.035,3010200,4.76824
2015-05-28,5.152,5.168,5.052,5.066,2312800,4.7976
2015-05-27,5.179,5.215,5.16,5.165,2109400,4.89136
2015-05-26,5.26,5.30,5.185,5.188,1395700,4.91314
2015-05-25,5.251,5.251,5.251,5.251,000,4.9728
2015-05-22,5.192,5.288,5.181,5.251,2437400,4.9728
2015-05-21,5.18,5.206,5.157,5.178,2161500,4.90367
2015-05-20,5.189,5.226,5.145,5.188,2386100,4.91314
2015-05-19,5.194,5.221,5.155,5.20,2509800,4.9245
2015-05-18,5.12,5.178,5.101,5.165,1629900,4.89136
2015-05-15,5.192,5.234,5.072,5.10,3393100,4.8298
2015-05-14,5.188,5.209,5.122,5.192,1278300,4.91693
2015-05-13,5.253,5.275,5.15,5.184,4347100,4.90935
2015-05-12,5.533,5.544,5.387,5.483,2847100,4.96522
2015-05-11,5.51,5.574,5.459,5.542,2250800,5.01865
2015-05-08,5.474,5.522,5.37,5.505,3237500,4.98515
2015-05-07,5.471,5.471,5.347,5.412,2824500,4.90093
2015-05-06,5.60,5.60,5.419,5.455,3510700,4.93987
2015-05-05,5.665,5.783,5.452,5.511,3976000,4.99058
2015-05-04,5.59,5.658,5.543,5.605,1941700,5.0757
2015-05-01,5.559,5.559,5.559,5.559,000,5.03405
2015-04-30,5.523,5.584,5.466,5.559,2387200,5.03405
2015-04-29,5.646,5.703,5.516,5.516,2153000,4.99511
2015-04-28,5.622,5.652,5.531,5.613,1874600,5.08295
2015-04-27,5.559,5.659,5.542,5.611,2287600,5.08114
2015-04-24,5.556,5.607,5.527,5.564,2564400,5.03858
2015-04-23,5.53,5.556,5.479,5.532,2070800,5.0096
2015-04-22,5.50,5.584,5.38,5.54,4276000,5.01684
2015-04-21,5.384,5.412,5.303,5.40,2753900,4.89006
2015-04-20,5.30,5.409,5.276,5.34,2329100,4.83573
2015-04-17,5.298,5.307,5.256,5.256,3634200,4.75966
2015-04-16,5.312,5.322,5.25,5.295,1905500,4.79498
2015-04-15,5.354,5.36,5.291,5.30,2190000,4.79951
2015-04-14,5.39,5.409,5.275,5.331,1845700,4.82758
2015-04-13,5.426,5.426,5.35,5.398,1985500,4.88825
2015-04-10,5.43,5.467,5.357,5.397,1803000,4.88735
2015-04-09,5.403,5.417,5.358,5.385,1793500,4.87648
2015-04-08,5.362,5.447,5.362,5.39,1705500,4.88101
2015-04-07,5.40,5.428,5.382,5.403,1615600,4.89278
2015-04-06,5.381,5.381,5.381,5.381,000,4.87286
2015-04-03,5.381,5.381,5.381,5.381,000,4.87286
2015-04-02,5.345,5.408,5.332,5.381,1154800,4.87286
2015-04-01,5.367,5.377,5.326,5.351,1760900,4.84569
2015-03-31,5.383,5.42,5.364,5.376,2226100,4.86833
2015-03-30,5.345,5.451,5.344,5.40,2038200,4.89006
2015-03-27,5.336,5.446,5.317,5.35,3031700,4.84478
2015-03-26,5.323,5.407,5.265,5.40,2701500,4.89006
2015-03-25,5.503,5.529,5.369,5.375,2879800,4.86742
2015-03-24,5.372,5.513,5.372,5.50,2552600,4.98062
2015-03-23,5.445,5.455,5.372,5.433,1355100,4.91995
2015-03-20,5.429,5.53,5.403,5.471,3742300,4.95436
2015-03-19,5.381,5.42,5.324,5.404,2273400,4.89369
2015-03-18,5.426,5.512,5.349,5.374,3249800,4.86652
2015-03-17,5.495,5.50,5.308,5.39,3985900,4.88101
2015-03-16,5.214,5.304,5.209,5.259,2627100,4.76238
2015-03-13,5.14,5.219,5.14,5.197,1734300,4.70623
2015-03-12,5.175,5.196,5.101,5.13,1522200,4.64556
2015-03-11,5.022,5.195,5.012,5.175,4393800,4.68631
2015-03-10,5.05,5.071,4.983,4.995,2479500,4.52331
2015-03-09,4.935,5.06,4.924,5.026,2535000,4.55138
2015-03-06,4.931,5.005,4.908,4.971,2138000,4.50157
2015-03-05,4.87,4.959,4.868,4.913,1812100,4.44905
2015-03-04,4.886,4.917,4.839,4.873,2509600,4.41283
2015-03-03,4.986,4.996,4.886,4.886,2585500,4.4246
2015-03-02,4.916,4.96,4.898,4.96,2178300,4.49161
2015-02-27,4.91,4.931,4.896,4.916,1759300,4.45177
2015-02-26,4.90,4.923,4.884,4.908,2252000,4.44452
2015-02-25,4.87,4.942,4.814,4.909,3264300,4.44543
2015-02-24,5.025,5.159,4.799,4.80,9521100,4.34672
2015-02-23,4.71,4.783,4.688,4.758,2985100,4.30869
2015-02-20,4.634,4.70,4.618,4.663,1723300,4.22266
2015-02-19,4.647,4.662,4.586,4.63,1988800,4.19278
2015-02-18,4.632,4.649,4.598,4.649,1838200,4.20998
2015-02-17,4.692,4.692,4.592,4.606,2694900,4.17104
2015-02-16,4.704,4.76,4.698,4.741,1229500,4.29329
2015-02-13,4.85,4.858,4.709,4.723,3033600,4.27699
2015-02-12,4.721,4.879,4.715,4.832,2331300,4.3757
2015-02-11,4.679,4.755,4.679,4.735,2894900,4.28786
2015-02-10,4.50,4.739,4.423,4.704,4360500,4.25979
2015-02-09,4.78,4.789,4.668,4.678,2704600,4.23624
2015-02-06,4.796,4.827,4.772,4.81,1908900,4.35578
2015-02-05,4.85,4.85,4.688,4.735,3035000,4.28786
2015-02-04,4.899,4.905,4.833,4.898,2304200,4.43547
2015-02-03,4.88,4.95,4.87,4.89,2051800,4.42822
2015-02-02,4.93,4.959,4.859,4.88,1998600,4.41917
2015-01-30,4.917,4.935,4.84,4.93,2889900,4.46445
2015-01-29,4.83,4.957,4.829,4.891,1867600,4.42913
2015-01-28,4.861,4.884,4.826,4.84,1751900,4.38295
2015-01-27,4.877,4.896,4.809,4.833,2037000,4.37661
2015-01-26,4.847,4.913,4.834,4.898,1252800,4.43547
2015-01-23,4.849,4.973,4.849,4.882,3324300,4.42098
2015-01-22,4.777,4.85,4.76,4.817,2287900,4.36212
2015-01-21,4.743,4.773,4.692,4.768,2211700,4.31774
2015-01-20,4.715,4.783,4.684,4.754,2385800,4.30507
2015-01-19,4.69,4.732,4.668,4.692,1723000,4.24892
2015-01-16,4.66,4.722,4.618,4.693,2659100,4.24983
2015-01-15,4.611,4.66,4.50,4.655,2284500,4.21542
2015-01-14,4.555,4.667,4.542,4.566,2637700,4.13482
2015-01-13,4.52,4.622,4.507,4.615,2386500,4.17919
2015-01-12,4.465,4.52,4.464,4.512,1571000,4.08592
2015-01-09,4.47,4.504,4.437,4.48,2405700,4.05694
2015-01-08,4.438,4.503,4.412,4.465,2361700,4.04336
2015-01-07,4.43,4.482,4.353,4.40,2222600,3.9845
2015-01-06,4.372,4.477,4.359,4.399,2330500,3.98359
2015-01-05,4.419,4.488,4.303,4.352,1867700,3.94103
2015-01-02,4.418,4.44,4.391,4.414,1484400,3.99717
2015-01-01,4.414,4.414,4.414,4.414,000,3.99717
2014-12-31,4.414,4.414,4.414,4.414,000,3.99717
2014-12-30,4.50,4.50,4.393,4.414,1141800,3.99717
2014-12-29,4.494,4.544,4.484,4.495,1312300,4.07052
2014-12-26,4.51,4.51,4.51,4.51,000,4.08411
2014-12-25,4.51,4.51,4.51,4.51,000,4.08411
2014-12-24,4.51,4.51,4.51,4.51,000,4.08411
2014-12-23,4.465,4.518,4.44,4.51,2206200,4.08411
2014-12-22,4.45,4.475,4.404,4.44,1564700,4.02072
2014-12-19,4.40,4.449,4.339,4.446,5715600,4.02615
2014-12-18,4.301,4.386,4.284,4.381,1893100,3.96729
2014-12-17,4.161,4.233,4.156,4.202,2342400,3.80519
2014-12-16,4.133,4.238,4.109,4.211,2733100,3.81334
2014-12-15,4.15,4.199,4.107,4.109,1984600,3.72098
2014-12-12,4.163,4.205,4.141,4.15,1401800,3.7581
2014-12-11,4.16,4.311,4.139,4.208,1844200,3.81063
2014-12-10,4.212,4.235,4.165,4.182,1445000,3.78708
2014-12-09,4.274,4.274,4.203,4.218,1800000,3.81968
2014-12-08,4.37,4.381,4.302,4.308,1076800,3.90118
2014-12-05,4.37,4.418,4.36,4.37,2093200,3.95733
2014-12-04,4.262,4.362,4.228,4.36,3043100,3.94827
2014-12-03,4.28,4.284,4.236,4.262,1762600,3.85953
2014-12-02,4.279,4.317,4.246,4.257,1475600,3.855
2014-12-01,4.25,4.27,4.19,4.266,1472100,3.86315
2014-11-28,4.226,4.271,4.20,4.217,2538500,3.81878
2014-11-27,4.247,4.261,4.22,4.229,655900,3.82964
2014-11-26,4.179,4.267,4.16,4.261,1413800,3.85862
2014-11-25,4.179,4.20,4.144,4.167,4457100,3.7735
2014-11-24,4.27,4.295,4.147,4.159,2339800,3.76625
2014-11-21,4.15,4.256,4.133,4.24,3398600,3.8396
2014-11-20,4.135,4.144,4.076,4.132,2093200,3.7418
2014-11-19,4.08,4.158,4.045,4.142,2241600,3.75086
2014-11-18,3.992,4.088,3.992,4.051,2021000,3.66845
2014-11-17,3.954,4.036,3.944,4.001,1667000,3.62317
2014-11-14,3.976,4.00,3.943,3.99,2437300,3.61321
2014-11-13,3.96,4.007,3.926,3.971,2342500,3.59601
2014-11-12,4.02,4.02,3.904,3.946,2104000,3.57337
2014-11-11,3.965,4.009,3.95,4.003,2397500,3.62499
2014-11-10,3.89,3.968,3.851,3.95,1952500,3.57699
2014-11-07,3.913,3.948,3.866,3.885,1954300,3.51813
2014-11-06,3.811,3.929,3.801,3.914,2778300,3.54439
2014-11-05,3.846,3.846,3.75,3.832,3484600,3.47013
2014-11-04,3.883,3.916,3.833,3.844,1962400,3.481
2014-11-03,3.909,3.942,3.872,3.892,1936800,3.52447
2014-10-31,3.922,3.993,3.907,3.921,2593300,3.55073
2014-10-30,3.813,3.856,3.742,3.848,2454400,3.48462
2014-10-29,3.796,3.826,3.766,3.781,1975700,3.42395
2014-10-28,3.706,3.806,3.705,3.80,1850600,3.44116
2014-10-27,3.73,3.738,3.638,3.691,1642400,3.34245
2014-10-24,3.766,3.794,3.70,3.716,1909700,3.36509
2014-10-23,3.705,3.768,3.68,3.76,2195100,3.40493
2014-10-22,3.725,3.741,3.70,3.726,2393500,3.37414
2014-10-21,3.581,3.713,3.569,3.70,3901800,3.3506
2014-10-20,3.692,3.692,3.537,3.579,4288400,3.24103
2014-10-17,3.61,3.681,3.57,3.676,5219700,3.32887
2014-10-16,3.62,3.645,3.466,3.577,5475100,3.23921
2014-10-15,3.761,3.772,3.592,3.60,4542400,3.26004
2014-10-14,3.794,3.84,3.749,3.77,2989100,3.41399
2014-10-13,3.745,3.856,3.73,3.816,2803100,3.45564
2014-10-10,3.88,3.909,3.717,3.79,7662400,3.4321
2014-10-09,4.061,4.071,3.905,3.911,4815100,3.54167
2014-10-08,4.095,4.109,4.024,4.03,2829700,3.64944
2014-10-07,4.102,4.131,4.068,4.099,2913100,3.71192
2014-10-06,4.16,4.19,4.094,4.103,4984400,3.71554
2014-10-03,4.078,4.078,4.078,4.078,000,3.6929
2014-10-02,4.148,4.177,4.076,4.078,3252700,3.6929
2014-10-01,4.147,4.228,4.12,4.138,3719800,3.74724
2014-09-30,4.20,4.219,4.14,4.14,3462400,3.74905
2014-09-29,4.25,4.29,4.142,4.188,5735400,3.79252
2014-09-26,4.165,4.234,4.102,4.214,7677200,3.81606
2014-09-25,4.105,4.185,4.09,4.111,7874200,3.72279
2014-09-24,4.028,4.14,4.012,4.10,6159800,3.71283
2014-09-23,4.107,4.107,4.003,4.012,3519200,3.63314
2014-09-22,4.158,4.168,4.088,4.105,3761400,3.71735
2014-09-19,3.974,4.18,3.946,4.18,26084700,3.78527
2014-09-18,4.00,4.014,3.884,3.985,18136200,3.60869
2014-09-17,4.10,4.131,4.005,4.05,14645000,3.66755
2014-09-16,4.023,4.075,3.98,4.075,9288700,3.69019
2014-09-15,4.118,4.146,3.995,4.043,9733300,3.66121
2014-09-12,4.205,4.226,4.105,4.138,7017000,3.74724
2014-09-11,4.345,4.358,4.192,4.212,6846700,3.81425
2014-09-10,4.416,4.425,4.20,4.316,8361500,3.90843
2014-09-09,4.56712,4.57503,4.38839,4.405,6172600,3.98902
2014-09-08,4.60192,4.62248,4.57029,4.58689,766900,4.15374
2014-09-05,4.65016,4.65016,4.57899,4.58689,773100,4.15374
2014-09-04,4.63672,4.65016,4.61932,4.63435,656400,4.19672
2014-09-03,4.63039,4.67389,4.63039,4.64146,938000,4.20315
2014-09-02,4.5861,4.62881,4.5695,4.5948,454300,4.1609
2014-09-01,4.58689,4.60667,4.56159,4.58531,584900,4.15231
2014-08-29,4.56238,4.58769,4.51018,4.57661,869300,4.14443
2014-08-28,4.63276,4.63276,4.56554,4.56871,696700,4.13727
2014-08-27,4.60746,4.64463,4.59559,4.61853,491500,4.18239
2014-08-26,4.61932,4.61932,4.56871,4.5782,543500,4.14587
2014-08-25,4.60271,4.61299,4.57503,4.61141,228200,4.17594
2014-08-22,4.5521,4.59164,4.54419,4.57108,404100,4.13942
2014-08-21,4.54735,4.58848,4.52284,4.57899,798900,4.14658
2014-08-20,4.51888,4.54103,4.50148,4.53391,598000,4.10576
2014-08-19,4.60508,4.60508,4.53154,4.53312,644800,4.10505
2014-08-18,4.61853,4.62169,4.55131,4.5782,423300,4.14587
2014-08-15,4.61616,4.63276,4.55447,4.56712,554000,4.13583
2014-08-14,4.58689,4.60429,4.54419,4.58769,821200,4.15446
2014-08-13,4.5434,4.58689,4.52363,4.57108,658600,4.13942
2014-08-12,4.54023,4.54577,4.49832,4.51335,670400,4.08714
2014-08-11,4.52205,4.54261,4.48646,4.51414,893400,4.08786
2014-08-08,4.45324,4.50386,4.45324,4.46827,813600,4.04632
2014-08-07,4.58689,4.58689,4.46985,4.4999,1381400,4.07496
2014-08-06,4.48171,4.60746,4.45324,4.59718,1718700,4.16306
2014-08-05,4.52916,4.54103,4.49911,4.49911,889400,4.07425
2014-08-04,4.57108,4.57424,4.49595,4.50148,1077700,4.07639
2014-08-01,4.62881,4.66202,4.50939,4.57266,1519000,4.14085
2014-07-31,4.71897,4.7593,4.62644,4.64542,1954500,4.20674
2014-07-30,4.69761,4.87555,4.66993,4.76088,2536100,4.3113
2014-07-29,4.74506,4.75772,4.70552,4.70552,832200,4.26116
2014-07-28,4.75376,4.76483,4.72925,4.73557,1018300,4.28838
2014-07-25,4.79331,4.80121,4.74585,4.75534,704600,4.30628
2014-07-24,4.75297,4.79647,4.71343,4.78461,950200,4.33279
2014-07-23,4.76009,4.83047,4.73004,4.73795,795300,4.29053
2014-07-22,4.73636,4.79251,4.72134,4.77037,764200,4.31989
2014-07-21,4.768,4.768,4.70868,4.73083,889800,4.28408
2014-07-18,4.72134,4.7419,4.67705,4.73953,1024600,4.29196
2014-07-17,4.8028,4.8028,4.73241,4.73874,968400,4.29125
2014-07-16,4.75297,4.82968,4.74665,4.79884,916500,4.34567
2014-07-15,4.81703,4.81703,4.66598,4.75297,1226600,4.30413
2014-07-14,4.77353,4.80596,4.73953,4.80596,733500,4.35212
2014-07-11,4.79647,4.79647,4.72134,4.74902,1461800,4.30056
2014-07-10,4.87081,4.88979,4.75218,4.77274,1528900,4.32204
2014-07-09,4.81466,4.87239,4.7941,4.84471,967900,4.38721
2014-07-08,4.83206,4.85341,4.77749,4.81149,1184200,4.35713
2014-07-07,4.91826,4.92696,4.81782,4.82178,1316900,4.36645
2014-07-04,4.95543,4.96887,4.90323,4.91114,757400,4.44737
2014-07-03,4.9839,4.98943,4.93408,4.94198,1570900,4.4753
2014-07-02,4.8194,5.05191,4.81861,4.94989,3374500,4.48246
2014-07-01,4.78856,4.8716,4.78461,4.8368,1221000,4.38005
2014-06-30,4.78461,4.82968,4.7419,4.77591,2076500,4.32491
2014-06-27,4.82415,4.82415,4.76325,4.78461,1129200,4.33279
2014-06-26,4.82889,4.85736,4.80438,4.81308,1245600,4.35857
2014-06-25,4.83285,4.83759,4.78381,4.79726,932900,4.34424
2014-06-24,4.85183,4.86685,4.80438,4.80991,622800,4.3557
2014-06-23,4.79884,4.88346,4.79884,4.84313,1775100,4.38578
2014-06-20,4.76246,4.86053,4.73162,4.82415,2381600,4.36859
2014-06-19,4.79014,4.85578,4.76246,4.76246,1632000,4.31273
2014-06-18,4.80121,4.86132,4.768,4.79251,1956400,4.33994
2014-06-17,4.74506,4.81624,4.64463,4.79331,3156100,4.34066
2014-06-16,4.59401,4.62644,4.53865,4.59559,1304300,4.16162
2014-06-13,4.68101,4.68101,4.60192,4.61062,1052100,4.17523
2014-06-12,4.60192,4.70394,4.58689,4.69524,1020500,4.25186
2014-06-11,4.63988,4.65728,4.59559,4.60983,1359000,4.17451
2014-06-10,4.6383,4.6383,4.59718,4.60904,1072600,4.1738
2014-06-09,4.61616,4.69129,4.60983,4.64621,914300,4.20746
2014-06-06,4.49753,4.64067,4.49516,4.62248,2011100,4.18597
2014-06-05,4.4999,4.4999,4.44533,4.47618,660400,4.05348
2014-06-04,4.43347,4.48883,4.41449,4.48883,1124300,4.06494
2014-06-03,4.49278,4.49753,4.40816,4.43505,822900,4.01624
2014-06-02,4.50465,4.54735,4.46985,4.48567,795700,4.06208
2014-05-30,4.47539,4.52363,4.44059,4.50465,1976100,4.07926
2014-05-29,4.46273,4.48409,4.44217,4.47618,572100,4.05348
2014-05-28,4.45403,4.49199,4.44692,4.47064,1021700,4.04847
2014-05-27,4.43822,4.48329,4.43268,4.4651,760400,4.04345
2014-05-26,4.46115,4.46669,4.38997,4.44454,1306700,4.02483
2014-05-23,4.45166,4.45878,4.38918,4.45087,1569200,4.03056
2014-05-22,4.48171,4.48725,4.40816,4.45561,1432200,4.03485
2014-05-21,4.53233,4.54023,4.40658,4.46827,2324100,4.04632
2014-05-20,4.91905,4.94752,4.74506,4.78935,2124100,3.91146
2014-05-19,4.95068,5.00525,4.88346,4.93249,1512300,4.02836
2014-05-16,5.01079,5.0179,4.88742,4.94277,1077100,4.03676
2014-05-15,4.95068,5.01158,4.88742,5.01158,1573000,4.09296
2014-05-14,4.96729,4.97441,4.91747,4.95306,802000,4.04516
2014-05-13,5.09224,5.09224,4.84787,4.94436,1288800,4.03806
2014-05-12,4.98232,5.03688,4.923,5.03688,2333100,4.11362
2014-05-09,4.74585,4.97915,4.72371,4.97915,3786100,4.06647
2014-05-08,4.81624,4.88425,4.66677,4.72213,2621100,3.85656
2014-05-07,4.78461,4.87081,4.768,4.83601,1635900,3.94957
2014-05-06,4.77907,4.81624,4.76642,4.78461,1402700,3.90759
2014-05-05,4.78223,4.80042,4.72134,4.76483,823900,3.89144
2014-05-02,4.75772,4.80042,4.73716,4.76167,1673000,3.88886
2014-05-01,4.73478,4.73478,4.73478,4.73478,000,3.86689
2014-04-30,4.74506,4.78461,4.70948,4.73478,1577200,3.86689
2014-04-29,4.74506,4.76879,4.72608,4.74902,1150100,3.87852
2014-04-28,4.70315,4.73716,4.69445,4.70789,1221000,3.84493
2014-04-25,4.62644,4.71027,4.62644,4.70078,1085600,3.83913
2014-04-24,4.62565,4.67784,4.6035,4.65412,1399500,3.80102
2014-04-23,4.60192,4.64542,4.57661,4.59322,933900,3.75128
2014-04-22,4.56238,4.64621,4.53944,4.58689,1299600,3.74611
2014-04-21,4.52916,4.52916,4.52916,4.52916,000,3.69896
2014-04-18,4.52916,4.52916,4.52916,4.52916,000,3.69896
2014-04-17,4.51967,4.56317,4.48409,4.52916,793400,3.69896
2014-04-16,4.50781,4.52521,4.46273,4.52205,1134700,3.69316
2014-04-15,4.51572,4.53074,4.45641,4.49832,1176000,3.67378
2014-04-14,4.48409,4.52363,4.45799,4.51414,1226500,3.6867
2014-04-11,4.50781,4.51809,4.43743,4.49832,990500,3.67378
2014-04-10,4.59876,4.61299,4.48646,4.4999,1595800,3.67507
2014-04-09,4.4738,4.58136,4.46115,4.55447,1824000,3.71964
2014-04-08,4.54182,4.58452,4.42556,4.44454,1765100,3.62986
2014-04-07,4.59559,4.60271,4.49437,4.51809,1213200,3.68992
2014-04-04,4.5782,4.60271,4.55289,4.60271,674900,3.75903
2014-04-03,4.6209,4.63751,4.54023,4.56159,1067700,3.72545
2014-04-02,4.5774,4.65965,4.55842,4.62644,1272600,3.77841
2014-04-01,4.58215,4.58531,4.52363,4.56159,1014800,3.72545
2014-03-31,4.59876,4.61932,4.54735,4.57582,1565900,3.73707
2014-03-28,4.54182,4.6122,4.53312,4.58927,1138600,3.74806
2014-03-27,4.49753,4.54735,4.46431,4.51809,1551300,3.68992
2014-03-26,4.49911,4.59955,4.49911,4.59559,901100,3.75322
2014-03-25,4.45957,4.55289,4.45957,4.50069,883700,3.67571
2014-03-24,4.52442,4.55131,4.44375,4.47618,855900,3.6557
2014-03-21,4.53549,4.54814,4.39946,4.51651,1332300,3.68863
2014-03-20,4.55684,4.56554,4.48646,4.52679,814000,3.69703
2014-03-19,4.49199,4.59876,4.46827,4.58689,1284900,3.74611
2014-03-18,4.47539,4.50148,4.42161,4.48092,584000,3.65957
2014-03-17,4.43505,4.48171,4.40975,4.45324,819500,3.63696
2014-03-14,4.42873,4.45403,4.38918,4.42319,1297100,3.61242
2014-03-13,4.59243,4.60588,4.41528,4.43426,3175100,3.62146
2014-03-12,4.60429,4.62406,4.58689,4.61141,747100,3.76614
2014-03-11,4.67389,4.67784,4.59797,4.61062,935100,3.76549
2014-03-10,4.66598,4.67705,4.63672,4.67231,754000,3.81588
2014-03-07,4.67072,4.68654,4.6383,4.66519,863300,3.81006
2014-03-06,4.65253,4.70315,4.61695,4.66598,1502900,3.81071
2014-03-05,4.63118,4.6644,4.61932,4.63435,1098500,3.78487
2014-03-04,4.60667,4.65016,4.60271,4.61853,1629600,3.77195
2014-03-03,4.58136,4.66756,4.52916,4.58373,2054200,3.74353
2014-02-28,4.70552,4.70631,4.57108,4.58689,2099300,3.74611
2014-02-27,4.6897,4.6897,4.58452,4.61774,1660600,3.77131
2014-02-26,4.6897,4.76563,4.61853,4.67468,2298900,3.81781
2014-02-25,4.80042,4.80042,4.66835,4.67705,2289800,3.81975
2014-02-24,4.79647,4.80754,4.74902,4.80042,2047900,3.9205
2014-02-21,4.79251,4.80833,4.74506,4.78856,1540200,3.91082
2014-02-20,4.78461,4.80042,4.76246,4.7854,993200,3.90824
2014-02-19,4.88742,4.90244,4.77749,4.81624,1429100,3.93342
2014-02-18,4.86132,4.89532,4.83996,4.88742,994500,3.99156
2014-02-17,4.83206,4.85815,4.82336,4.8368,1186700,3.95021
2014-02-14,4.802,4.83996,4.77986,4.82415,1463400,3.93988
2014-02-13,4.79805,4.8028,4.75376,4.78461,979600,3.90759
2014-02-12,4.81703,4.82336,4.78856,4.79805,1103900,3.91857
2014-02-11,4.81624,4.82415,4.76879,4.80121,1132600,3.92115
2014-02-10,4.78223,4.78461,4.73953,4.77037,1201300,3.89596
2014-02-07,4.74823,4.78461,4.72292,4.73716,1354600,3.86884
2014-02-06,4.64542,4.79251,4.61695,4.72608,1883800,3.85979
2014-02-05,4.66598,4.66993,4.62327,4.64621,1267000,3.79456
2014-02-04,4.65886,4.67468,4.62169,4.65412,1192000,3.80102
2014-02-03,4.66598,4.70868,4.6557,4.67942,1012300,3.82168
2014-01-31,4.67389,4.71817,4.63435,4.67705,1919900,3.81975
2014-01-30,4.74111,4.74111,4.62802,4.65016,2230000,3.79779
2014-01-29,4.78461,4.82415,4.72687,4.76167,910400,3.88886
2014-01-28,4.7419,4.77828,4.69761,4.74585,1365200,3.87594
2014-01-27,4.74506,4.78461,4.69129,4.70236,1331000,3.84042
2014-01-24,4.78856,4.8194,4.73716,4.76483,1404000,3.89144
2014-01-23,4.86527,4.88504,4.79172,4.80991,949100,3.92825
2014-01-22,4.87872,4.89453,4.86132,4.88504,881800,3.98961
2014-01-21,4.88425,4.91193,4.86764,4.89058,1055900,3.99414
2014-01-20,4.90877,4.9317,4.8629,4.86923,1204100,3.9767
2014-01-17,4.87951,4.91747,4.87555,4.90877,1534200,4.00899
2014-01-16,4.87081,4.91035,4.8455,4.89691,1567700,3.99931
2014-01-15,4.90323,4.91351,4.83206,4.86369,1541500,3.97218
2014-01-14,4.85578,4.89295,4.8368,4.88346,1012200,3.98832
2014-01-13,4.90798,4.91984,4.81782,4.85974,1176200,3.96895
2014-01-10,4.89532,4.97441,4.8542,4.93408,1911600,4.02966
2014-01-09,4.75218,4.85578,4.70078,4.83601,1597800,3.94957
2014-01-08,4.74506,4.74506,4.70315,4.72846,1209900,3.86173
2014-01-07,4.72846,4.74981,4.69208,4.71264,1115200,3.84881
2014-01-06,4.76404,4.76483,4.69208,4.70868,607000,3.84558
2014-01-03,4.72134,4.76246,4.68812,4.74823,792900,3.87788
2014-01-02,4.74506,4.77037,4.67072,4.69761,818500,3.83654
2014-01-01,4.74506,4.74506,4.74506,4.74506,000,3.87529
2013-12-31,4.74506,4.74506,4.74506,4.74506,000,3.87529
2013-12-30,4.78461,4.79172,4.73874,4.74506,643100,3.87529
2013-12-27,4.78461,4.78461,4.74111,4.74981,551800,3.87917
2013-12-26,4.74585,4.74585,4.74585,4.74585,000,3.87594
2013-12-25,4.74585,4.74585,4.74585,4.74585,000,3.87594
2013-12-24,4.74585,4.74585,4.74585,4.74585,000,3.87594
2013-12-23,4.74506,4.75297,4.72134,4.74585,664600,3.87594
2013-12-20,4.74902,4.77274,4.65016,4.72055,1726900,3.85527
2013-12-19,4.74585,4.76879,4.7332,4.74585,760800,3.87594
2013-12-18,4.67942,4.76404,4.67468,4.70948,744900,3.84623
2013-12-17,4.65807,4.72055,4.65174,4.66914,688300,3.81329
2013-12-16,4.69603,4.70315,4.63039,4.68338,709700,3.82492
2013-12-13,4.69919,4.7158,4.63435,4.6644,687000,3.80942
2013-12-12,4.73874,4.73953,4.65174,4.71897,641700,3.85398
2013-12-11,4.7767,4.81545,4.71897,4.73399,840300,3.86625
2013-12-10,4.77907,4.80754,4.71817,4.76167,1056300,3.88886
2013-12-09,4.69208,4.78461,4.68575,4.77591,1085900,3.90049
2013-12-06,4.63672,4.67231,4.60588,4.67231,759800,3.81588
2013-12-05,4.64463,4.6897,4.62881,4.63593,1635500,3.78616
2013-12-04,4.64384,4.69129,4.57108,4.66123,989800,3.80683
2013-12-03,4.71106,4.72687,4.56554,4.64937,1546000,3.79714
2013-12-02,4.77432,4.77432,4.69999,4.72687,711900,3.86043
2013-11-29,4.76879,4.77986,4.73004,4.74506,834400,3.87529
2013-11-28,4.74506,4.80359,4.73241,4.73399,873800,3.86625
2013-11-27,4.66914,4.74506,4.66914,4.72213,956500,3.85656
2013-11-26,4.74585,4.76958,4.66835,4.68417,1856400,3.82556
2013-11-25,4.83996,4.85895,4.74269,4.76009,1320500,3.88757
2013-11-22,4.77828,4.83206,4.76879,4.81545,747100,3.93278
2013-11-21,4.8629,4.88425,4.78144,4.79251,888000,3.91404
2013-11-20,4.8803,4.9064,4.85895,4.88979,1317500,3.99349
2013-11-19,4.89374,4.96017,4.87239,4.89532,806500,3.99801
2013-11-18,4.88267,4.94277,4.85104,4.91589,1249700,4.01481
2013-11-15,4.85262,4.96571,4.80912,4.85262,1156900,3.96313
2013-11-14,4.79331,4.83759,4.77432,4.83047,676900,3.94504
2013-11-13,4.74506,4.77907,4.69366,4.74981,899100,3.87917
2013-11-12,4.78856,4.86844,4.72134,4.74506,1049200,3.87529
2013-11-11,4.65016,4.90481,4.65016,4.74506,1781100,3.87529
2013-11-08,4.8368,4.8368,4.59559,4.62723,1530000,3.77906
2013-11-07,4.74506,5.0614,4.61378,4.79568,3662600,3.91663
2013-11-06,4.62644,4.75534,4.61062,4.75534,2220800,3.88369
2013-11-05,4.63593,4.64621,4.57108,4.59797,909300,3.75516
2013-11-04,4.63514,4.65016,4.60271,4.62644,703400,3.77841
2013-11-01,4.61616,4.61853,4.56871,4.60271,428700,3.75903
2013-10-31,4.60271,4.63039,4.56317,4.59401,975500,3.75193
2013-10-30,4.59085,4.64304,4.5782,4.60429,736300,3.76032
2013-10-29,4.61378,4.63514,4.57266,4.59718,668700,3.75452
2013-10-28,4.54735,4.61853,4.52284,4.60508,895000,3.76097
2013-10-25,4.53549,4.55526,4.45878,4.51572,1340100,3.68799
2013-10-24,4.6731,4.67468,4.49358,4.50781,1817600,3.68153
2013-10-23,4.65016,4.71422,4.61299,4.68259,1587400,3.82427
2013-10-22,4.71343,4.71343,4.62248,4.65807,1058600,3.80425
2013-10-21,4.647,4.70552,4.62486,4.68575,836900,3.82685
2013-10-18,4.63435,4.67547,4.5774,4.62486,1739300,3.77712
2013-10-17,4.67942,4.69366,4.59638,4.61932,1955600,3.7726
2013-10-16,4.52125,4.71185,4.51018,4.67389,1631800,3.81717
2013-10-15,4.55922,4.55922,4.40975,4.51572,1512300,3.68799
2013-10-14,4.46985,4.56396,4.46036,4.54735,799500,3.71382
2013-10-11,4.59401,4.59401,4.46827,4.49041,1162100,3.66732
2013-10-10,4.4572,4.58057,4.42873,4.57899,2149200,3.73966
2013-10-09,4.40184,4.49199,4.40184,4.46985,2231100,3.65053
2013-10-08,4.70078,4.70078,4.49753,4.50623,2297700,3.68024
2013-10-07,4.74506,4.76009,4.68496,4.71343,1262600,3.84946
2013-10-04,4.67626,4.76325,4.647,4.74506,2067500,3.87529
2013-10-03,4.57503,4.68891,4.54023,4.66598,1449200,3.81071
2013-10-02,4.58769,4.61378,4.52363,4.57108,1205400,3.7332
2013-10-01,4.59638,4.63197,4.57424,4.59638,1234400,3.75386
2013-09-30,4.65728,4.65728,4.57108,4.61457,1867900,3.76872
2013-09-27,4.70552,4.71422,4.66282,4.68101,909900,3.82298
2013-09-26,4.69287,4.72055,4.64621,4.70552,2384600,3.843
2013-09-25,4.62644,4.69287,4.61537,4.68891,1996000,3.82943
2013-09-24,4.63435,4.66835,4.52363,4.62644,2895400,3.77841
2013-09-23,4.50702,4.56001,4.46194,4.53944,933200,3.70736
2013-09-20,4.48013,4.51097,4.43822,4.48804,2471400,3.66538
2013-09-19,4.50781,4.51572,4.46194,4.51572,2388500,3.68799
2013-09-18,4.4912,4.51256,4.4659,4.49516,1948800,3.6712
2013-09-17,4.49199,4.50781,4.43663,4.47855,1531900,3.65763
2013-09-16,4.34173,4.49041,4.34173,4.47539,1987300,3.65505
2013-09-13,4.34964,4.34964,4.2666,4.32275,1718500,3.53039
2013-09-12,4.29586,4.31326,4.25474,4.28558,852300,3.50003
2013-09-11,4.23418,4.30377,4.21441,4.29824,523200,3.51037
2013-09-10,4.2239,4.26344,4.21441,4.23339,1053100,3.45741
2013-09-09,4.19068,4.22706,4.16379,4.2239,764500,3.44966
2013-09-06,4.21599,4.23892,4.14719,4.19147,1077300,3.42317
2013-09-05,4.1456,4.2666,4.1456,4.2152,2407700,3.44255
2013-09-04,4.15588,4.17249,4.08234,4.14639,697100,3.38636
2013-09-03,4.16379,4.17328,4.13611,4.15668,729700,3.39476
2013-09-02,4.19147,4.19147,4.14402,4.163,1026000,3.39992
2013-08-30,4.17566,4.22469,4.15351,4.18119,2063700,3.41478
2013-08-29,4.17803,4.20175,4.13849,4.17487,872700,3.40962
2013-08-28,4.17645,4.24367,4.1543,4.17724,1538900,3.41155
2013-08-27,4.129,4.20571,4.12109,4.17566,1545600,3.41026
2013-08-26,4.01353,4.38839,4.01353,4.12821,2322300,3.37151
2013-08-23,4.04754,4.04754,3.93603,4.01274,876300,3.2772
2013-08-22,4.04042,4.07285,4.00088,4.04833,778800,3.30627
2013-08-21,4.06415,4.07917,3.8783,4.04121,1232100,3.30046
2013-08-20,4.11081,4.12821,4.04912,4.06494,855100,3.31984
2013-08-19,4.12821,4.12821,4.04754,4.1116,634000,3.35794
2013-08-16,4.14481,4.17566,4.04991,4.14323,1121500,3.38378
2013-08-15,4.14481,4.16775,4.10685,4.14402,988600,3.38442
2013-08-14,4.20334,4.21045,4.11239,4.14402,1317000,3.38442
2013-08-13,4.20808,4.21757,4.15509,4.20254,1778700,3.43221
2013-08-12,4.0942,4.2152,4.0942,4.20729,1673200,3.43609
2013-08-09,4.08866,4.12425,3.96213,4.08866,4062300,3.33921
2013-08-08,4.07285,4.11002,4.04358,4.08945,825400,3.33985
2013-08-07,4.03963,4.07759,4.03409,4.06573,733200,3.32048
2013-08-06,4.09894,4.13611,3.99376,4.03884,1087100,3.29852
2013-08-05,4.12425,4.16617,4.09736,4.09973,630500,3.34825
2013-08-02,4.15272,4.17566,4.06019,4.12346,1296700,3.36763
2013-08-01,4.06889,4.19147,4.06731,4.15193,1864400,3.39088
2013-07-31,4.05228,4.1116,4.04675,4.0681,1943200,3.32242
2013-07-30,3.95422,4.05387,3.87118,4.05149,2336200,3.30885
2013-07-29,4.00246,4.01986,3.9044,3.93682,4439400,3.2152
2013-07-26,4.02381,4.06494,3.92417,3.98744,3161500,3.25654
2013-07-25,4.16537,4.18119,3.94394,4.02302,4714700,3.2856
2013-07-24,4.13295,4.28321,4.10527,4.16458,3794800,3.40121
2013-07-23,4.73716,4.73716,4.22706,4.26502,6720900,3.48324
2013-07-22,4.21915,4.5782,4.21836,4.50307,5613100,3.67766
2013-07-19,4.3101,4.31168,4.19938,4.21836,2543500,3.44513
2013-07-18,4.29982,4.32275,4.28875,4.31089,1683100,3.5207
2013-07-17,4.26898,4.31247,4.26423,4.29903,1243900,3.51102
2013-07-16,4.26028,4.30931,4.22627,4.26818,985100,3.48582
2013-07-15,4.31168,4.31722,4.20175,4.25158,1296400,3.47227
2013-07-12,4.23655,4.31722,4.18673,4.31089,1936100,3.5207
2013-07-11,4.21915,4.2579,4.21124,4.23576,1168500,3.45935
2013-07-10,4.19226,4.23418,4.15193,4.21836,1387300,3.44513
2013-07-09,4.19226,4.23497,4.13295,4.18752,2355400,3.41995
2013-07-08,4.15272,4.22864,4.09657,4.19147,1616000,3.42317
2013-07-05,4.29033,4.29033,4.13295,4.15193,1907200,3.39088
2013-07-04,4.30931,4.31484,4.25,4.29112,1314900,3.50456
2013-07-03,4.29033,4.31959,4.2579,4.3101,1101300,3.52006
2013-07-02,4.37337,4.37337,4.19068,4.29982,1625300,3.51166
2013-07-01,4.40184,4.42714,4.35676,4.37416,1663600,3.57238
2013-06-28,4.33778,4.44454,4.33778,4.39709,2341000,3.5911
2013-06-27,4.29586,4.38444,4.26423,4.35755,1626900,3.55881
2013-06-26,4.22232,4.29824,4.21836,4.28479,2102400,3.49939
2013-06-25,4.39393,4.40579,4.18831,4.21124,4186400,3.43932
2013-06-24,4.46748,4.48725,4.36862,4.37811,2677900,3.5756
2013-06-21,4.39709,4.49278,4.38918,4.44454,10199400,3.62986
2013-06-20,4.41291,4.44533,4.36941,4.43189,2518100,3.61952
2013-06-19,4.52363,4.52679,4.44217,4.48171,1870000,3.66021
2013-06-18,4.52363,4.53786,4.48804,4.5086,1603200,3.68217
2013-06-17,4.48725,4.5173,4.45324,4.50702,1980800,3.68088
2013-06-14,4.42556,4.50781,4.41291,4.43663,1713300,3.6234
2013-06-13,4.40421,4.43743,4.38918,4.42873,1853100,3.61694
2013-06-12,4.44296,4.46036,4.39709,4.41765,2018300,3.60789
2013-06-11,4.45166,4.48013,4.39867,4.45324,1120200,3.63696
2013-06-10,4.4999,4.51176,4.42873,4.45166,1564100,3.63567
2013-06-07,4.42873,4.50227,4.42873,4.48725,1184700,3.66474
2013-06-06,4.37099,4.49753,4.35043,4.42398,2273400,3.61306
2013-06-05,4.35676,4.4572,4.3362,4.38918,2413000,3.58464
2013-06-04,4.45166,4.46827,4.21362,4.34569,3122200,3.54912
2013-06-03,4.49832,4.50465,4.38207,4.42082,2600500,3.61048
2013-05-31,4.46115,4.51651,4.42082,4.51651,30582100,3.68863
2013-05-30,4.46906,4.47934,4.42873,4.45008,1910200,3.63438
2013-05-29,4.54656,4.54656,4.43822,4.44138,2680400,3.62727
2013-05-28,4.69129,4.70552,4.48567,4.53628,3467800,3.70478
2013-05-27,4.63355,4.69682,4.6209,4.6818,716300,3.82363
2013-05-24,4.62406,4.66282,4.5347,4.63118,2016700,3.78228
2013-05-23,4.54023,4.60034,4.51097,4.58689,1962100,3.74611
2013-05-22,4.47618,4.59164,4.46194,4.57345,3511800,3.73514
2013-05-21,4.48962,4.49595,4.43505,4.46036,1256500,3.64278
2013-05-20,4.50386,4.53154,4.44296,4.47618,1201300,3.6557
2013-05-17,4.56791,4.57029,4.48567,4.49674,3731100,3.67249
2013-05-16,4.57899,4.61141,4.52205,4.54973,3282900,3.71576
2013-05-15,4.49832,4.56238,4.49437,4.54735,2684700,3.71382
2013-05-14,4.47776,4.51493,4.42082,4.47618,1275300,3.6557
2013-05-13,4.52363,4.52363,4.38997,4.45641,2071900,3.63955
2013-05-10,4.52758,4.5521,4.49199,4.5173,2288000,3.68928
2013-05-09,4.57266,4.58689,4.47776,4.51018,1376700,3.68346
2013-05-08,4.57108,4.67468,4.54735,4.58689,3226500,3.74611
2013-05-07,4.9064,4.91193,4.8542,4.89137,2101500,3.99478
2013-05-06,4.90323,4.94277,4.87081,4.89532,1292600,3.99801
2013-05-03,4.74665,4.9404,4.66598,4.86448,4218400,3.97282
2013-05-02,4.76563,4.82731,4.66993,4.76088,2419300,3.88821
2013-05-01,4.76563,4.76563,4.76563,4.76563,000,3.89209
2013-04-30,4.84787,4.89058,4.74902,4.76563,1729000,3.89209
2013-04-29,4.80991,4.91114,4.802,4.84787,1199900,3.95925
2013-04-26,4.85578,4.88742,4.75139,4.77986,1107400,3.90371
2013-04-25,4.86685,4.94831,4.72925,4.90719,2539900,4.0077
2013-04-24,4.82415,4.89928,4.80754,4.84076,1478200,3.95345
2013-04-23,4.90323,4.94277,4.80754,4.81782,2352700,3.93471
2013-04-22,4.9665,5.04954,4.9665,5.0179,1909600,4.09812
2013-04-19,5.00604,5.0266,4.90323,4.9491,630600,4.04193
2013-04-18,4.94752,5.03688,4.923,4.99813,1293200,4.08197
2013-04-17,5.00209,5.03214,4.94277,4.97915,1657600,4.06647
2013-04-16,4.93408,5.00525,4.92696,4.95068,1622100,4.04322
2013-04-15,5.02186,5.0614,4.94277,4.99813,1140900,4.08197
2013-04-12,4.98864,5.01553,4.96334,4.98232,1057800,4.06906
2013-04-11,4.90323,5.00209,4.89295,4.97124,1855300,4.06001
2013-04-10,4.8716,4.91193,4.8716,4.90323,1036600,4.00447
2013-04-09,4.86369,4.90798,4.80675,4.87555,925300,3.98186
2013-04-08,4.83917,4.86685,4.80042,4.83996,703000,3.9528
2013-04-05,4.84945,4.8629,4.72925,4.79251,953000,3.91404
2013-04-04,4.94277,4.94436,4.77274,4.79805,1275300,3.91857
2013-04-03,4.88742,4.99023,4.85025,4.90323,1332000,4.00447
2013-04-02,4.73636,4.89532,4.71897,4.87951,1134600,3.9851
2013-04-01,4.72292,4.72292,4.72292,4.72292,000,3.85721
2013-03-29,4.72292,4.72292,4.72292,4.72292,000,3.85721
2013-03-28,4.65016,4.74506,4.59559,4.72292,1377600,3.85721
2013-03-27,4.74506,4.74506,4.60271,4.63276,1404200,3.78357
2013-03-26,4.91905,4.92459,4.76879,4.78461,865100,3.90759
2013-03-25,4.89532,4.97441,4.85974,4.88346,985000,3.98832
2013-03-22,4.76088,4.85895,4.76088,4.85736,767400,3.96701
2013-03-21,4.82415,4.82415,4.69682,4.7767,1113900,3.90113
2013-03-20,4.76879,4.83601,4.71501,4.80042,582600,3.9205
2013-03-19,4.74506,4.89374,4.71264,4.76088,837100,3.88821
2013-03-18,4.85578,4.89058,4.76325,4.76483,1260100,3.89144
2013-03-15,4.9056,4.94673,4.79251,4.92063,5011800,4.01868
2013-03-14,4.75297,4.96571,4.73241,4.91114,2241000,4.01093
2013-03-13,4.8107,4.84471,4.68654,4.72925,1729400,3.86238
2013-03-12,4.62644,4.7767,4.59876,4.73557,1078500,3.86754
2013-03-11,4.66519,4.71027,4.62644,4.62644,1507000,3.77841
2013-03-08,4.61695,4.65807,4.53786,4.65016,834200,3.79779
2013-03-07,4.5948,4.66598,4.50781,4.57899,1921500,3.73966
2013-03-06,4.54735,4.64937,4.47539,4.61537,1608600,3.76937
2013-03-05,4.42082,4.57108,4.39472,4.53074,1595800,3.70025
2013-03-04,4.38918,4.41765,4.34569,4.38997,1222500,3.58529
2013-03-01,4.38918,4.42873,4.33066,4.35755,1024000,3.55881
2013-02-28,4.42873,4.42873,4.33066,4.36546,1712700,3.56527
2013-02-27,4.58689,4.6818,4.3188,4.41449,2922600,3.60531
2013-02-26,4.52758,4.5948,4.48409,4.52284,753800,3.6938
2013-02-25,4.58689,4.65886,4.56712,4.62248,515300,3.77518
2013-02-22,4.49278,4.56238,4.47618,4.5521,355300,3.7177
2013-02-21,4.50465,4.50465,4.42082,4.46036,341300,3.64278
2013-02-20,4.52284,4.58294,4.47618,4.47618,580800,3.6557
2013-02-19,4.53154,4.58294,4.47618,4.49199,999200,3.66861
2013-02-18,4.65807,4.65807,4.52521,4.53154,1165200,3.70091
2013-02-15,4.6897,4.6897,4.58689,4.6296,552900,3.78099
2013-02-14,4.6818,4.6818,4.61853,4.66598,599000,3.81071
2013-02-13,4.71264,4.73716,4.62723,4.66598,653300,3.81071
2013-02-12,4.67705,4.72925,4.6383,4.70631,408100,3.84364
2013-02-11,4.75297,4.75297,4.62644,4.66835,900100,3.81264
2013-02-08,4.71343,4.78302,4.69761,4.7419,809900,3.87271
2013-02-07,4.6731,4.74348,4.64067,4.69761,1181400,3.83654
2013-02-06,4.73716,4.74506,4.62644,4.66598,2191800,3.81071
2013-02-05,4.90323,4.90323,4.74506,4.74506,2925400,3.87529
2013-02-04,5.14839,5.14839,4.99813,5.0266,902100,4.10522
2013-02-01,4.99102,5.13258,4.97994,5.0701,1046300,4.14075
2013-01-31,4.89532,5.05349,4.85895,4.99813,1802600,4.08197
2013-01-30,4.74506,4.90798,4.74506,4.90798,1627900,4.00835
2013-01-29,4.6818,4.7506,4.6818,4.72925,439200,3.86238
2013-01-28,4.72134,4.72371,4.6897,4.69761,271700,3.83654
2013-01-25,4.69761,4.70473,4.66598,4.68654,600200,3.8275
2013-01-24,4.74506,4.74506,4.67705,4.68338,424400,3.82492
2013-01-23,4.69761,4.71976,4.65412,4.6897,430800,3.83008
2013-01-22,4.69682,4.74506,4.62644,4.70236,716500,3.84042
2013-01-21,4.67942,4.74665,4.66835,4.69366,246900,3.83331
2013-01-18,4.69761,4.74348,4.64858,4.68733,501600,3.82814
2013-01-17,4.66993,4.70552,4.61378,4.69603,367700,3.83525
2013-01-16,4.66519,4.67547,4.61853,4.66598,613100,3.81071
2013-01-15,4.61299,4.67231,4.56238,4.66677,799900,3.81135
2013-01-14,4.66598,4.66598,4.62644,4.63355,475000,3.78422
2013-01-11,4.66598,4.6818,4.60113,4.65016,397000,3.79779
2013-01-10,4.61932,4.6818,4.58689,4.65016,1870500,3.79779
2013-01-09,4.50781,4.60746,4.50781,4.58689,886600,3.74611
2013-01-08,4.53944,4.57108,4.44533,4.50781,869100,3.68153
2013-01-07,4.58689,4.59559,4.52363,4.52758,1006100,3.69767
2013-01-04,4.56317,4.61299,4.53549,4.56554,697900,3.72868
2013-01-03,4.54735,4.60983,4.54735,4.58057,774800,3.74095
2013-01-02,4.63118,4.63118,4.50781,4.55605,992800,3.72093
2013-01-01,4.56633,4.56633,4.56633,4.56633,000,3.72932
2012-12-31,4.56633,4.56633,4.56633,4.56633,000,3.72932
2012-12-28,4.50781,4.61853,4.49199,4.56633,459500,3.72932
2012-12-27,4.53233,4.66519,4.5086,4.51651,404900,3.68863
2012-12-26,4.58689,4.58689,4.58689,4.58689,000,3.74611
2012-12-25,4.58689,4.58689,4.58689,4.58689,000,3.74611
2012-12-24,4.58689,4.58689,4.58689,4.58689,000,3.74611
2012-12-21,4.50781,4.61616,4.4999,4.58689,1261100,3.74611
2012-12-20,4.53944,4.54735,4.4999,4.54182,1530100,3.7093
2012-12-19,4.50781,4.57108,4.49278,4.5173,750900,3.68928
2012-12-18,4.44454,4.54814,4.42873,4.50781,1562900,3.68153
2012-12-17,4.62644,4.64463,4.49911,4.49911,875100,3.67442
2012-12-14,4.65016,4.65649,4.60667,4.62644,571000,3.77841
2012-12-13,4.63988,4.6644,4.58689,4.64304,1102200,3.79197
2012-12-12,4.66519,4.66519,4.58689,4.65016,1305000,3.79779
2012-12-11,4.5948,4.69287,4.58689,4.62644,1713400,3.77841
2012-12-10,4.58689,4.62644,4.53154,4.59243,1767400,3.75064
2012-12-07,4.51097,4.58689,4.50781,4.51335,1216300,3.68605
2012-12-06,4.54735,4.57108,4.50781,4.50781,1100600,3.68153
2012-12-05,4.54814,4.5861,4.52442,4.55447,1432400,3.71964
2012-12-04,4.54735,4.62644,4.53233,4.54735,955700,3.71382
2012-12-03,4.54735,4.65095,4.4999,4.58689,1539000,3.74611
2012-11-30,4.4999,4.53549,4.46827,4.52363,657400,3.69445
2012-11-29,4.46827,4.54735,4.46194,4.50702,1089200,3.68088
2012-11-28,4.49911,4.49911,4.39867,4.46827,1274100,3.64924
2012-11-27,4.5086,4.5086,4.42082,4.4999,532200,3.67507
2012-11-26,4.41133,4.57899,4.39235,4.51651,1139400,3.68863
2012-11-23,4.42161,4.45245,4.42082,4.42873,558400,3.61694
2012-11-22,4.53074,4.53154,4.42714,4.44533,1267800,3.6305
2012-11-21,4.405,4.58294,4.36862,4.52205,1663300,3.69316
2012-11-20,4.34964,4.41291,4.31089,4.36546,2358500,3.56527
2012-11-19,4.48171,4.52995,4.2579,4.33778,2476400,3.54266
2012-11-16,4.5347,4.5861,4.44454,4.48013,3103600,3.65892
2012-11-15,4.5086,4.57503,4.46985,4.54735,2263500,3.71382
2012-11-14,4.60113,4.60113,4.5086,4.58689,1678000,3.74611
2012-11-13,4.60271,4.62644,4.58057,4.61062,1675200,3.76549
2012-11-12,4.63435,4.65412,4.58769,4.64621,2063300,3.79456
2012-11-09,4.70552,4.70552,4.62644,4.66598,1969700,3.81071
2012-11-08,4.63435,4.6731,4.62644,4.66598,3887700,3.81071
2012-11-07,4.63435,4.72055,4.6122,4.65807,2751800,3.80425
2012-11-06,4.6897,4.70552,4.57187,4.62565,6779500,3.77777
2012-11-05,4.70552,4.72925,4.64858,4.69366,5275900,3.83331
2012-11-02,4.68891,4.71185,4.65412,4.66598,6013200,3.81071
2012-11-01,4.70552,4.70552,4.63593,4.67389,6574900,3.81717
2012-10-31,4.58689,4.68417,4.58689,4.65728,15224300,3.8036
2012-10-30,4.50781,4.61616,4.50781,4.58689,56966600,3.74611
