Date,Open,High,Low,Close,Volume,Adj Close
2016-10-27,12.155,12.21,11.75,11.95,94900,11.95
2016-10-26,12.53,12.53,12.005,12.125,129500,12.125
2016-10-25,12.155,12.65,12.09,12.41,251700,12.41
2016-10-24,11.98,12.17,11.98,12.055,102900,12.055
2016-10-21,11.85,12.05,11.815,11.905,84100,11.905
2016-10-20,11.97,11.97,11.70,11.80,64900,11.80
2016-10-19,12.00,12.00,11.735,11.915,61600,11.915
2016-10-18,11.70,12.015,11.70,11.89,175700,11.89
2016-10-17,11.60,11.77,11.56,11.625,120900,11.625
2016-10-14,11.49,11.82,11.485,11.61,178000,11.61
2016-10-13,11.215,11.49,10.955,11.47,287600,11.47
2016-10-12,11.035,11.25,10.955,11.18,117000,11.18
2016-10-11,11.16,11.225,10.935,11.005,76400,11.005
2016-10-10,11.075,11.305,11.00,11.17,89600,11.17
2016-10-07,11.095,11.14,10.99,11.09,80000,11.09
2016-10-06,11.15,11.155,10.88,11.065,54900,11.065
2016-10-05,11.00,11.25,10.995,11.105,87700,11.105
2016-10-04,10.95,11.325,10.95,11.105,139800,11.105
2016-10-03,10.96,10.96,10.96,10.96,000,10.96
2016-09-30,10.60,11.02,10.55,10.96,142500,10.96
2016-09-29,11.00,11.135,10.70,10.70,98300,10.70
2016-09-28,11.25,11.295,10.99,10.99,78900,10.99
2016-09-27,11.09,11.245,10.89,11.17,121300,11.17
2016-09-26,11.18,11.18,11.00,11.145,42300,11.145
2016-09-23,11.10,11.155,11.04,11.15,68400,11.15
2016-09-22,10.84,11.13,10.83,11.045,129500,11.045
2016-09-21,10.88,10.975,10.75,10.75,61400,10.75
2016-09-20,10.86,10.945,10.75,10.85,64200,10.85
2016-09-19,10.84,11.09,10.76,10.845,55400,10.845
2016-09-16,11.16,11.19,10.77,10.78,174100,10.78
2016-09-15,10.88,11.19,10.86,11.12,183100,11.12
2016-09-14,10.65,11.20,10.65,10.95,229100,10.95
2016-09-13,11.05,11.595,10.61,10.65,347100,10.65
2016-09-12,10.25,11.25,10.135,11.09,619400,11.09
2016-09-09,9.65,10.07,9.603,9.94,160200,9.94
2016-09-08,9.31,9.80,9.306,9.562,145600,9.562
2016-09-07,9.361,9.416,9.30,9.30,80600,9.30
2016-09-06,9.30,9.457,9.246,9.37,56400,9.37
2016-09-05,9.357,9.374,9.221,9.298,38600,9.298
2016-09-02,9.336,9.336,9.174,9.321,52400,9.321
2016-09-01,9.252,9.455,9.251,9.281,57000,9.281
2016-08-31,9.322,9.39,9.239,9.38,79100,9.38
2016-08-30,9.465,9.687,9.302,9.394,56300,9.394
2016-08-29,9.30,9.457,9.167,9.407,59000,9.407
2016-08-26,9.30,9.397,9.21,9.33,65900,9.33
2016-08-25,9.51,9.514,9.22,9.40,109400,9.40
2016-08-24,9.52,9.641,9.50,9.51,30100,9.51
2016-08-23,9.575,9.708,9.52,9.545,33500,9.545
2016-08-22,9.727,9.727,9.50,9.575,39500,9.575
2016-08-19,9.597,9.72,9.505,9.72,33800,9.72
2016-08-18,9.701,9.701,9.524,9.578,41300,9.578
2016-08-17,9.763,9.763,9.476,9.699,93600,9.699
2016-08-16,9.809,9.86,9.675,9.76,67500,9.76
2016-08-15,9.818,9.90,9.793,9.849,16600,9.849
2016-08-12,9.828,9.849,9.752,9.76,24200,9.76
2016-08-11,9.95,9.95,9.75,9.825,79200,9.825
2016-08-10,9.802,9.90,9.767,9.90,115100,9.90
2016-08-09,9.813,9.835,9.755,9.805,83000,9.805
2016-08-08,10.05,10.14,9.74,9.818,75500,9.818
2016-08-05,9.85,10.03,9.85,10.025,154800,10.025
2016-08-04,9.587,9.988,9.535,9.915,106500,9.915
2016-08-03,9.794,9.794,9.557,9.634,82600,9.634
2016-08-02,9.956,9.956,9.614,9.747,76000,9.747
2016-08-01,10.11,10.16,9.81,9.99,122100,9.99
2016-07-29,10.20,10.31,9.581,10.00,291900,10.00
2016-07-28,9.98,10.00,9.90,10.00,68800,10.00
2016-07-27,9.925,10.12,9.85,9.976,201200,9.976
2016-07-26,9.83,9.94,9.70,9.836,87900,9.836
2016-07-25,9.89,9.94,9.519,9.85,92400,9.85
2016-07-22,9.54,9.878,9.50,9.878,167400,9.878
2016-07-21,9.30,9.70,9.252,9.60,195000,9.60
2016-07-20,9.10,9.34,9.073,9.30,178400,9.30
2016-07-19,9.171,9.233,9.016,9.098,63600,9.098
2016-07-18,9.119,9.29,9.033,9.199,47500,9.199
2016-07-15,9.11,9.132,8.95,9.132,67900,9.132
2016-07-14,9.33,9.33,9.115,9.115,60300,9.115
2016-07-13,9.198,9.335,9.16,9.20,74000,9.20
2016-07-12,9.125,9.275,9.072,9.173,77700,9.173
2016-07-11,8.95,9.352,8.84,9.172,116900,9.172
2016-07-08,8.75,8.95,8.72,8.882,124500,8.882
2016-07-07,8.555,8.801,8.555,8.69,81800,8.69
2016-07-06,8.75,8.79,8.57,8.576,60500,8.576
2016-07-05,8.98,8.98,8.701,8.751,46500,8.751
2016-07-04,8.848,8.988,8.815,8.988,59100,8.988
2016-07-01,8.75,9.024,8.75,8.817,116400,8.817
2016-06-30,8.50,8.721,8.50,8.721,170700,8.721
2016-06-29,8.404,8.518,8.34,8.505,79200,8.505
2016-06-28,8.237,8.342,8.217,8.33,98900,8.33
2016-06-27,8.38,8.414,8.14,8.14,115200,8.14
2016-06-24,8.02,8.55,8.02,8.407,108900,8.407
2016-06-23,8.437,8.695,8.402,8.651,115300,8.651
2016-06-22,8.512,8.512,8.336,8.425,85700,8.425
2016-06-21,8.688,8.738,8.40,8.40,121000,8.40
2016-06-20,8.324,8.70,8.324,8.688,155500,8.688
2016-06-17,8.20,8.315,8.16,8.289,187900,8.289
2016-06-16,8.482,8.495,8.15,8.16,96000,8.16
2016-06-15,8.344,8.508,8.27,8.421,96000,8.421
2016-06-14,8.15,8.43,8.00,8.262,175200,8.262
2016-06-13,8.40,8.40,8.07,8.168,169300,8.168
2016-06-10,8.808,8.809,8.29,8.41,199900,8.41
2016-06-09,9.00,9.005,8.672,8.733,194400,8.733
2016-06-08,9.082,9.106,8.993,9.00,83000,9.00
2016-06-07,9.136,9.195,8.969,9.00,126100,9.00
2016-06-06,9.137,9.154,9.006,9.101,48500,9.101
2016-06-03,9.29,9.29,9.01,9.099,56300,9.099
2016-06-02,9.207,9.346,9.207,9.24,51000,9.24
2016-06-01,9.35,9.377,9.11,9.227,81000,9.227
2016-05-31,9.34,9.49,9.043,9.381,217700,9.221
2016-05-30,9.161,9.32,9.135,9.22,250700,9.063
2016-05-27,8.958,9.032,8.90,8.93,120900,8.778
2016-05-26,8.98,9.00,8.911,8.94,74100,8.788
2016-05-25,8.95,8.97,8.88,8.94,125900,8.788
2016-05-24,9.00,9.00,8.88,8.882,77700,8.731
2016-05-23,8.986,9.149,8.922,9.037,114000,8.883
2016-05-20,8.72,9.015,8.70,8.90,91300,8.748
2016-05-19,9.00,9.00,8.55,8.661,103000,8.513
2016-05-18,8.985,9.03,8.951,9.00,65300,8.846
2016-05-17,9.04,9.08,8.98,8.985,73700,8.832
2016-05-16,8.98,8.98,8.98,8.98,000,8.827
2016-05-13,9.061,9.076,8.951,8.98,93100,8.827
2016-05-12,9.187,9.248,9.041,9.073,60400,8.918
2016-05-11,9.36,9.433,9.21,9.212,50300,9.055
2016-05-10,9.40,9.45,9.36,9.362,39400,9.202
2016-05-09,9.30,9.445,9.279,9.36,61500,9.20
2016-05-06,9.275,9.335,9.235,9.279,47900,9.121
2016-05-05,9.30,9.395,9.286,9.298,40700,9.139
2016-05-04,9.30,9.384,9.273,9.305,147500,9.146
2016-05-03,9.394,9.421,9.26,9.28,123900,9.122
2016-05-02,9.33,9.524,9.288,9.474,169600,9.312
2016-04-29,9.20,9.422,9.105,9.225,244800,9.068
2016-04-28,8.83,9.05,8.762,9.05,234400,8.896
2016-04-27,8.96,9.144,8.82,8.85,314900,8.699
2016-04-26,8.931,8.98,8.81,8.899,60200,8.747
2016-04-25,9.00,9.076,8.90,8.966,41600,8.813
2016-04-22,8.95,9.081,8.90,8.971,98400,8.818
2016-04-21,9.057,9.185,8.87,8.889,161200,8.737
2016-04-20,9.18,9.257,8.971,9.003,171400,8.849
2016-04-19,9.22,9.27,9.028,9.028,147100,8.874
2016-04-18,9.30,9.363,8.85,9.165,141700,9.009
2016-04-15,9.57,9.599,9.313,9.388,53500,9.228
2016-04-14,9.69,9.70,9.53,9.602,53000,9.438
2016-04-13,9.90,10.03,9.803,9.821,120400,9.653
2016-04-12,9.599,9.773,9.52,9.74,36500,9.574
2016-04-11,9.378,9.68,9.363,9.586,27000,9.423
2016-04-08,9.20,9.503,9.20,9.503,105900,9.341
2016-04-07,9.42,9.48,9.16,9.25,52700,9.092
2016-04-06,9.25,9.429,9.22,9.36,65800,9.20
2016-04-05,9.22,9.32,9.101,9.32,51800,9.161
2016-04-04,9.01,9.368,8.95,9.368,100100,9.208
2016-04-01,9.13,9.154,8.746,8.903,210400,8.751
2016-03-31,9.42,9.451,9.08,9.13,164900,8.974
2016-03-30,9.565,9.723,9.471,9.658,92000,9.493
2016-03-29,9.515,9.70,9.50,9.55,39200,9.387
2016-03-28,9.65,9.65,9.65,9.65,000,9.485
2016-03-25,9.65,9.65,9.65,9.65,000,9.485
2016-03-24,9.52,9.65,9.487,9.65,60300,9.485
2016-03-23,9.53,9.685,9.469,9.57,127000,9.407
2016-03-22,9.60,9.70,9.596,9.66,37700,9.495
2016-03-21,9.52,9.733,9.52,9.613,76600,9.449
2016-03-18,9.60,9.615,9.434,9.568,111200,9.405
2016-03-17,9.70,9.70,9.498,9.498,52800,9.336
2016-03-16,9.65,9.775,9.476,9.476,64600,9.314
2016-03-15,9.90,9.90,9.536,9.551,52900,9.388
2016-03-14,9.91,9.921,9.75,9.826,49800,9.658
2016-03-11,9.90,10.11,9.558,9.75,101800,9.584
2016-03-10,10.00,10.32,9.80,9.80,129700,9.633
2016-03-09,9.836,10.04,9.80,9.896,63700,9.727
2016-03-08,10.05,10.05,9.75,9.854,51800,9.686
2016-03-07,10.21,10.21,9.824,10.005,75400,9.834
2016-03-04,9.70,10.015,9.68,9.942,98100,9.772
2016-03-03,9.891,9.891,9.655,9.73,60600,9.564
2016-03-02,9.85,10.00,9.662,9.699,115000,9.534
2016-03-01,9.945,9.945,9.48,9.514,89600,9.352
2016-02-29,9.42,9.815,9.107,9.815,86900,9.648
2016-02-26,9.674,9.709,9.391,9.413,77900,9.252
2016-02-25,9.10,9.515,9.09,9.515,85300,9.353
2016-02-24,9.95,9.97,9.179,9.179,91000,9.022
2016-02-23,10.02,10.20,9.96,10.00,45800,9.829
2016-02-22,10.05,10.405,9.86,9.92,99100,9.751
2016-02-19,10.00,10.02,9.831,9.966,56400,9.796
2016-02-18,9.80,10.19,9.80,9.90,93500,9.731
2016-02-17,9.23,9.87,9.23,9.85,131700,9.682
2016-02-16,9.25,9.275,9.115,9.161,66600,9.005
2016-02-15,9.011,9.33,8.996,9.132,94800,8.976
2016-02-12,9.00,9.00,8.80,8.80,161900,8.65
2016-02-11,9.45,9.45,8.90,8.958,141300,8.805
2016-02-10,9.065,9.514,9.065,9.445,115800,9.284
2016-02-09,8.817,9.166,8.40,9.025,203000,8.871
2016-02-08,9.50,9.50,8.945,8.99,150000,8.837
2016-02-05,9.477,9.638,9.32,9.35,100000,9.191
2016-02-04,9.681,9.70,9.45,9.60,85200,9.436
2016-02-03,9.408,9.667,9.40,9.589,101100,9.425
2016-02-02,9.773,9.773,9.46,9.60,205500,9.436
2016-02-01,9.738,9.772,9.525,9.733,121000,9.567
2016-01-29,9.49,9.749,9.49,9.729,244900,9.563
2016-01-28,10.00,10.05,9.187,9.28,552200,9.122
2016-01-27,10.50,10.50,9.839,10.00,136300,9.829
2016-01-26,10.40,10.525,10.06,10.29,169600,10.114
2016-01-25,10.66,10.80,10.50,10.50,59800,10.321
2016-01-22,10.40,10.785,10.30,10.65,115100,10.468
2016-01-21,9.782,10.30,9.651,10.22,208300,10.046
2016-01-20,10.38,10.385,9.921,9.974,98700,9.804
2016-01-19,10.54,10.745,10.465,10.52,79300,10.341
2016-01-18,10.29,10.55,10.13,10.415,107100,10.237
2016-01-15,10.80,11.06,10.30,10.585,103800,10.404
2016-01-14,10.40,11.07,10.36,10.81,158100,10.626
2016-01-13,10.95,11.18,10.58,10.715,91400,10.532
2016-01-12,10.42,10.79,10.42,10.645,50300,10.463
2016-01-11,10.51,10.90,10.47,10.47,94100,10.291
2016-01-08,10.61,11.03,10.53,10.655,100300,10.473
2016-01-07,11.13,11.13,11.13,11.13,000,10.94
2016-01-06,11.40,11.45,11.03,11.13,142700,10.94
2016-01-05,11.45,11.505,11.30,11.395,148400,11.201
2016-01-04,10.905,11.38,10.905,11.32,233100,11.127
2016-01-01,11.30,11.30,11.30,11.30,000,11.107
2015-12-31,11.30,11.30,11.30,11.30,000,11.107
2015-12-30,11.165,11.40,11.055,11.30,92400,11.107
2015-12-29,10.94,11.28,10.86,11.22,99100,11.029
2015-12-28,10.84,10.975,10.80,10.89,81200,10.704
2015-12-25,10.905,10.905,10.905,10.905,000,10.719
2015-12-24,10.905,10.905,10.905,10.905,000,10.719
2015-12-23,10.49,10.97,10.44,10.905,141000,10.719
2015-12-22,10.92,10.92,10.29,10.29,133800,10.114
2015-12-21,10.77,10.875,10.70,10.73,190800,10.547
2015-12-18,10.55,10.94,10.495,10.80,363100,10.616
2015-12-17,10.41,10.78,10.37,10.70,428800,10.518
2015-12-16,10.265,10.425,10.17,10.23,208100,10.056
2015-12-15,9.70,10.40,9.679,10.255,172200,10.08
2015-12-14,9.828,9.90,9.70,9.701,133500,9.536
2015-12-11,10.01,10.01,9.463,9.70,311300,9.535
2015-12-10,10.02,10.20,9.761,9.80,326300,9.633
2015-12-09,10.15,10.215,9.69,10.025,533600,9.854
2015-12-08,10.425,10.425,10.02,10.185,197000,10.011
2015-12-07,10.94,10.975,10.235,10.305,335000,10.129
2015-12-04,10.23,10.695,10.11,10.65,386500,10.468
2015-12-03,10.32,10.64,10.00,10.16,360000,9.987
2015-12-02,10.65,10.65,10.27,10.45,371000,10.272
2015-12-01,10.00,10.845,9.95,10.465,930400,10.287
2015-11-30,9.509,9.85,9.366,9.85,397700,9.682
2015-11-27,9.55,9.55,9.23,9.416,301800,9.255
2015-11-26,9.112,9.534,9.088,9.525,459900,9.363
2015-11-25,9.00,9.115,8.905,9.052,255100,8.898
2015-11-24,9.04,9.127,8.922,9.036,271400,8.882
2015-11-23,9.19,9.235,8.95,9.054,445100,8.90
2015-11-20,9.095,9.22,8.80,9.118,1156200,8.962
2015-11-19,10.30,10.30,8.737,8.80,1531700,8.65
2015-11-18,10.33,10.365,9.85,10.00,451600,9.829
2015-11-17,10.82,11.15,9.70,10.455,604200,10.277
2015-11-16,10.95,11.03,10.73,10.80,121500,10.616
2015-11-13,10.98,11.155,10.915,11.12,62000,10.93
2015-11-12,11.235,11.355,10.995,10.995,80800,10.807
2015-11-11,11.04,11.30,11.03,11.21,111700,11.019
2015-11-10,11.44,11.44,10.91,10.98,182600,10.793
2015-11-09,11.35,11.54,11.205,11.325,151100,11.132
2015-11-06,11.27,11.40,11.12,11.35,168800,11.156
2015-11-05,11.51,11.635,11.305,11.32,152600,11.127
2015-11-04,11.91,11.985,11.50,11.505,300600,11.309
2015-11-03,12.07,12.145,11.70,12.055,259600,11.849
2015-11-02,11.30,12.035,11.30,11.97,560700,11.766
2015-10-30,11.65,11.685,10.72,11.25,759900,11.058
2015-10-29,11.77,11.77,10.955,11.10,534300,10.911
2015-10-28,11.855,11.855,10.60,11.04,726600,10.852
2015-10-27,13.19,13.23,11.61,11.61,279900,11.412
2015-10-26,13.285,13.40,13.175,13.21,67300,12.985
2015-10-23,13.395,13.50,13.325,13.38,116100,13.152
2015-10-22,13.42,13.47,13.08,13.365,115000,13.137
2015-10-21,13.69,13.69,13.425,13.50,127100,13.27
2015-10-20,13.75,13.795,13.615,13.625,40200,13.393
2015-10-19,13.95,13.99,13.63,13.715,27400,13.481
2015-10-16,13.91,14.05,13.755,13.865,73300,13.629
2015-10-15,13.72,13.845,13.47,13.745,60400,13.511
2015-10-14,13.95,13.95,13.26,13.465,178900,13.235
2015-10-13,14.22,14.26,13.755,14.00,84600,13.761
2015-10-12,14.645,14.71,14.225,14.225,99900,13.982
2015-10-09,14.53,14.725,14.32,14.65,158400,14.40
2015-10-08,14.75,14.895,14.565,14.695,57900,14.444
2015-10-07,14.88,14.88,14.605,14.78,64800,14.528
2015-10-06,14.525,14.85,14.41,14.79,62100,14.538
2015-10-05,14.00,14.62,13.975,14.52,116000,14.272
2015-10-02,13.925,14.025,13.63,13.80,38400,13.565
2015-10-01,14.165,14.185,13.735,13.875,72600,13.638
2015-09-30,14.30,14.30,13.98,14.055,85300,13.815
2015-09-29,14.025,14.27,13.955,14.00,71200,13.761
2015-09-28,14.78,14.90,14.295,14.415,108000,14.169
2015-09-25,14.24,14.79,14.20,14.74,158600,14.489
2015-09-24,14.285,14.285,13.94,14.05,72000,13.81
2015-09-23,14.30,14.39,14.145,14.145,51400,13.904
2015-09-22,14.35,14.425,14.175,14.25,121400,14.007
2015-09-21,14.46,14.545,14.345,14.35,118100,14.105
2015-09-18,14.65,14.70,14.335,14.545,120100,14.297
2015-09-17,14.62,14.65,14.36,14.45,50700,14.204
2015-09-16,14.67,14.775,14.515,14.68,144400,14.43
2015-09-15,14.75,14.75,14.46,14.65,46600,14.40
2015-09-14,14.38,14.75,14.38,14.70,196300,14.449
2015-09-11,14.38,14.475,14.11,14.35,93400,14.105
2015-09-10,14.50,14.535,14.22,14.35,119700,14.105
2015-09-09,14.74,14.74,14.48,14.49,97000,14.243
2015-09-08,14.65,14.74,14.54,14.545,97500,14.297
2015-09-07,14.57,14.75,14.46,14.50,144900,14.253
2015-09-04,14.54,14.60,14.315,14.50,371800,14.253
2015-09-03,14.85,15.245,14.805,15.065,65600,14.808
2015-09-02,14.725,14.88,14.385,14.81,67200,14.557
2015-09-01,14.505,14.66,14.31,14.66,75000,14.41
2015-08-31,14.47,14.815,14.30,14.815,106700,14.562
2015-08-28,14.79,14.845,14.255,14.51,104300,14.263
2015-08-27,14.67,14.875,14.515,14.755,127100,14.503
2015-08-26,14.52,14.725,14.16,14.335,96500,14.091
2015-08-25,14.085,14.75,13.90,14.65,139700,14.40
2015-08-24,14.10,14.10,13.12,13.83,285500,13.594
2015-08-21,15.00,15.19,14.51,14.59,299900,14.341
2015-08-20,15.83,15.91,15.45,15.55,141200,15.285
2015-08-19,15.865,16.07,15.79,16.015,92000,15.742
2015-08-18,15.91,16.185,15.845,15.90,68100,15.629
2015-08-17,16.13,16.15,15.79,15.925,43400,15.653
2015-08-14,16.01,16.185,15.84,15.97,65800,15.698
2015-08-13,15.75,16.11,15.705,16.11,151000,15.835
2015-08-12,15.675,15.72,15.205,15.495,168700,15.231
2015-08-11,16.285,16.35,15.86,15.89,114400,15.619
2015-08-10,16.00,16.245,16.00,16.205,50200,15.929
2015-08-07,16.65,16.65,15.91,16.005,83600,15.732
2015-08-06,16.31,16.65,16.16,16.60,133900,16.317
2015-08-05,16.465,16.465,16.10,16.305,98000,16.027
2015-08-04,16.50,16.545,16.06,16.38,189000,16.101
2015-08-03,16.50,16.60,16.185,16.49,126000,16.209
2015-07-31,16.29,16.70,15.80,16.62,212000,16.337
2015-07-30,16.94,16.94,16.345,16.80,151700,16.513
2015-07-29,16.245,16.80,16.20,16.77,263900,16.484
2015-07-28,15.60,16.25,15.55,16.05,170000,15.776
2015-07-27,16.20,16.20,15.525,15.525,102200,15.26
2015-07-24,16.24,16.475,16.00,16.20,81200,15.924
2015-07-23,16.36,16.46,16.09,16.24,51300,15.963
2015-07-22,16.125,16.305,15.945,16.215,78500,15.938
2015-07-21,16.30,16.80,16.00,16.105,247700,15.83
2015-07-20,16.005,16.45,15.98,16.395,169900,16.115
2015-07-17,15.99,16.17,15.825,16.04,134300,15.766
2015-07-16,15.79,16.00,15.73,15.91,186300,15.639
2015-07-15,15.40,15.845,15.40,15.75,154600,15.481
2015-07-14,15.285,15.40,14.92,15.395,116700,15.132
2015-07-13,14.85,15.30,14.85,15.23,215600,14.97
2015-07-10,14.65,14.85,14.57,14.85,193900,14.597
2015-07-09,14.30,14.60,14.16,14.53,144700,14.282
2015-07-08,14.005,14.285,13.915,14.165,71700,13.923
2015-07-07,14.51,14.735,13.95,14.105,121800,13.864
2015-07-06,13.915,14.595,13.915,14.51,115600,14.263
2015-07-03,14.30,14.30,13.94,14.20,75200,13.958
2015-07-02,14.595,14.595,14.16,14.165,102500,13.923
2015-07-01,14.50,14.915,14.315,14.55,218400,14.302
2015-06-30,13.96,14.60,13.78,14.465,202900,14.218
2015-06-29,13.20,14.395,13.14,14.10,309100,13.86
2015-06-26,14.15,14.355,14.125,14.35,63700,14.105
2015-06-25,14.28,14.46,14.165,14.275,48900,14.032
2015-06-24,14.61,14.63,14.03,14.275,87800,14.032
2015-06-23,14.50,14.835,14.45,14.50,183600,14.253
2015-06-22,13.83,14.69,13.83,14.355,245400,14.11
2015-06-19,13.73,13.85,13.305,13.62,263600,13.388
2015-06-18,13.35,13.69,13.05,13.615,122100,13.383
2015-06-17,13.60,13.80,13.33,13.45,66400,13.221
2015-06-16,13.30,13.63,13.05,13.55,94200,13.319
2015-06-15,13.40,13.475,13.27,13.335,84200,13.108
2015-06-12,13.915,13.99,13.41,13.60,71500,13.368
2015-06-11,14.00,14.325,13.87,14.06,129000,13.82
2015-06-10,13.275,13.985,13.23,13.985,149300,13.589
2015-06-09,13.50,13.50,12.955,13.37,250100,12.992
2015-06-08,13.88,14.05,13.55,13.55,55400,13.167
2015-06-05,13.86,14.025,13.705,13.925,79200,13.531
2015-06-04,14.075,14.13,13.665,14.02,93400,13.623
2015-06-03,14.10,14.165,13.905,14.165,70300,13.764
2015-06-02,14.245,14.245,13.655,13.90,92300,13.507
2015-06-01,14.00,14.165,13.835,14.11,88700,13.711
2015-05-29,14.50,14.505,13.84,14.00,191100,13.604
2015-05-28,14.51,14.55,14.255,14.345,70500,13.939
2015-05-27,14.65,14.665,14.17,14.45,131100,14.041
2015-05-26,14.92,15.045,14.45,14.60,198100,14.187
2015-05-25,14.865,14.865,14.865,14.865,000,14.444
2015-05-22,15.30,15.35,14.815,14.865,224300,14.444
2015-05-21,14.755,15.48,14.585,15.12,293600,14.692
2015-05-20,14.75,14.87,14.43,14.555,237800,14.143
2015-05-19,14.82,15.15,14.53,14.60,200000,14.187
2015-05-18,14.23,14.78,14.165,14.72,209400,14.303
2015-05-15,14.21,14.40,14.13,14.21,105700,13.808
2015-05-14,14.11,14.35,13.99,14.275,42300,13.871
2015-05-13,14.205,14.325,14.085,14.20,87400,13.798
2015-05-12,14.04,14.16,13.76,13.98,92800,13.584
2015-05-11,14.245,14.345,14.005,14.27,96700,13.866
2015-05-08,13.59,14.20,13.59,14.135,186800,13.735
2015-05-07,13.95,13.955,13.25,13.59,357100,13.205
2015-05-06,14.035,14.38,13.95,14.045,132400,13.648
2015-05-05,14.425,14.425,14.045,14.185,267600,13.784
2015-05-04,14.25,14.40,14.055,14.40,156400,13.992
2015-05-01,14.175,14.175,14.175,14.175,000,13.774
2015-04-30,14.41,14.49,14.10,14.175,221200,13.774
2015-04-29,14.415,14.73,13.765,14.14,213000,13.74
2015-04-28,14.70,14.785,14.285,14.45,189600,14.041
2015-04-27,14.59,14.895,14.165,14.875,169100,14.454
2015-04-24,14.70,14.89,14.245,14.415,233300,14.007
2015-04-23,14.10,14.735,13.905,14.60,412700,14.187
2015-04-22,13.86,14.20,13.68,14.05,372900,13.652
2015-04-21,13.63,13.85,13.55,13.795,99100,13.405
2015-04-20,13.10,13.55,13.10,13.505,179800,13.123
2015-04-17,13.68,13.855,12.76,12.90,324700,12.535
2015-04-16,13.845,13.90,13.51,13.72,144600,13.332
2015-04-15,13.86,13.895,13.71,13.775,116900,13.385
2015-04-14,13.82,13.925,13.765,13.85,125100,13.458
2015-04-13,13.885,13.98,13.75,13.815,163800,13.424
2015-04-10,13.90,14.00,13.755,13.845,267100,13.453
2015-04-09,13.61,13.92,13.61,13.765,242200,13.375
2015-04-08,13.69,13.69,13.26,13.61,246400,13.225
2015-04-07,13.39,13.84,13.37,13.67,243500,13.283
2015-04-06,13.33,13.33,13.33,13.33,000,12.953
2015-04-03,13.33,13.33,13.33,13.33,000,12.953
2015-04-02,13.34,13.445,13.21,13.33,181000,12.953
2015-04-01,13.15,13.38,12.80,13.345,278800,12.967
2015-03-31,12.56,13.095,12.37,13.08,468700,12.71
2015-03-30,11.99,12.34,11.94,12.34,131200,11.991
2015-03-27,12.15,12.18,11.70,11.84,129000,11.505
2015-03-26,12.05,12.095,11.34,12.03,405700,11.69
2015-03-25,12.40,12.50,12.02,12.09,129100,11.748
2015-03-24,12.40,12.41,12.26,12.305,131100,11.957
2015-03-23,12.43,12.55,12.12,12.50,130700,12.146
2015-03-20,12.47,12.84,12.26,12.51,309400,12.156
2015-03-19,12.30,12.495,12.105,12.465,151800,12.112
2015-03-18,12.195,12.485,11.90,12.30,301100,11.952
2015-03-17,12.30,12.30,11.90,12.245,323100,11.898
2015-03-16,12.675,12.78,11.76,12.245,1101300,11.898
2015-03-13,12.67,12.67,12.34,12.62,206400,12.263
2015-03-12,12.20,12.64,12.00,12.64,283700,12.282
2015-03-11,12.465,12.665,11.905,12.19,540000,11.845
2015-03-10,12.95,12.99,12.25,12.40,432200,12.049
2015-03-09,12.85,13.05,12.775,12.94,177200,12.574
2015-03-06,12.695,13.06,12.61,12.89,302300,12.525
2015-03-05,12.75,12.79,12.60,12.62,205000,12.263
2015-03-04,12.80,12.85,12.60,12.70,320300,12.341
2015-03-03,13.01,13.14,12.78,13.05,243200,12.681
2015-03-02,13.49,13.49,12.725,12.92,241400,12.554
2015-02-27,13.65,13.70,13.025,13.27,166000,12.894
2015-02-26,13.20,13.65,13.20,13.65,130000,13.264
2015-02-25,13.46,13.53,13.00,13.15,105400,12.778
2015-02-24,13.445,13.66,13.38,13.45,99400,13.069
2015-02-23,13.75,13.875,13.30,13.59,160300,13.205
2015-02-20,13.56,13.585,13.25,13.50,132400,13.118
2015-02-19,13.79,13.79,13.35,13.555,370900,13.171
2015-02-18,13.98,14.30,13.30,13.79,626900,13.40
2015-02-17,13.05,13.06,12.51,12.995,222800,12.627
2015-02-16,12.93,13.24,12.82,13.15,262100,12.778
2015-02-13,11.80,12.755,11.80,12.755,442000,12.394
2015-02-12,11.465,11.80,11.43,11.74,81300,11.408
2015-02-11,11.71,11.71,11.43,11.455,90800,11.131
2015-02-10,11.55,11.75,11.40,11.61,96000,11.281
2015-02-09,11.735,11.735,11.35,11.50,68900,11.175
2015-02-06,11.90,11.90,11.58,11.74,92000,11.408
2015-02-05,11.75,11.88,11.675,11.825,104000,11.49
2015-02-04,11.40,11.80,11.40,11.71,87600,11.379
2015-02-03,11.49,11.87,11.405,11.405,166200,11.082
2015-02-02,11.19,11.425,11.185,11.425,69900,11.102
2015-01-30,11.10,11.315,10.945,11.315,56900,10.995
2015-01-29,10.88,11.25,10.76,11.12,100100,10.805
2015-01-28,11.10,11.10,10.545,11.02,126700,10.708
2015-01-27,11.50,11.51,10.67,10.905,171600,10.596
2015-01-26,11.215,11.60,11.215,11.46,84000,11.136
2015-01-23,11.40,11.595,11.185,11.48,150300,11.155
2015-01-22,11.10,11.445,11.00,11.295,103200,10.975
2015-01-21,11.50,11.50,10.945,11.085,173900,10.771
2015-01-20,11.70,11.755,11.45,11.455,74100,11.131
2015-01-19,11.39,12.00,11.39,11.595,114700,11.267
2015-01-16,11.585,11.65,11.345,11.43,155100,11.107
2015-01-15,11.65,11.75,11.37,11.61,110000,11.281
2015-01-14,11.70,11.70,11.39,11.535,155800,11.209
2015-01-13,11.88,11.995,11.505,11.85,215100,11.515
2015-01-12,11.42,11.985,11.42,11.91,389500,11.573
2015-01-09,11.41,11.51,11.16,11.34,174500,11.019
2015-01-08,11.29,11.75,11.06,11.45,143600,11.126
2015-01-07,11.405,11.41,11.00,11.06,165200,10.747
2015-01-06,11.345,11.58,11.14,11.20,123500,10.883
2015-01-05,11.60,11.80,11.37,11.47,143500,11.145
2015-01-02,10.94,11.825,10.94,11.63,198500,11.301
2015-01-01,10.94,10.94,10.94,10.94,000,10.63
2014-12-31,10.94,10.94,10.94,10.94,000,10.63
2014-12-30,11.10,11.20,10.94,10.94,58300,10.63
2014-12-29,10.96,11.25,10.96,11.11,129000,10.796
2014-12-26,11.02,11.02,11.02,11.02,000,10.708
2014-12-25,11.02,11.02,11.02,11.02,000,10.708
2014-12-24,11.02,11.02,11.02,11.02,000,10.708
2014-12-23,10.95,11.05,10.79,11.02,85100,10.708
2014-12-22,10.96,11.095,10.785,10.94,116200,10.63
2014-12-19,10.75,10.98,10.695,10.86,166500,10.553
2014-12-18,10.50,10.74,10.32,10.62,133800,10.319
2014-12-17,10.05,10.425,9.917,10.33,137500,10.038
2014-12-16,10.055,10.30,9.775,10.07,197500,9.785
2014-12-15,10.50,10.56,10.065,10.065,151700,9.78
2014-12-12,10.71,10.75,10.43,10.46,119400,10.164
2014-12-11,10.81,10.945,10.60,10.80,132500,10.494
2014-12-10,11.265,11.36,10.78,10.825,161200,10.519
2014-12-09,11.60,11.63,11.05,11.05,223100,10.737
2014-12-08,11.70,11.81,11.49,11.635,264800,11.306
2014-12-05,10.985,11.785,10.84,11.70,490100,11.369
2014-12-04,10.615,11.35,10.55,10.825,421500,10.519
2014-12-03,10.33,10.70,10.15,10.51,144700,10.213
2014-12-02,10.495,10.495,10.25,10.255,114000,9.965
2014-12-01,10.39,10.48,10.16,10.47,108800,10.174
2014-11-28,10.44,10.45,10.07,10.275,113400,9.984
2014-11-27,10.45,10.45,10.04,10.425,125400,10.13
2014-11-26,9.993,10.505,9.993,10.355,229300,10.062
2014-11-25,10.355,10.355,9.85,10.025,269000,9.741
2014-11-24,9.05,10.50,9.05,10.17,609300,9.882
2014-11-21,9.20,9.209,9.07,9.10,160100,8.842
2014-11-20,9.30,9.30,9.057,9.114,70300,8.856
2014-11-19,9.255,9.339,9.156,9.25,100800,8.988
2014-11-18,9.05,9.35,9.05,9.125,169500,8.867
2014-11-17,9.01,9.348,9.00,9.11,207900,8.852
2014-11-14,9.05,9.16,8.928,9.05,177100,8.794
2014-11-13,9.30,9.432,8.831,8.95,378400,8.697
2014-11-12,9.743,9.789,9.232,9.238,199000,8.977
2014-11-11,9.98,10.00,9.723,9.723,243200,9.448
2014-11-10,9.92,10.00,9.827,9.944,84800,9.663
2014-11-07,9.995,9.995,9.723,9.761,167200,9.485
2014-11-06,9.95,10.115,9.72,9.80,229200,9.523
2014-11-05,10.50,10.50,9.90,9.92,324000,9.639
2014-11-04,10.85,10.865,10.43,10.43,210900,10.135
2014-11-03,10.50,11.05,10.365,10.75,364900,10.446
2014-10-31,11.82,11.95,10.205,10.69,884900,10.387
2014-10-30,11.215,11.37,10.99,11.37,152200,11.048
2014-10-29,11.25,11.25,11.04,11.10,80400,10.786
2014-10-28,11.20,11.25,11.10,11.22,90800,10.902
2014-10-27,11.295,11.295,10.905,11.105,106100,10.791
2014-10-24,10.90,11.10,10.87,11.10,100700,10.786
2014-10-23,11.065,11.155,10.73,11.035,129300,10.723
2014-10-22,11.33,11.33,11.05,11.185,105400,10.868
2014-10-21,10.74,11.25,10.605,11.11,242900,10.796
2014-10-20,10.75,10.90,10.535,10.77,196300,10.465
2014-10-17,9.86,10.79,9.805,10.72,396600,10.417
2014-10-16,9.658,10.03,9.43,9.734,358500,9.459
2014-10-15,9.80,9.86,9.43,9.479,271500,9.211
2014-10-14,10.165,10.34,9.606,9.75,326900,9.474
2014-10-13,9.189,10.48,9.14,10.10,473400,9.814
2014-10-10,9.246,9.40,9.15,9.30,312900,9.037
2014-10-09,9.815,10.03,9.553,9.553,108800,9.283
2014-10-08,10.04,10.07,9.62,9.673,194200,9.399
2014-10-07,10.38,10.38,9.967,10.07,284800,9.785
2014-10-06,10.60,10.61,10.295,10.295,117400,10.004
2014-10-03,10.395,10.395,10.395,10.395,000,10.101
2014-10-02,10.60,10.73,10.32,10.395,99500,10.101
2014-10-01,10.84,10.89,10.625,10.705,112800,10.402
2014-09-30,11.035,11.035,10.72,10.845,127200,10.538
2014-09-29,11.18,11.475,10.905,11.025,123100,10.713
2014-09-26,11.33,11.495,11.115,11.225,62200,10.907
2014-09-25,11.555,11.76,11.25,11.295,65800,10.975
2014-09-24,11.98,11.98,11.61,11.70,41700,11.369
2014-09-23,11.885,11.96,11.31,11.95,191500,11.612
2014-09-22,12.06,12.06,11.745,11.86,97700,11.524
2014-09-19,11.84,12.245,11.805,11.995,346700,11.656
2014-09-18,11.70,11.84,11.675,11.835,80800,11.50
2014-09-17,11.75,11.825,11.71,11.75,35800,11.417
2014-09-16,11.91,11.91,11.515,11.75,59800,11.417
2014-09-15,11.81,11.915,11.70,11.895,46600,11.558
2014-09-12,11.965,11.965,11.73,11.82,58200,11.485
2014-09-11,12.00,12.00,11.585,11.92,186100,11.583
2014-09-10,11.85,11.985,11.70,11.91,96100,11.573
2014-09-09,12.08,12.19,11.84,11.85,67900,11.515
2014-09-08,12.14,12.14,11.78,12.005,187000,11.665
2014-09-05,12.13,12.595,11.77,11.965,213700,11.626
2014-09-04,12.06,12.075,11.80,12.00,90800,11.66
2014-09-03,11.905,12.15,11.805,12.00,163500,11.66
2014-09-02,12.05,12.09,11.655,11.655,113100,11.325
2014-09-01,12.165,12.165,11.95,11.955,54900,11.617
2014-08-29,11.90,12.16,11.90,12.09,78900,11.748
2014-08-28,12.00,12.225,11.74,12.00,125300,11.66
2014-08-27,12.30,12.30,11.885,11.985,123500,11.646
2014-08-26,12.395,12.395,12.105,12.30,52500,11.952
2014-08-25,12.50,12.56,11.90,12.45,191500,12.098
2014-08-22,11.85,12.365,11.63,12.30,238800,11.952
2014-08-21,11.285,11.78,11.20,11.78,124800,11.447
2014-08-20,11.125,11.345,11.05,11.345,66400,11.024
2014-08-19,10.87,11.195,10.76,11.19,90000,10.873
2014-08-18,10.835,10.945,10.67,10.705,46800,10.402
2014-08-15,10.93,11.10,10.385,10.56,119800,10.261
2014-08-14,10.35,11.105,10.28,10.90,167400,10.592
2014-08-13,10.445,10.445,10.11,10.32,57600,10.028
2014-08-12,10.65,10.65,10.33,10.33,65500,10.038
2014-08-11,10.51,10.78,10.38,10.605,121200,10.305
2014-08-08,9.95,10.49,9.907,10.27,160200,9.979
2014-08-07,10.59,10.59,10.08,10.085,156400,9.80
2014-08-06,10.42,10.615,9.90,10.555,425200,10.256
2014-08-05,9.853,10.59,9.852,10.535,251800,10.237
2014-08-04,10.20,10.385,9.639,9.743,182000,9.467
2014-08-01,10.77,10.775,9.61,10.055,366000,9.77
2014-07-31,10.825,11.24,10.715,10.95,144700,10.64
2014-07-30,10.62,10.965,10.355,10.785,155800,10.48
2014-07-29,10.745,10.745,10.365,10.615,97500,10.315
2014-07-28,11.00,11.13,10.59,10.655,79000,10.353
2014-07-25,11.165,11.20,10.89,10.89,118900,10.582
2014-07-24,11.365,11.42,10.89,11.07,168200,10.757
2014-07-23,10.65,11.37,10.61,11.25,240800,10.932
2014-07-22,10.89,11.05,10.265,10.51,370200,10.213
2014-07-21,11.35,11.48,10.56,10.93,364300,10.621
2014-07-18,11.55,11.84,11.06,11.545,276600,11.218
2014-07-17,12.00,12.045,11.575,11.65,130400,11.32
2014-07-16,12.32,12.35,11.54,12.00,288500,11.66
2014-07-15,12.69,12.825,12.32,12.32,602400,11.971
2014-07-14,12.29,13.645,12.27,13.295,211500,12.919
2014-07-11,12.115,12.65,11.925,12.09,97700,11.748
2014-07-10,13.15,13.15,11.83,12.50,128100,12.146
2014-07-09,13.055,13.24,13.015,13.055,76400,12.686
2014-07-08,13.195,13.24,13.00,13.17,37100,12.797
2014-07-07,13.30,13.33,12.95,13.16,75000,12.788
2014-07-04,13.07,13.30,13.07,13.20,134800,12.826
2014-07-03,13.44,13.455,13.06,13.065,49100,12.695
2014-07-02,13.30,13.505,13.30,13.355,29600,12.977
2014-07-01,13.495,13.73,13.205,13.45,99800,13.069
2014-06-30,13.71,13.71,12.755,13.15,120000,12.778
2014-06-27,13.715,13.715,13.095,13.365,73500,12.987
2014-06-26,13.70,13.73,13.515,13.715,47200,13.327
2014-06-25,13.94,13.94,13.655,13.775,18300,13.385
2014-06-24,13.75,13.94,13.60,13.85,37900,13.458
2014-06-23,13.90,13.945,13.79,13.89,21000,13.497
2014-06-20,13.81,13.895,13.60,13.82,65900,13.429
2014-06-19,13.85,13.93,13.825,13.85,51000,13.458
2014-06-18,13.88,13.925,13.78,13.85,35700,13.458
2014-06-17,13.85,14.00,13.70,13.95,18200,13.555
2014-06-16,14.03,14.035,13.575,13.82,29700,13.429
2014-06-13,14.00,14.055,13.775,14.00,30100,13.604
2014-06-12,13.60,14.035,13.575,14.00,118700,13.604
2014-06-11,13.86,13.86,13.425,13.595,43600,13.21
2014-06-10,14.00,14.01,13.765,13.90,58400,13.507
2014-06-09,14.10,14.225,13.725,14.00,27300,13.604
2014-06-06,13.65,13.87,13.495,13.87,70100,13.477
2014-06-05,13.48,13.71,13.40,13.60,43600,13.157
2014-06-04,13.33,13.59,13.305,13.50,50000,13.06
2014-06-03,13.75,13.78,13.335,13.46,38400,13.021
2014-06-02,13.835,13.86,13.615,13.70,156900,13.254
2014-05-30,13.30,13.93,13.20,13.37,301700,12.934
2014-05-29,13.30,13.305,13.12,13.30,29700,12.867
2014-05-28,13.39,13.485,13.105,13.25,96800,12.818
2014-05-27,12.65,13.40,12.505,13.20,248000,12.77
2014-05-26,12.65,12.795,12.51,12.615,86200,12.204
2014-05-23,12.45,12.65,12.395,12.54,130000,12.131
2014-05-22,11.65,12.90,11.525,12.47,451800,12.064
2014-05-21,11.30,11.48,11.245,11.40,82200,11.028
2014-05-20,11.50,11.60,11.28,11.28,27300,10.912
2014-05-19,11.575,11.66,11.11,11.545,55300,11.169
2014-05-16,11.70,11.99,11.45,11.535,51400,11.159
2014-05-15,11.715,12.09,11.44,11.44,191500,11.067
2014-05-14,11.74,11.865,11.70,11.75,30900,11.367
2014-05-13,11.725,11.86,11.725,11.74,24800,11.357
2014-05-12,11.975,11.98,11.70,11.75,54200,11.367
2014-05-09,11.86,11.98,11.795,11.975,78200,11.585
2014-05-08,11.76,11.93,11.735,11.86,55700,11.474
2014-05-07,11.35,11.825,11.255,11.735,56500,11.353
2014-05-06,11.38,11.38,11.16,11.37,27400,10.999
2014-05-05,11.21,11.41,11.135,11.38,53200,11.009
2014-05-02,11.21,11.21,10.91,11.15,34600,10.787
2014-05-01,11.215,11.215,11.215,11.215,000,10.85
2014-04-30,10.605,11.215,10.605,11.215,125400,10.85
2014-04-29,10.74,10.80,10.295,10.67,32100,10.322
2014-04-28,10.36,10.77,10.36,10.525,57900,10.182
2014-04-25,10.30,10.45,10.04,10.41,55400,10.071
2014-04-24,10.50,10.70,10.295,10.425,80600,10.085
2014-04-23,11.07,11.07,10.59,10.725,35100,10.375
2014-04-22,11.115,11.195,10.13,10.51,89500,10.167
2014-04-21,11.00,11.00,11.00,11.00,000,10.642
2014-04-18,11.00,11.00,11.00,11.00,000,10.642
2014-04-17,10.97,11.065,10.895,11.00,29400,10.642
2014-04-16,10.52,10.905,10.52,10.875,29300,10.521
2014-04-15,11.10,11.115,10.325,10.55,63200,10.206
2014-04-14,11.21,11.21,10.91,10.925,80200,10.569
2014-04-11,10.895,11.42,10.835,11.42,69300,11.048
2014-04-10,11.17,11.30,11.04,11.04,33500,10.68
2014-04-09,11.005,11.41,10.885,11.015,65500,10.656
2014-04-08,11.10,11.41,10.785,10.87,57700,10.516
2014-04-07,11.605,11.605,11.16,11.28,33000,10.912
2014-04-04,11.41,11.67,11.41,11.65,158900,11.27
2014-04-03,11.52,11.595,11.25,11.48,37300,11.106
2014-04-02,11.605,11.65,11.55,11.65,79000,11.27
2014-04-01,11.30,11.605,11.16,11.60,52300,11.222
2014-03-31,11.61,12.04,11.135,11.30,132900,10.932
2014-03-28,11.30,11.635,11.20,11.555,73100,11.178
2014-03-27,11.195,11.605,11.115,11.35,188000,10.98
2014-03-26,11.00,11.25,10.805,11.20,119000,10.835
2014-03-25,10.89,11.10,10.89,11.06,31200,10.70
2014-03-24,10.88,11.20,10.72,11.02,69500,10.661
2014-03-21,10.60,10.95,10.55,10.875,90500,10.521
2014-03-20,10.50,10.615,10.475,10.475,15400,10.134
2014-03-19,10.60,10.74,10.60,10.61,14300,10.264
2014-03-18,11.00,11.01,10.605,10.67,30300,10.322
2014-03-17,10.10,10.80,10.095,10.80,51600,10.448
2014-03-14,9.81,10.24,9.81,10.085,50600,9.756
2014-03-13,9.903,10.14,9.615,10.03,79900,9.703
2014-03-12,10.68,10.68,10.155,10.155,39100,9.824
2014-03-11,11.05,11.05,10.57,10.70,25300,10.351
2014-03-10,10.95,11.13,10.72,10.79,39600,10.438
2014-03-07,11.25,11.295,10.685,11.02,225600,10.661
2014-03-06,10.65,11.285,10.55,11.205,183000,10.84
2014-03-05,10.60,11.00,10.50,10.645,99000,10.298
2014-03-04,10.50,10.70,10.47,10.55,78500,10.206
2014-03-03,9.51,10.595,9.51,10.58,120900,10.235
2014-02-28,10.38,10.785,10.30,10.62,167500,10.274
2014-02-27,10.30,10.37,10.02,10.15,90800,9.819
2014-02-26,10.15,10.455,10.08,10.15,51800,9.819
2014-02-25,9.65,10.23,9.65,10.19,228000,9.858
2014-02-24,9.80,9.834,9.70,9.72,33500,9.403
2014-02-21,9.20,9.55,9.182,9.548,79900,9.237
2014-02-20,9.391,9.45,9.25,9.35,56900,9.045
2014-02-19,9.352,9.485,9.35,9.485,20400,9.176
2014-02-18,9.449,9.50,9.351,9.351,47200,9.046
2014-02-17,9.49,9.49,9.257,9.40,27300,9.094
2014-02-14,9.34,9.40,9.30,9.308,38400,9.005
2014-02-13,9.25,9.40,9.22,9.326,38900,9.022
2014-02-12,9.338,9.49,9.32,9.385,65900,9.079
2014-02-11,8.95,9.45,8.95,9.384,47400,9.078
2014-02-10,9.04,9.06,8.937,9.00,30300,8.707
2014-02-07,8.765,9.00,8.75,9.00,56600,8.707
2014-02-06,8.649,8.765,8.649,8.70,13100,8.416
2014-02-05,8.55,8.71,8.55,8.649,35400,8.367
2014-02-04,8.15,8.606,8.086,8.60,39400,8.32
2014-02-03,8.621,8.72,8.278,8.435,16400,8.16
2014-01-31,8.603,8.609,8.35,8.60,80400,8.32
2014-01-30,8.55,8.799,8.417,8.603,50400,8.323
2014-01-29,8.85,8.85,8.30,8.321,58500,8.05
2014-01-28,8.697,9.065,8.482,8.622,57000,8.341
2014-01-27,8.36,8.738,8.164,8.60,49600,8.32
2014-01-24,8.70,8.811,8.433,8.433,84900,8.158
2014-01-23,8.97,9.081,8.923,8.923,84600,8.632
2014-01-22,8.75,9.16,8.73,8.917,78000,8.626
2014-01-21,8.75,8.80,8.557,8.747,57600,8.462
2014-01-20,8.60,8.82,8.551,8.75,61200,8.465
2014-01-17,8.45,8.60,8.40,8.50,94800,8.223
2014-01-16,8.00,8.40,8.00,8.40,21000,8.126
2014-01-15,7.996,8.168,7.921,8.15,75400,7.884
2014-01-14,8.03,8.03,7.901,7.943,15100,7.684
2014-01-13,8.00,8.053,7.935,7.985,39800,7.725
2014-01-10,8.00,8.00,7.899,7.99,120400,7.73
2014-01-09,8.00,8.10,7.86,7.931,85300,7.673
2014-01-08,8.089,8.089,7.802,7.985,34000,7.725
2014-01-07,8.25,8.25,7.901,8.00,61200,7.739
2014-01-06,7.977,8.50,7.974,8.187,55400,7.92
2014-01-03,7.65,7.948,7.62,7.85,52300,7.594
2014-01-02,7.269,7.78,7.211,7.68,85800,7.43
2014-01-01,7.20,7.20,7.20,7.20,000,6.965
2013-12-31,7.20,7.20,7.20,7.20,000,6.965
2013-12-30,7.21,7.287,7.149,7.20,104600,6.965
2013-12-27,7.35,7.419,7.30,7.35,16300,7.11
2013-12-26,7.336,7.336,7.336,7.336,000,7.097
2013-12-25,7.336,7.336,7.336,7.336,000,7.097
2013-12-24,7.336,7.336,7.336,7.336,000,7.097
2013-12-23,7.48,7.667,7.336,7.336,47800,7.097
2013-12-20,7.29,7.46,6.931,7.46,143700,7.217
2013-12-19,7.399,7.399,7.18,7.22,25000,6.985
2013-12-18,7.13,7.50,7.129,7.25,112100,7.014
2013-12-17,7.013,7.069,6.95,7.00,19700,6.772
2013-12-16,7.02,7.11,7.00,7.10,34800,6.869
2013-12-13,7.09,7.09,7.00,7.086,8600,6.855
2013-12-12,6.899,7.09,6.755,7.09,26000,6.859
2013-12-11,7.09,7.09,6.92,6.92,3600,6.694
2013-12-10,6.90,7.089,6.90,7.00,12100,6.772
2013-12-09,6.95,7.071,6.94,7.057,5700,6.827
2013-12-06,6.874,7.00,6.874,6.94,35600,6.714
2013-12-05,6.899,6.899,6.713,6.789,22600,6.568
2013-12-04,6.761,6.90,6.601,6.816,54100,6.594
2013-12-03,7.25,7.27,6.86,6.90,105600,6.675
2013-12-02,7.25,7.29,7.25,7.25,55000,7.014
2013-11-29,7.26,7.28,7.19,7.19,19100,6.956
2013-11-28,7.25,7.26,7.25,7.26,35100,7.023
2013-11-27,7.24,7.28,7.19,7.19,42500,6.956
2013-11-26,7.22,7.24,7.18,7.203,31100,6.968
2013-11-25,7.229,7.229,7.05,7.05,8900,6.82
2013-11-22,6.90,7.19,6.90,7.113,24700,6.881
2013-11-21,7.195,7.195,6.813,6.90,42100,6.675
2013-11-20,7.26,7.28,7.131,7.194,5500,6.96
2013-11-19,7.26,7.26,7.184,7.26,11600,7.023
2013-11-18,7.32,7.32,7.13,7.26,15800,7.023
2013-11-15,7.10,7.336,7.011,7.30,90600,7.062
2013-11-14,7.25,7.345,7.16,7.18,57900,6.946
2013-11-13,7.18,7.30,7.151,7.30,54200,7.062
2013-11-12,6.95,7.382,6.95,7.20,58900,6.965
2013-11-11,6.85,6.95,6.80,6.95,41400,6.724
2013-11-08,6.76,6.831,6.76,6.831,94900,6.608
2013-11-07,6.82,6.82,6.80,6.80,19200,6.578
2013-11-06,6.683,6.80,6.619,6.702,55000,6.484
2013-11-05,6.74,6.79,6.60,6.60,41400,6.385
2013-11-04,6.501,6.72,6.46,6.72,12300,6.501
2013-11-01,6.51,6.60,6.51,6.53,8900,6.317
2013-10-31,6.60,6.60,6.484,6.589,15000,6.374
2013-10-30,6.655,6.655,6.531,6.60,30500,6.385
2013-10-29,6.682,6.685,6.605,6.655,13200,6.438
2013-10-28,6.68,6.715,6.648,6.70,5500,6.482
2013-10-25,6.50,6.68,6.50,6.68,19500,6.462
2013-10-24,6.457,6.749,6.40,6.749,54300,6.529
2013-10-23,6.266,6.40,6.20,6.40,32000,6.191
2013-10-22,6.18,6.321,6.18,6.27,73200,6.066
2013-10-21,5.997,6.18,5.997,6.18,49900,5.979
2013-10-18,5.85,5.945,5.804,5.945,48300,5.751
2013-10-17,5.75,5.85,5.651,5.85,56700,5.659
2013-10-16,5.78,5.805,5.63,5.805,29500,5.616
2013-10-15,5.711,5.848,5.711,5.80,13100,5.611
2013-10-14,5.90,5.90,5.717,5.717,56500,5.531
2013-10-11,5.919,6.00,5.834,5.834,15300,5.644
2013-10-10,5.80,5.88,5.80,5.85,14200,5.659
2013-10-09,5.80,5.86,5.80,5.803,9200,5.614
2013-10-08,5.807,5.85,5.80,5.80,7100,5.611
2013-10-07,5.95,6.001,5.81,5.842,24800,5.652
2013-10-04,5.977,6.045,5.95,5.97,35800,5.775
2013-10-03,6.011,6.14,5.967,5.99,30100,5.795
2013-10-02,5.95,6.108,5.95,6.002,6300,5.806
2013-10-01,6.00,6.077,5.95,5.95,29800,5.756
2013-09-30,6.023,6.189,5.95,6.136,48700,5.936
2013-09-27,5.95,6.099,5.888,6.099,14000,5.90
2013-09-26,5.853,6.05,5.82,5.92,31200,5.727
2013-09-25,5.82,5.868,5.785,5.868,10000,5.677
2013-09-24,5.692,5.77,5.651,5.77,20500,5.582
2013-09-23,5.75,5.77,5.67,5.77,45400,5.582
2013-09-20,5.773,5.773,5.542,5.73,64400,5.543
2013-09-19,5.90,5.90,5.767,5.773,20300,5.585
2013-09-18,5.90,5.95,5.886,5.928,11400,5.735
2013-09-17,5.99,6.00,5.74,5.997,69500,5.802
2013-09-16,6.085,6.085,5.85,5.99,44400,5.795
2013-09-13,5.90,6.033,5.90,6.033,15400,5.836
2013-09-12,5.80,6.085,5.78,5.93,52000,5.737
2013-09-11,6.05,6.139,5.83,5.855,159800,5.664
2013-09-10,6.19,6.20,6.118,6.168,58400,5.967
2013-09-09,6.02,6.19,6.02,6.19,79100,5.988
2013-09-06,6.129,6.25,6.08,6.142,55700,5.942
2013-09-05,5.99,6.162,5.99,6.127,37600,5.927
2013-09-04,6.29,6.29,5.90,6.00,96100,5.804
2013-09-03,6.40,6.416,6.27,6.30,45800,6.095
2013-09-02,6.298,6.40,6.22,6.34,114700,6.133
2013-08-30,6.23,6.293,6.16,6.168,280100,5.967
2013-08-29,5.999,6.267,5.998,6.094,168100,5.895
2013-08-28,5.90,5.95,5.812,5.95,55800,5.756
2013-08-27,5.95,6.10,5.92,5.98,133000,5.785
2013-08-26,5.88,5.999,5.602,5.98,83800,5.785
2013-08-23,5.355,5.75,5.30,5.74,223900,5.553
2013-08-22,5.16,5.40,5.16,5.299,53900,5.126
2013-08-21,5.05,5.19,5.05,5.16,16200,4.992
2013-08-20,5.07,5.14,5.07,5.07,27000,4.905
2013-08-19,5.051,5.15,5.05,5.09,33000,4.924
2013-08-16,5.085,5.17,5.036,5.114,26500,4.947
2013-08-15,5.23,5.274,4.999,5.081,58900,4.915
2013-08-14,5.13,5.205,5.066,5.205,25500,5.035
2013-08-13,5.362,5.398,5.022,5.129,134700,4.962
2013-08-12,5.35,5.50,5.312,5.359,68000,5.184
2013-08-09,4.961,5.40,4.961,5.40,153400,5.224
2013-08-08,4.964,4.969,4.943,4.969,31300,4.807
2013-08-07,4.95,4.969,4.93,4.955,59200,4.794
2013-08-06,4.89,4.97,4.871,4.906,54300,4.746
2013-08-05,4.875,4.93,4.83,4.879,78800,4.72
2013-08-02,4.90,4.915,4.85,4.87,55400,4.711
2013-08-01,4.866,4.937,4.83,4.91,87400,4.75
2013-07-31,4.81,4.94,4.658,4.853,102900,4.695
2013-07-30,4.95,4.96,4.818,4.929,110400,4.768
2013-07-29,4.92,4.94,4.882,4.94,70600,4.779
2013-07-26,4.87,4.93,4.852,4.895,40300,4.735
2013-07-25,4.89,4.92,4.811,4.90,49500,4.74
2013-07-24,4.895,4.949,4.792,4.896,143600,4.736
2013-07-23,4.75,4.896,4.75,4.896,210100,4.736
2013-07-22,4.72,4.84,4.70,4.791,88900,4.635
2013-07-19,4.56,4.749,4.56,4.72,108900,4.566
2013-07-18,4.51,4.65,4.51,4.635,111500,4.484
2013-07-17,4.58,4.598,4.51,4.51,74900,4.363
2013-07-16,4.55,4.60,4.55,4.58,50400,4.431
2013-07-15,4.57,4.59,4.48,4.575,120400,4.426
2013-07-12,4.60,4.60,4.557,4.57,85700,4.421
2013-07-11,4.57,4.64,4.57,4.59,51600,4.44
2013-07-10,4.60,4.65,4.563,4.571,48100,4.422
2013-07-09,4.60,4.62,4.47,4.62,104300,4.469
2013-07-08,4.50,4.60,4.38,4.54,118400,4.392
2013-07-05,4.50,4.55,4.36,4.36,61400,4.218
2013-07-04,4.449,4.50,4.35,4.50,83800,4.353
2013-07-03,4.379,4.45,4.28,4.40,216500,4.257
2013-07-02,4.15,4.314,4.15,4.31,145300,4.17
2013-07-01,4.051,4.179,3.98,4.15,120000,4.015
2013-06-28,4.147,4.15,4.015,4.015,52800,3.884
2013-06-27,4.189,4.215,4.08,4.10,80900,3.966
2013-06-26,4.096,4.267,4.096,4.19,251200,4.053
2013-06-25,4.11,4.15,4.046,4.046,280400,3.914
2013-06-24,3.971,4.09,3.971,4.09,147400,3.957
2013-06-21,3.74,3.88,3.68,3.88,230800,3.754
2013-06-20,3.84,3.874,3.74,3.74,35500,3.618
2013-06-19,3.82,3.85,3.77,3.85,146100,3.725
2013-06-18,3.77,3.825,3.73,3.82,104200,3.696
2013-06-17,3.76,3.80,3.707,3.75,334200,3.628
2013-06-14,3.70,3.70,3.68,3.70,47200,3.579
2013-06-13,3.70,3.701,3.67,3.679,169200,3.559
2013-06-12,3.70,3.743,3.681,3.70,69500,3.579
2013-06-11,3.80,3.80,3.67,3.709,123100,3.588
2013-06-10,3.84,3.84,3.711,3.78,41100,3.657
2013-06-07,3.877,3.955,3.699,3.857,58800,3.731
2013-06-06,3.85,3.919,3.85,3.86,27000,3.734
2013-06-05,3.864,3.98,3.82,3.826,42900,3.701
2013-06-04,4.00,4.031,3.95,4.00,107200,3.792
2013-06-03,4.155,4.155,3.906,3.97,57700,3.764
2013-05-31,3.925,4.134,3.925,4.12,146300,3.906
2013-05-30,3.88,3.908,3.818,3.90,98500,3.697
2013-05-29,3.918,3.934,3.88,3.896,26300,3.694
2013-05-28,3.93,3.95,3.88,3.90,30300,3.697
2013-05-27,3.947,3.95,3.84,3.926,39700,3.722
2013-05-24,3.78,3.872,3.78,3.872,42900,3.671
2013-05-23,3.73,3.81,3.68,3.799,70900,3.602
2013-05-22,3.81,3.884,3.73,3.73,224900,3.536
2013-05-21,3.897,3.897,3.80,3.83,86100,3.631
2013-05-20,3.80,3.85,3.776,3.82,47900,3.622
2013-05-17,3.86,3.95,3.811,3.817,163000,3.619
2013-05-16,3.85,3.89,3.809,3.86,70900,3.66
2013-05-15,3.85,3.85,3.744,3.845,70900,3.645
2013-05-14,3.763,3.879,3.751,3.799,131700,3.602
2013-05-13,3.71,3.78,3.681,3.70,118500,3.508
2013-05-10,3.751,3.84,3.70,3.70,99400,3.508
2013-05-09,3.79,3.79,3.74,3.77,14000,3.574
2013-05-08,3.89,3.89,3.70,3.74,348900,3.546
2013-05-07,3.96,3.97,3.85,3.85,21200,3.65
2013-05-06,3.95,4.03,3.90,3.96,46200,3.754
2013-05-03,3.901,3.979,3.901,3.93,14700,3.726
2013-05-02,3.99,3.99,3.901,3.901,24500,3.698
2013-05-01,3.97,3.97,3.97,3.97,000,3.764
2013-04-30,3.90,4.024,3.90,3.97,20800,3.764
2013-04-29,3.95,3.95,3.807,3.90,18700,3.697
2013-04-26,4.001,4.083,3.78,3.90,58400,3.697
2013-04-25,3.90,3.99,3.852,3.90,20900,3.697
2013-04-24,3.908,3.972,3.85,3.895,36000,3.693
2013-04-23,3.85,3.94,3.827,3.90,22200,3.697
2013-04-22,4.00,4.16,3.85,3.85,47400,3.65
2013-04-19,3.92,3.99,3.799,3.95,26300,3.745
2013-04-18,4.056,4.056,3.924,3.96,16800,3.754
2013-04-17,4.04,4.141,4.00,4.138,14000,3.923
2013-04-16,4.069,4.10,4.01,4.019,32300,3.81
2013-04-15,4.00,4.147,4.00,4.079,13700,3.867
2013-04-12,4.19,4.25,4.19,4.24,6500,4.02
2013-04-11,4.28,4.28,4.21,4.21,7500,3.991
2013-04-10,4.299,4.30,4.28,4.28,30800,4.058
2013-04-09,4.293,4.32,4.293,4.30,12600,4.077
2013-04-08,4.28,4.34,4.28,4.282,15300,4.06
2013-04-05,4.35,4.399,4.28,4.28,14500,4.058
2013-04-04,4.40,4.44,4.35,4.35,12900,4.124
2013-04-03,4.489,4.489,4.40,4.40,18100,4.171
2013-04-02,4.489,4.489,4.41,4.475,20700,4.243
2013-04-01,4.44,4.44,4.44,4.44,000,4.209
2013-03-29,4.44,4.44,4.44,4.44,000,4.209
2013-03-28,4.529,4.538,4.424,4.44,12000,4.209
2013-03-27,4.49,4.49,4.45,4.45,10200,4.219
2013-03-26,4.484,4.573,4.484,4.532,10000,4.297
2013-03-25,4.45,4.494,4.427,4.427,18500,4.197
2013-03-22,4.51,4.51,4.40,4.45,9600,4.219
2013-03-21,4.60,4.60,4.51,4.51,10800,4.276
2013-03-20,4.55,4.60,4.507,4.60,8100,4.361
2013-03-19,4.55,4.551,4.484,4.50,11300,4.266
2013-03-18,4.75,4.75,4.577,4.579,46000,4.341
2013-03-15,4.70,4.70,4.55,4.60,23100,4.361
2013-03-14,4.70,4.774,4.637,4.637,27500,4.396
2013-03-13,4.626,4.70,4.625,4.673,11600,4.43
2013-03-12,4.65,4.75,4.61,4.61,18000,4.371
2013-03-11,4.65,4.723,4.63,4.63,7200,4.39
2013-03-08,4.70,4.728,4.65,4.65,42700,4.408
2013-03-07,4.55,4.65,4.54,4.65,19300,4.408
2013-03-06,4.587,4.587,4.459,4.55,19100,4.314
2013-03-05,4.54,4.70,4.537,4.537,54800,4.301
2013-03-04,4.479,4.55,4.40,4.50,52500,4.266
2013-03-01,4.187,4.489,4.18,4.43,98900,4.20
2013-02-28,4.20,4.26,4.18,4.18,39400,3.963
2013-02-27,4.20,4.23,4.171,4.20,14200,3.982
2013-02-26,4.18,4.248,4.17,4.17,21600,3.953
2013-02-25,4.30,4.30,4.113,4.15,83800,3.934
2013-02-22,4.098,4.25,4.098,4.149,42900,3.934
2013-02-21,4.248,4.248,4.019,4.019,53500,3.81
2013-02-20,4.25,4.25,4.10,4.25,82200,4.029
2013-02-19,4.20,4.30,3.985,4.30,109400,4.077
2013-02-18,4.21,4.21,4.153,4.19,22300,3.972
2013-02-15,4.20,4.21,4.166,4.166,41300,3.95
2013-02-14,4.20,4.24,4.15,4.20,25400,3.982
2013-02-13,4.50,4.50,4.137,4.20,69000,3.982
2013-02-12,4.45,4.46,4.272,4.30,13900,4.077
2013-02-11,4.49,4.49,4.388,4.40,10200,4.171
2013-02-08,4.50,4.50,4.36,4.36,12600,4.134
2013-02-07,4.49,4.49,4.36,4.36,10600,4.134
2013-02-06,4.49,4.50,4.49,4.49,6200,4.257
2013-02-05,4.50,4.518,4.452,4.48,11500,4.247
2013-02-04,4.539,4.54,4.48,4.50,10900,4.266
2013-02-01,4.40,4.509,4.372,4.49,25400,4.257
2013-01-31,4.451,4.451,4.361,4.361,22300,4.135
2013-01-30,4.615,4.615,4.426,4.46,13400,4.228
2013-01-29,4.461,4.51,4.41,4.456,28500,4.225
2013-01-28,4.57,4.59,4.479,4.52,24100,4.285
2013-01-25,4.55,4.55,4.385,4.473,19900,4.241
2013-01-24,4.50,4.549,4.404,4.50,11500,4.266
2013-01-23,4.55,4.58,4.50,4.548,8100,4.312
2013-01-22,4.547,4.55,4.494,4.55,15100,4.314
2013-01-21,4.40,4.545,4.40,4.545,12700,4.309
2013-01-18,4.451,4.507,4.441,4.441,28000,4.21
2013-01-17,4.51,4.51,4.47,4.478,7700,4.245
2013-01-16,4.501,4.505,4.46,4.46,7100,4.228
2013-01-15,4.55,4.55,4.467,4.467,11800,4.235
2013-01-14,4.45,4.585,4.45,4.55,29000,4.314
2013-01-11,4.40,4.50,4.379,4.50,24300,4.266
2013-01-10,4.335,4.44,4.316,4.40,26100,4.171
2013-01-09,4.264,4.349,4.262,4.30,21700,4.077
2013-01-08,4.40,4.40,4.26,4.26,9000,4.039
2013-01-07,4.399,4.40,4.301,4.35,9300,4.124
2013-01-04,4.401,4.44,4.35,4.35,39000,4.124
2013-01-03,4.40,4.45,4.36,4.45,37900,4.219
2013-01-02,4.45,4.45,4.35,4.40,9600,4.171
2013-01-01,4.39,4.39,4.39,4.39,000,4.162
2012-12-31,4.39,4.39,4.39,4.39,000,4.162
2012-12-28,4.521,4.521,4.311,4.39,10800,4.162
2012-12-27,4.488,4.55,4.488,4.55,5100,4.314
2012-12-26,4.40,4.40,4.40,4.40,000,4.171
2012-12-25,4.40,4.40,4.40,4.40,000,4.171
2012-12-24,4.40,4.40,4.40,4.40,000,4.171
2012-12-21,4.64,4.64,4.40,4.40,28300,4.171
2012-12-20,4.651,4.651,4.60,4.64,15400,4.399
2012-12-19,4.581,4.64,4.55,4.64,6900,4.399
2012-12-18,4.631,4.631,4.59,4.61,8000,4.371
2012-12-17,4.65,4.65,4.62,4.63,4200,4.39
2012-12-14,4.70,4.72,4.63,4.66,8800,4.418
2012-12-13,4.698,4.71,4.66,4.70,28700,4.456
2012-12-12,4.68,4.70,4.65,4.65,7700,4.408
2012-12-11,4.75,4.769,4.63,4.67,14600,4.427
2012-12-10,4.70,4.79,4.65,4.709,21600,4.464
2012-12-07,4.53,4.70,4.52,4.70,15900,4.456
2012-12-06,4.70,4.78,4.58,4.58,29900,4.342
2012-12-05,4.54,4.729,4.53,4.729,40700,4.483
2012-12-04,4.446,4.52,4.42,4.424,12900,4.194
2012-12-03,4.385,4.436,4.302,4.436,6000,4.206
2012-11-30,4.41,4.47,4.28,4.28,16600,4.058
2012-11-29,4.34,4.399,4.34,4.399,2300,4.171
2012-11-28,4.27,4.33,4.27,4.33,1500,4.105
2012-11-27,4.20,4.261,4.20,4.26,6300,4.039
2012-11-26,4.40,4.455,4.215,4.26,16500,4.039
2012-11-23,4.40,4.40,4.37,4.37,3100,4.143
2012-11-22,4.39,4.397,4.36,4.371,6500,4.144
2012-11-21,4.43,4.46,4.38,4.403,9100,4.174
2012-11-20,4.53,4.53,4.311,4.478,38200,4.245
2012-11-19,4.59,4.59,4.50,4.50,5900,4.266
2012-11-16,4.537,4.63,4.48,4.63,23900,4.39
2012-11-15,4.57,4.63,4.51,4.63,16500,4.39
2012-11-14,4.72,4.72,4.51,4.63,21900,4.39
2012-11-13,4.75,4.75,4.75,4.75,000,4.503
2012-11-12,4.80,4.835,4.75,4.75,11700,4.503
2012-11-09,4.75,4.75,4.75,4.75,3500,4.503
2012-11-08,4.76,4.761,4.76,4.76,7000,4.513
2012-11-07,4.82,4.831,4.79,4.79,5100,4.541
2012-11-06,4.79,4.839,4.76,4.839,3300,4.588
2012-11-05,4.77,4.84,4.721,4.84,4600,4.589
2012-11-02,4.72,4.79,4.72,4.782,5900,4.534
2012-11-01,4.809,4.81,4.721,4.78,3700,4.532
2012-10-31,4.82,4.82,4.75,4.79,49800,4.541
2012-10-30,4.88,4.88,4.84,4.86,9300,4.608
2012-10-29,4.78,4.885,4.78,4.88,16500,4.627
2012-10-26,4.78,4.79,4.76,4.78,22800,4.532
2012-10-25,4.788,4.79,4.741,4.763,3300,4.516
2012-10-24,4.788,4.79,4.788,4.79,2100,4.541
2012-10-23,4.729,4.766,4.72,4.766,16700,4.518
2012-10-22,4.722,4.729,4.70,4.70,17700,4.456
2012-10-19,4.77,4.77,4.701,4.75,6500,4.503
2012-10-18,4.731,4.731,4.68,4.70,13900,4.456
2012-10-17,4.79,4.79,4.724,4.724,1200,4.479
2012-10-16,4.75,4.80,4.75,4.77,700,4.522
2012-10-15,4.75,4.75,4.72,4.72,1600,4.475
2012-10-12,4.77,4.78,4.70,4.70,21400,4.456
2012-10-11,4.75,4.75,4.75,4.75,1000,4.503
2012-10-10,4.79,4.80,4.75,4.75,9300,4.503
2012-10-09,4.80,4.80,4.80,4.80,000,4.551
2012-10-08,4.80,4.81,4.75,4.81,10600,4.56
2012-10-05,4.80,4.81,4.705,4.81,10200,4.56
2012-10-04,4.799,4.805,4.75,4.805,18600,4.555
2012-10-03,4.79,4.805,4.79,4.805,1800,4.555
2012-10-02,4.662,4.805,4.662,4.805,17200,4.555
2012-10-01,4.76,4.76,4.719,4.719,4100,4.474
2012-09-28,4.722,4.789,4.722,4.789,1200,4.54
2012-09-27,4.767,4.767,4.701,4.701,9500,4.457
2012-09-26,4.824,4.85,4.761,4.761,19400,4.514
2012-09-25,4.883,4.895,4.83,4.846,4100,4.594
2012-09-24,4.645,4.895,4.641,4.886,24300,4.632
2012-09-21,4.659,4.71,4.62,4.706,5600,4.462
2012-09-20,4.693,4.70,4.623,4.645,5500,4.404
2012-09-19,4.735,4.80,4.683,4.769,31500,4.521
2012-09-18,4.739,4.75,4.691,4.73,21000,4.484
2012-09-17,4.81,4.81,4.706,4.80,19400,4.551
2012-09-14,4.696,4.728,4.653,4.728,75000,4.482
2012-09-13,4.73,4.73,4.687,4.72,4600,4.475
2012-09-12,4.613,4.729,4.579,4.702,19000,4.458
2012-09-11,4.581,4.67,4.536,4.67,9100,4.427
2012-09-10,4.686,4.748,4.589,4.589,16900,4.351
2012-09-07,4.77,4.85,4.681,4.683,22300,4.44
2012-09-06,4.828,4.858,4.681,4.772,11200,4.524
2012-09-05,4.738,4.829,4.737,4.737,2600,4.491
2012-09-04,4.79,4.815,4.721,4.803,3500,4.554
2012-09-03,4.777,4.80,4.777,4.79,4400,4.541
2012-08-31,4.703,4.80,4.68,4.684,13600,4.441
2012-08-30,4.74,4.753,4.663,4.747,11700,4.50
2012-08-29,4.811,4.85,4.742,4.751,23100,4.504
2012-08-28,4.85,4.85,4.845,4.845,4100,4.593
2012-08-27,4.86,4.915,4.854,4.915,9200,4.66
2012-08-24,4.86,4.893,4.811,4.811,2900,4.561
2012-08-23,4.923,4.923,4.85,4.891,10500,4.637
2012-08-22,4.83,4.948,4.76,4.945,18700,4.688
2012-08-21,4.799,4.846,4.739,4.765,27900,4.518
2012-08-20,4.754,4.855,4.71,4.797,22600,4.548
2012-08-17,4.822,4.823,4.70,4.70,11300,4.456
2012-08-16,4.775,4.839,4.68,4.78,21200,4.532
2012-08-15,4.774,4.775,4.59,4.75,17300,4.503
2012-08-14,4.655,4.779,4.63,4.779,2000,4.531
2012-08-13,4.714,4.823,4.545,4.566,13200,4.329
2012-08-10,4.653,4.775,4.653,4.765,6600,4.518
2012-08-09,4.771,4.80,4.50,4.646,57400,4.405
2012-08-08,4.875,4.89,4.675,4.764,41900,4.517
2012-08-07,4.925,4.925,4.85,4.90,5500,4.646
2012-08-06,4.987,4.987,4.891,4.891,5700,4.637
2012-08-03,4.95,5.035,4.859,4.95,29400,4.693
2012-08-02,4.97,4.975,4.923,4.923,12700,4.667
2012-08-01,4.939,4.974,4.88,4.97,23900,4.712
2012-07-31,4.95,5.00,4.84,4.85,70400,4.598
2012-07-30,4.80,5.00,4.80,4.92,29400,4.664
2012-07-27,4.74,4.84,4.683,4.80,35200,4.551
2012-07-26,4.85,4.90,4.675,4.675,27400,4.432
2012-07-25,4.87,4.87,4.783,4.87,35600,4.617
2012-07-24,4.87,4.939,4.80,4.87,21500,4.617
2012-07-23,4.92,5.035,4.80,4.80,39200,4.551
2012-07-20,5.01,5.058,4.812,4.885,61600,4.631
2012-07-19,4.85,4.85,4.81,4.81,13000,4.56
2012-07-18,4.85,4.85,4.81,4.81,11400,4.56
2012-07-17,4.761,4.90,4.761,4.90,2100,4.646
2012-07-16,4.75,4.76,4.75,4.76,1500,4.513
2012-07-13,4.848,4.849,4.75,4.845,1600,4.593
2012-07-12,4.763,4.849,4.75,4.849,1900,4.597
2012-07-11,4.85,4.888,4.75,4.75,3600,4.503
2012-07-10,4.887,4.90,4.811,4.889,10800,4.635
2012-07-09,4.812,4.84,4.812,4.84,600,4.589
2012-07-06,4.80,4.90,4.80,4.90,2900,4.646
2012-07-05,4.81,4.893,4.78,4.807,26400,4.557
2012-07-04,4.711,4.80,4.711,4.80,5700,4.551
2012-07-03,4.68,4.789,4.68,4.71,21800,4.465
2012-07-02,4.80,4.80,4.655,4.655,4200,4.413
2012-06-29,4.65,4.71,4.65,4.65,800,4.408
2012-06-28,4.616,4.65,4.616,4.65,2000,4.408
2012-06-27,4.534,4.743,4.449,4.71,63700,4.465
2012-06-26,4.60,4.60,4.508,4.598,2100,4.359
2012-06-25,4.548,4.60,4.548,4.60,3200,4.361
2012-06-22,4.523,4.64,4.52,4.64,11100,4.399
2012-06-21,4.651,4.651,4.581,4.581,6200,4.343
2012-06-20,4.565,4.72,4.52,4.719,20100,4.474
2012-06-19,4.57,4.589,4.411,4.538,9800,4.302
2012-06-18,4.585,4.606,4.494,4.60,4100,4.361
2012-06-15,4.401,4.589,4.39,4.498,7800,4.264
2012-06-14,4.394,4.439,4.35,4.439,5600,4.208
2012-06-13,4.45,4.45,4.22,4.35,16200,4.124
2012-06-12,4.577,4.60,4.32,4.50,23000,4.266
2012-06-11,4.677,4.75,4.63,4.65,5400,4.408
2012-06-08,4.65,4.733,4.63,4.63,12300,4.39
2012-06-07,4.733,4.733,4.705,4.705,1200,4.461
2012-06-06,4.695,4.75,4.661,4.75,5100,4.503
2012-06-05,4.75,4.80,4.66,4.688,9700,4.445
2012-06-04,4.79,4.85,4.75,4.75,5400,4.503
2012-06-01,4.888,4.959,4.80,4.80,5800,4.551
2012-05-31,4.893,5.00,4.88,4.949,7100,4.692
2012-05-30,4.79,4.86,4.79,4.798,1900,4.549
2012-05-29,4.637,4.79,4.571,4.79,5500,4.541
2012-05-28,4.67,4.67,4.571,4.58,1800,4.342
2012-05-25,4.777,4.777,4.65,4.654,7800,4.412
2012-05-24,4.90,4.90,4.75,4.805,6400,4.48
2012-05-23,5.00,5.00,4.85,4.874,9400,4.544
2012-05-22,4.865,5.001,4.865,4.99,18400,4.652
2012-05-21,5.105,5.105,4.865,4.865,9700,4.536
2012-05-18,5.035,5.05,5.001,5.005,16600,4.666
2012-05-17,5.07,5.07,5.021,5.035,5200,4.694
2012-05-16,5.183,5.24,5.002,5.08,27500,4.736
2012-05-15,5.325,5.325,5.183,5.185,18000,4.834
2012-05-14,5.479,5.507,5.20,5.27,43900,4.913
2012-05-11,5.597,5.63,5.479,5.498,31700,5.126
2012-05-10,5.21,5.691,5.21,5.60,49600,5.221
2012-05-09,5.151,5.254,5.151,5.154,13900,4.805
2012-05-08,5.212,5.265,5.152,5.162,4200,4.812
2012-05-07,5.21,5.213,5.111,5.213,5400,4.86
2012-05-04,5.32,5.423,5.26,5.26,8100,4.904
2012-05-03,5.43,5.43,5.30,5.30,10900,4.941
2012-05-02,5.421,5.491,5.32,5.35,16100,4.988
2012-05-01,5.315,5.315,5.315,5.315,000,4.955
2012-04-30,5.35,5.497,5.315,5.315,10600,4.955
2012-04-27,5.40,5.44,5.30,5.30,34700,4.941
2012-04-26,5.465,5.48,5.312,5.43,9000,5.062
2012-04-25,5.439,5.50,5.439,5.49,26100,5.118
2012-04-24,5.34,5.53,5.302,5.381,83900,5.017
2012-04-23,5.20,5.319,5.111,5.194,84100,4.842
2012-04-20,5.08,5.10,5.02,5.043,22000,4.701
2012-04-19,5.09,5.10,5.04,5.04,6200,4.699
2012-04-18,5.09,5.09,5.059,5.059,1900,4.716
2012-04-17,4.999,5.087,4.88,5.087,16900,4.743
2012-04-16,5.09,5.09,4.966,4.995,32600,4.657
2012-04-13,5.293,5.293,5.075,5.075,9200,4.731
2012-04-12,5.149,5.19,5.047,5.19,6100,4.839
2012-04-11,5.01,5.10,4.95,5.10,18200,4.755
2012-04-10,5.10,5.10,5.00,5.035,29800,4.694
2012-04-09,5.133,5.133,5.133,5.133,000,4.785
2012-04-06,5.133,5.133,5.133,5.133,000,4.785
2012-04-05,5.18,5.20,5.10,5.133,12600,4.785
2012-04-04,5.322,5.35,5.17,5.17,28300,4.82
2012-04-03,5.37,5.39,5.32,5.354,4500,4.991
2012-04-02,5.393,5.45,5.301,5.377,35300,5.013
2012-03-30,5.34,5.40,5.211,5.353,31100,4.99
2012-03-29,5.29,5.499,5.29,5.309,19300,4.949
2012-03-28,5.209,5.30,5.20,5.20,17800,4.848
2012-03-27,5.266,5.266,5.10,5.199,11800,4.847
2012-03-26,5.25,5.40,5.20,5.22,60200,4.866
2012-03-23,5.35,5.40,5.218,5.25,34800,4.894
2012-03-22,5.049,5.40,5.049,5.35,59000,4.988
2012-03-21,5.038,5.049,5.00,5.01,18100,4.671
2012-03-20,4.999,5.039,4.95,5.039,28100,4.698
2012-03-19,5.10,5.10,4.90,4.999,19800,4.66
2012-03-16,5.07,5.07,4.902,5.07,16700,4.727
2012-03-15,5.15,5.15,4.90,5.00,4300,4.661
2012-03-14,5.114,5.114,4.901,5.05,19000,4.708
2012-03-13,5.059,5.45,4.959,5.217,33800,4.864
2012-03-12,4.70,4.985,4.70,4.985,21600,4.647
2012-03-09,4.589,4.625,4.50,4.625,5900,4.312
2012-03-08,4.574,4.574,4.485,4.533,11300,4.226
2012-03-07,4.404,4.573,4.404,4.571,3900,4.261
2012-03-06,4.504,4.504,4.312,4.485,32300,4.181
2012-03-05,4.50,4.589,4.50,4.578,12900,4.268
2012-03-02,4.399,4.50,4.312,4.50,15900,4.195
2012-03-01,4.442,4.467,4.33,4.33,11000,4.037
2012-02-29,4.316,4.50,4.28,4.50,38400,4.195
2012-02-28,4.412,4.412,4.368,4.40,3600,4.102
2012-02-27,4.554,4.554,4.50,4.502,16400,4.197
2012-02-24,4.50,4.542,4.50,4.542,18500,4.234
2012-02-23,4.498,4.51,4.498,4.51,19200,4.205
2012-02-22,4.497,4.50,4.497,4.50,17800,4.195
2012-02-21,4.40,4.464,4.40,4.43,8000,4.13
2012-02-20,4.431,4.50,4.411,4.411,1800,4.112
2012-02-17,4.44,4.44,4.345,4.345,17100,4.051
2012-02-16,4.45,4.518,4.411,4.459,17100,4.157
2012-02-15,4.555,4.555,4.455,4.52,7500,4.214
2012-02-14,4.525,4.525,4.50,4.52,15200,4.214
2012-02-13,4.569,4.57,4.50,4.52,33000,4.214
2012-02-10,4.564,4.57,4.52,4.57,14300,4.261
2012-02-09,4.478,4.575,4.475,4.569,39500,4.26
2012-02-08,4.40,4.485,4.351,4.48,134700,4.177
2012-02-07,4.383,4.40,4.301,4.40,11800,4.102
2012-02-06,4.31,4.385,4.219,4.385,66300,4.088
2012-02-03,4.103,4.384,3.99,4.339,68600,4.045
2012-02-02,3.863,4.024,3.863,4.024,13300,3.751
2012-02-01,3.895,3.978,3.862,3.87,26400,3.608
2012-01-31,3.851,3.911,3.851,3.87,15300,3.608
2012-01-30,3.806,3.85,3.806,3.835,6500,3.575
2012-01-27,3.81,3.888,3.805,3.805,7100,3.547
2012-01-26,3.865,4.00,3.854,3.861,14100,3.60
2012-01-25,3.813,3.934,3.80,3.90,22300,3.636
2012-01-24,3.85,3.895,3.785,3.785,12300,3.529
2012-01-23,3.82,3.942,3.80,3.864,37700,3.602
2012-01-20,3.84,3.89,3.78,3.812,3300,3.554
2012-01-19,3.80,3.85,3.80,3.81,43900,3.552
2012-01-18,3.853,3.853,3.77,3.77,9600,3.515
2012-01-17,3.866,3.866,3.77,3.81,11400,3.552
2012-01-16,3.88,3.99,3.85,3.85,18200,3.589
2012-01-13,3.906,3.922,3.701,3.823,37700,3.564
2012-01-12,3.967,3.967,3.90,3.901,4900,3.637
2012-01-11,3.95,3.95,3.95,3.95,2000,3.683
2012-01-10,4.011,4.011,3.95,3.95,32400,3.683
2012-01-09,4.052,4.052,3.95,3.95,57700,3.683
2012-01-06,4.16,4.261,4.05,4.05,41800,3.776
2012-01-05,3.862,4.12,3.862,4.08,44300,3.804
2012-01-04,3.85,3.998,3.676,3.843,23900,3.583
2012-01-03,3.75,3.894,3.73,3.86,13200,3.599
2012-01-02,3.795,3.795,3.795,3.795,000,3.538
2011-12-30,3.775,3.80,3.716,3.787,10400,3.531
2011-12-29,3.628,3.75,3.628,3.734,14500,3.481
2011-12-28,3.629,3.63,3.60,3.63,19000,3.384
2011-12-27,3.61,3.69,3.61,3.64,9300,3.393
2011-12-26,3.61,3.61,3.61,3.61,000,3.366
2011-12-23,3.611,3.632,3.61,3.61,14900,3.366
2011-12-22,3.625,3.686,3.60,3.652,37500,3.405
2011-12-21,3.73,3.799,3.62,3.626,25000,3.38
2011-12-20,3.66,3.737,3.632,3.691,13100,3.441
2011-12-19,3.654,3.688,3.63,3.652,10100,3.405
2011-12-16,3.70,3.774,3.657,3.66,16300,3.412
2011-12-15,3.703,3.749,3.631,3.666,26700,3.418
2011-12-14,3.715,3.75,3.631,3.70,22400,3.449
2011-12-13,3.79,3.79,3.79,3.79,1000,3.533
2011-12-12,3.649,3.843,3.64,3.779,18400,3.523
2011-12-09,3.65,3.69,3.64,3.65,6300,3.403
2011-12-08,3.825,3.825,3.664,3.664,36200,3.416
2011-12-07,3.885,3.885,3.75,3.75,27200,3.496
2011-12-06,4.00,4.05,3.85,3.85,23500,3.589
2011-12-05,4.075,4.146,3.971,3.984,16000,3.714
2011-12-02,3.92,4.147,3.90,4.03,42900,3.757
2011-12-01,3.795,3.937,3.795,3.85,11000,3.589
2011-11-30,3.761,3.85,3.72,3.72,20500,3.468
2011-11-29,3.847,3.85,3.78,3.78,8200,3.524
2011-11-28,3.785,3.825,3.75,3.78,19600,3.524
2011-11-25,3.80,3.89,3.746,3.746,65300,3.492
2011-11-24,3.761,3.761,3.76,3.76,3500,3.505
2011-11-23,3.80,3.82,3.741,3.781,4000,3.525
2011-11-22,3.75,3.899,3.75,3.80,20400,3.543
2011-11-21,3.70,3.72,3.70,3.70,15600,3.449
2011-11-18,3.70,3.75,3.69,3.695,8500,3.445
2011-11-17,3.801,3.801,3.70,3.70,9300,3.449
2011-11-16,3.834,3.88,3.834,3.875,3600,3.613
2011-11-15,3.846,3.893,3.80,3.836,20600,3.576
2011-11-14,3.99,3.99,3.845,3.845,9700,3.585
2011-11-11,3.90,3.992,3.90,3.992,8000,3.722
2011-11-10,3.915,3.938,3.85,3.865,65200,3.603
2011-11-09,4.29,4.29,3.80,3.98,75800,3.71
2011-11-08,4.25,4.285,4.116,4.24,36200,3.953
2011-11-07,4.30,4.35,4.25,4.289,12100,3.999
2011-11-04,4.361,4.41,4.285,4.30,39100,4.009
2011-11-03,4.356,4.46,4.356,4.45,14300,4.149
2011-11-02,4.423,4.457,4.371,4.407,7800,4.109
2011-11-01,4.475,4.475,4.325,4.423,13400,4.123
2011-10-31,4.604,4.604,4.499,4.501,10300,4.196
2011-10-28,4.87,4.885,4.557,4.645,30000,4.33
2011-10-27,4.738,4.86,4.738,4.812,28600,4.486
2011-10-26,4.65,4.686,4.605,4.646,4000,4.331
2011-10-25,4.598,4.647,4.54,4.63,17200,4.316
2011-10-24,4.60,4.613,4.50,4.564,4000,4.255
2011-10-21,4.436,4.523,4.35,4.523,19000,4.217
2011-10-20,4.35,4.50,4.35,4.442,9400,4.141
2011-10-19,4.429,4.484,4.265,4.40,17900,4.102
2011-10-18,4.232,4.408,4.212,4.375,20800,4.079
2011-10-17,4.272,4.364,4.212,4.289,10200,3.999
2011-10-14,4.384,4.384,4.263,4.353,19000,4.058
2011-10-13,4.421,4.421,4.39,4.40,2700,4.102
2011-10-12,4.408,4.484,4.385,4.45,15600,4.149
2011-10-11,4.439,4.498,4.331,4.42,13800,4.121
2011-10-10,4.414,4.498,4.248,4.492,8800,4.188
2011-10-07,4.409,4.449,4.302,4.415,6900,4.116
2011-10-06,4.442,4.50,4.40,4.425,12500,4.125
2011-10-05,4.60,4.60,4.453,4.477,4500,4.174
2011-10-04,4.571,4.571,4.459,4.55,28600,4.242
2011-10-03,4.617,4.617,4.394,4.60,34700,4.288
2011-09-30,4.65,4.706,4.566,4.705,37900,4.386
2011-09-29,4.687,4.687,4.23,4.65,91700,4.335
2011-09-28,4.813,4.82,4.705,4.75,25200,4.428
2011-09-27,4.834,4.908,4.749,4.82,33600,4.494
2011-09-26,4.80,4.834,4.631,4.787,41600,4.463
2011-09-23,4.55,4.708,4.30,4.70,31800,4.382
2011-09-22,4.447,4.578,4.294,4.547,28100,4.239
2011-09-21,4.731,4.731,4.38,4.528,36500,4.221
2011-09-20,4.709,4.76,4.705,4.76,5100,4.438
2011-09-19,4.698,4.802,4.642,4.76,27100,4.438
2011-09-16,4.70,4.794,4.70,4.793,49000,4.468
2011-09-15,4.645,4.709,4.558,4.685,27800,4.368
2011-09-14,4.44,4.666,4.357,4.625,99600,4.312
2011-09-13,4.236,4.375,4.067,4.28,59900,3.99
2011-09-12,4.142,4.17,3.91,4.17,16000,3.888
2011-09-09,4.331,4.331,4.153,4.20,22000,3.916
2011-09-08,4.477,4.484,4.37,4.371,19900,4.075
2011-09-07,4.30,4.402,4.127,4.40,24400,4.102
2011-09-06,4.09,4.25,4.067,4.20,43400,3.916
2011-09-05,3.862,4.147,3.862,4.057,28400,3.782
2011-09-02,3.803,3.94,3.75,3.94,9200,3.673
2011-09-01,3.75,3.889,3.75,3.88,15300,3.617
2011-08-31,3.747,3.806,3.65,3.763,40300,3.508
2011-08-30,3.855,3.86,3.682,3.743,6500,3.49
2011-08-29,3.766,3.85,3.65,3.85,31200,3.589
2011-08-26,3.74,3.74,3.68,3.70,76800,3.449
2011-08-25,3.81,3.85,3.74,3.74,35100,3.487
2011-08-24,3.815,3.864,3.75,3.75,46200,3.496
2011-08-23,3.817,4.024,3.75,3.75,51800,3.496
2011-08-22,3.77,3.879,3.738,3.744,14700,3.49
2011-08-19,3.71,3.771,3.649,3.75,39400,3.496
2011-08-18,3.98,3.996,3.655,3.70,36600,3.449
2011-08-17,3.869,4.117,3.82,4.00,64300,3.729
2011-08-16,3.69,3.868,3.66,3.699,164600,3.448
2011-08-15,3.45,3.67,3.45,3.63,173500,3.384
2011-08-12,3.501,3.62,3.33,3.395,161500,3.165
2011-08-11,3.631,3.85,3.45,3.46,60600,3.226
2011-08-10,3.98,3.98,3.53,3.60,38100,3.356
2011-08-09,3.983,4.047,3.43,3.75,100600,3.496
2011-08-08,4.00,4.153,3.80,3.929,41900,3.663
2011-08-05,4.354,4.354,4.00,4.00,32500,3.729
2011-08-04,4.783,4.783,4.413,4.439,23000,4.138
2011-08-03,4.918,4.918,4.515,4.69,85800,4.372
2011-08-02,5.11,5.20,4.615,4.937,65200,4.603
2011-08-01,5.49,5.499,5.21,5.21,14300,4.857
2011-07-29,5.84,5.84,5.26,5.40,70500,5.034
2011-07-28,5.934,6.00,5.90,5.959,14500,5.555
2011-07-27,5.777,5.85,5.777,5.85,2900,5.454
2011-07-26,5.90,5.90,5.777,5.777,18800,5.386
2011-07-25,5.95,5.99,5.90,5.90,4300,5.50
2011-07-22,5.994,6.00,5.955,5.99,11900,5.584
2011-07-21,5.90,6.00,5.90,6.00,12100,5.594
2011-07-20,6.039,6.039,5.848,5.905,1300,5.505
2011-07-19,6.006,6.006,5.91,5.984,20500,5.579
2011-07-18,5.811,6.08,5.811,6.01,9700,5.603
2011-07-15,6.15,6.221,5.84,5.84,46500,5.445
2011-07-14,6.499,6.499,6.205,6.216,18900,5.795
2011-07-13,6.412,6.50,6.315,6.373,35000,5.941
2011-07-12,6.547,6.547,6.40,6.50,27400,6.06
2011-07-11,6.76,6.76,6.65,6.68,1900,6.228
2011-07-08,6.504,6.74,6.42,6.74,49500,6.284
2011-07-07,6.502,6.80,6.50,6.50,65500,6.06
2011-07-06,6.705,6.705,6.571,6.577,2900,6.132
2011-07-05,6.80,6.84,6.664,6.664,3200,6.213
2011-07-04,6.781,6.978,6.76,6.86,19400,6.395
2011-07-01,6.80,7.00,6.80,6.90,10600,6.433
2011-06-30,6.88,6.90,6.80,6.90,11700,6.433
2011-06-29,6.879,6.88,6.80,6.88,3600,6.414
2011-06-28,6.80,6.89,6.80,6.87,4900,6.405
2011-06-27,6.865,6.89,6.72,6.89,13400,6.423
2011-06-24,6.90,6.90,6.90,6.90,2100,6.433
2011-06-23,7.00,7.00,6.90,6.95,1600,6.479
2011-06-22,7.05,7.06,7.00,7.00,6100,6.526
2011-06-21,7.00,7.22,7.00,7.15,42200,6.666
2011-06-20,7.047,7.20,6.99,7.00,14500,6.526
2011-06-17,6.95,7.199,6.95,7.19,79000,6.703
2011-06-16,6.964,6.964,6.78,6.916,58100,6.448
2011-06-15,6.775,6.96,6.70,6.90,34500,6.433
2011-06-14,6.68,6.75,6.524,6.75,13700,6.293
2011-06-13,6.50,6.699,6.421,6.699,8600,6.245
2011-06-10,6.25,6.591,6.135,6.50,49600,6.06
2011-06-09,6.00,6.26,6.00,6.18,14300,5.761
2011-06-08,6.00,6.00,6.00,6.00,6300,5.594
2011-06-07,6.01,6.15,6.006,6.10,3300,5.687
2011-06-06,6.039,6.13,6.01,6.01,3200,5.603
2011-06-03,5.868,6.039,5.864,6.039,10900,5.63
2011-06-02,5.91,5.91,5.868,5.868,3400,5.471
2011-06-01,6.245,6.245,6.00,6.00,16800,5.594
2011-05-31,6.20,6.20,6.15,6.15,13200,5.734
2011-05-30,6.389,6.549,6.185,6.249,42700,5.826
2011-05-27,5.95,6.389,5.85,6.311,33100,5.884
2011-05-26,5.98,6.184,5.98,6.11,93500,5.696
2011-05-25,5.80,5.90,5.70,5.849,52900,5.453
2011-05-24,5.77,5.77,5.675,5.72,55400,5.333
2011-05-23,6.25,6.25,5.77,5.77,190800,5.379
2011-05-20,6.50,6.65,6.00,6.20,139300,5.78
2011-05-19,6.43,6.50,6.30,6.35,66900,5.92
2011-05-18,6.45,6.549,6.371,6.43,53800,5.995
2011-05-17,6.774,6.774,6.40,6.50,23200,6.06
2011-05-16,6.80,6.85,6.578,6.70,23200,6.246
2011-05-13,6.75,6.85,6.674,6.84,43700,6.377
2011-05-12,6.85,6.85,6.78,6.78,8700,6.321
2011-05-11,6.942,6.99,6.70,6.90,29800,6.433
2011-05-10,6.88,7.04,6.75,7.00,22000,6.526
2011-05-09,7.079,7.159,6.95,7.00,48400,6.526
2011-05-06,7.00,7.14,7.00,7.14,3800,6.656
2011-05-05,7.005,7.005,6.80,7.00,132200,6.526
2011-05-04,7.25,7.25,7.09,7.09,11800,6.61
2011-05-03,7.151,7.28,7.15,7.28,13100,6.787
2011-05-02,7.45,7.45,7.299,7.299,4200,6.805
2011-04-29,7.45,7.599,7.03,7.599,21800,7.084
2011-04-28,7.50,7.60,7.09,7.49,86900,6.983
2011-04-27,7.70,7.80,7.60,7.67,88600,7.151
2011-04-26,7.66,7.78,7.637,7.78,700,7.253
2011-04-21,7.80,7.80,7.60,7.80,19800,7.272
2011-04-20,7.70,7.72,7.60,7.72,12600,7.197
2011-04-19,7.999,8.00,7.70,7.88,16000,7.346
2011-04-18,8.00,8.05,7.764,8.05,16900,7.505
2011-04-15,7.778,8.09,7.778,8.09,5000,7.542
2011-04-14,7.61,7.616,7.60,7.60,4500,7.085
2011-04-13,7.55,7.699,7.55,7.625,70900,7.109
2011-04-12,7.751,7.899,7.55,7.552,9600,7.041
2011-04-11,7.871,7.93,7.50,7.93,12500,7.393
2011-04-08,7.949,8.05,7.75,8.05,34000,7.505
2011-04-07,7.715,7.96,7.50,7.895,13800,7.36
2011-04-06,7.95,7.95,7.75,7.90,23500,7.365
2011-04-05,7.60,7.90,7.50,7.90,21600,7.365
2011-04-04,7.80,7.80,7.50,7.50,29200,6.992
2011-04-01,8.00,8.00,7.72,7.80,28500,7.272
2011-03-31,7.949,7.95,7.52,7.90,53900,7.365
2011-03-30,7.90,7.99,7.50,7.80,25000,7.272
2011-03-29,7.90,8.05,7.80,7.90,39600,7.365
2011-03-28,7.90,7.982,7.90,7.90,42400,7.365
2011-03-25,7.915,7.982,7.674,7.80,17200,7.272
2011-03-24,8.10,8.10,8.00,8.00,3600,7.458
2011-03-23,8.301,8.301,8.238,8.245,3200,7.687
2011-03-22,8.50,8.783,8.50,8.50,18200,7.924
2011-03-21,8.20,8.50,8.20,8.50,32400,7.924
2011-03-18,8.20,8.20,8.008,8.20,28500,7.645
2011-03-17,8.149,8.20,8.149,8.20,2800,7.645
2011-03-16,7.85,8.20,7.85,7.982,71000,7.441
2011-03-15,8.15,8.20,7.485,7.65,94600,7.132
2011-03-14,8.43,8.90,8.26,8.35,36000,7.785
2011-03-11,8.74,8.988,8.482,8.482,11600,7.908
2011-03-10,8.82,9.00,8.82,8.95,98500,8.344
2011-03-09,8.81,9.00,8.81,8.994,79400,8.385
2011-03-08,8.995,8.995,8.779,8.99,86300,8.381
2011-03-07,9.009,9.01,8.86,8.995,199000,8.386
2011-03-04,8.995,9.05,8.901,9.01,153000,8.40
2011-03-03,8.72,9.05,8.72,8.995,126300,8.386
2011-03-02,8.86,8.86,8.618,8.70,10300,8.111
2011-03-01,9.00,9.15,8.95,9.00,37300,8.391
2011-02-28,8.76,9.00,8.76,9.00,119400,8.391
2011-02-25,8.749,8.98,8.749,8.76,64000,8.167
2011-02-24,8.355,8.638,8.159,8.55,81200,7.971
2011-02-23,8.50,8.50,8.219,8.45,66800,7.878
2011-02-22,8.76,8.819,8.35,8.50,83200,7.924
2011-02-21,8.90,8.90,8.76,8.80,61800,8.204
2011-02-18,8.90,9.00,8.86,8.86,28900,8.26
2011-02-17,8.96,9.005,8.90,8.90,36600,8.297
2011-02-16,8.96,9.10,8.96,9.00,59900,8.391
2011-02-15,9.125,9.19,9.00,9.00,29700,8.391
2011-02-14,8.80,9.13,8.80,9.13,110900,8.512
2011-02-11,8.71,8.999,8.661,8.899,105400,8.296
2011-02-10,8.80,8.83,8.501,8.65,225100,8.064
