Date,Open,High,Low,Close,Volume,Adj Close
2016-10-27,27.93,29.31,27.765,28.70,173500,28.70
2016-10-26,27.00,28.00,26.75,27.27,137400,27.27
2016-10-25,25.24,26.765,25.15,26.40,159700,26.40
2016-10-24,24.40,25.285,23.90,25.08,72300,25.08
2016-10-21,23.85,24.865,23.85,24.775,73400,24.775
2016-10-20,23.30,24.185,23.30,23.49,160000,23.49
2016-10-19,22.40,22.82,22.24,22.70,41900,22.70
2016-10-18,22.90,22.905,21.87,22.445,84800,22.445
2016-10-17,23.505,23.515,22.42,22.63,116300,22.63
2016-10-14,23.825,23.93,23.25,23.49,30300,23.49
2016-10-13,24.40,24.555,23.41,23.70,75000,23.70
2016-10-12,25.00,25.595,24.39,24.50,58100,24.50
2016-10-11,25.98,26.10,24.85,24.99,55900,24.99
2016-10-10,25.82,26.22,25.74,25.925,47700,25.925
2016-10-07,25.95,26.115,25.60,25.65,63900,25.65
2016-10-06,26.26,26.46,25.61,26.115,63200,26.115
2016-10-05,24.52,26.275,24.52,25.70,96600,25.70
2016-10-04,23.825,24.985,23.695,24.51,84900,24.51
2016-10-03,23.515,23.515,23.515,23.515,000,23.515
2016-09-30,23.20,23.73,22.405,23.515,76200,23.515
2016-09-29,24.185,24.185,23.11,23.63,21500,23.63
2016-09-28,24.64,24.75,23.81,24.00,44500,24.00
2016-09-27,24.76,25.425,24.30,24.45,69700,24.45
2016-09-26,23.35,24.55,22.965,24.55,100200,24.55
2016-09-23,23.095,23.475,22.96,23.30,20500,23.30
2016-09-22,22.82,23.315,22.535,23.07,24400,23.07
2016-09-21,22.36,22.57,22.225,22.465,14000,22.465
2016-09-20,22.855,22.855,21.82,22.20,31700,22.20
2016-09-19,23.03,23.255,22.52,23.005,21600,23.005
2016-09-16,22.49,23.325,22.35,23.16,43600,23.16
2016-09-15,21.985,22.635,21.415,22.495,19600,22.495
2016-09-14,21.145,22.285,21.11,21.905,28200,21.905
2016-09-13,22.77,22.795,20.80,21.415,73700,21.415
2016-09-12,22.58,22.945,22.07,22.23,38600,22.23
2016-09-09,23.80,23.82,22.22,23.00,56800,23.00
2016-09-08,23.075,25.80,22.705,23.64,206600,23.64
2016-09-07,20.98,22.97,20.805,22.305,97800,22.305
2016-09-06,19.61,20.70,19.50,20.50,57100,20.50
2016-09-05,19.31,19.70,19.135,19.605,13400,19.605
2016-09-02,18.925,19.595,18.925,19.195,29400,19.195
2016-09-01,18.71,19.06,18.20,18.895,27600,18.895
2016-08-31,18.735,19.275,18.19,19.275,7600,19.275
2016-08-30,18.20,18.705,18.20,18.45,8200,18.45
2016-08-29,18.285,18.40,18.08,18.105,8400,18.105
2016-08-26,17.895,18.335,17.65,18.215,9900,18.215
2016-08-25,17.94,18.23,17.795,17.795,12100,17.795
2016-08-24,18.15,18.33,17.20,17.99,43700,17.99
2016-08-23,17.75,18.64,17.60,17.93,31100,17.93
2016-08-22,18.00,18.715,17.615,17.615,41100,17.615
2016-08-19,17.50,18.445,17.39,18.445,76100,18.445
2016-08-18,16.50,18.38,16.50,18.10,151500,18.10
2016-08-17,16.09,16.10,16.00,16.085,8700,16.085
2016-08-16,16.27,16.27,16.00,16.005,5000,16.005
2016-08-15,15.67,16.265,15.67,16.265,5000,16.265
2016-08-12,15.565,15.76,15.565,15.69,2300,15.69
2016-08-11,16.10,16.10,15.51,15.545,11200,15.545
2016-08-10,16.175,16.27,16.00,16.10,16800,16.10
2016-08-09,16.30,16.30,16.03,16.185,6300,16.185
2016-08-08,15.93,16.30,15.93,15.96,9800,15.96
2016-08-05,15.42,15.95,15.42,15.80,23500,15.80
2016-08-04,15.20,15.465,15.15,15.205,6600,15.205
2016-08-02,15.80,16.135,15.405,15.90,20000,15.90
2016-08-01,15.79,15.795,15.575,15.795,13600,15.795
2016-07-29,15.75,15.75,15.395,15.595,16100,15.595
2016-07-28,15.40,15.79,15.145,15.74,23600,15.74
2016-07-27,14.805,15.345,14.61,15.345,22900,15.345
2016-07-26,14.84,14.85,14.51,14.845,7700,14.845
2016-07-25,15.03,15.045,14.42,14.645,16100,14.645
2016-07-22,15.03,15.03,14.845,14.975,7800,14.975
2016-07-21,14.945,15.175,14.895,14.90,16700,14.90
2016-07-20,14.95,14.95,14.775,14.88,4200,14.88
2016-07-19,14.62,14.955,14.62,14.70,6500,14.70
2016-07-18,15.00,15.18,14.50,14.505,42600,14.505
2016-07-15,14.90,15.18,14.65,14.79,12800,14.79
2016-07-14,14.45,15.18,14.445,14.805,29000,14.805
2016-07-13,14.15,14.405,14.15,14.34,2600,14.34
2016-07-12,14.125,14.46,14.00,14.145,16300,14.145
2016-07-11,14.39,14.39,14.015,14.08,6800,14.08
2016-07-08,14.23,14.365,13.91,14.365,5700,14.365
2016-07-07,14.095,14.25,13.885,14.25,10900,14.25
2016-07-06,13.855,14.295,13.65,14.295,11700,14.295
2016-07-05,14.45,14.45,13.91,13.935,2400,13.935
2016-07-04,14.50,14.50,14.04,14.49,8800,14.49
2016-07-01,14.475,14.475,13.83,14.00,17000,14.00
2016-06-30,14.505,14.505,14.01,14.50,32800,14.50
2016-06-29,14.09,14.67,13.75,13.95,9500,13.95
2016-06-28,14.695,14.695,13.625,13.85,21000,13.85
2016-06-27,14.785,14.98,14.485,14.485,14600,14.485
2016-06-24,13.50,14.685,13.50,14.595,26600,14.595
2016-06-23,15.095,15.10,14.405,15.00,12700,15.00
2016-06-22,15.02,15.09,14.865,15.00,2500,15.00
2016-06-21,15.05,15.225,14.74,14.91,6300,14.91
2016-06-20,15.415,15.415,14.915,14.915,5900,14.915
2016-06-17,15.00,15.005,14.425,15.00,32700,15.00
2016-06-16,14.00,14.545,14.00,14.40,10000,14.40
2016-06-15,14.07,14.65,14.07,14.15,8000,14.15
2016-06-14,14.10,14.10,13.85,14.00,7200,14.00
2016-06-13,14.55,14.725,13.825,14.05,33300,14.05
2016-06-10,15.12,15.12,14.69,14.69,3700,14.69
2016-06-09,15.45,15.45,14.94,14.945,14100,14.945
2016-06-08,15.41,15.49,15.165,15.40,35500,15.40
2016-06-07,15.205,15.33,15.075,15.075,3000,15.075
2016-06-06,15.30,15.365,14.90,14.90,7900,14.90
2016-06-03,15.25,15.35,15.225,15.30,23900,15.30
2016-06-02,15.15,15.16,14.90,14.90,12700,14.90
2016-06-01,15.30,15.545,14.84,14.84,32900,14.84
2016-05-31,15.81,15.905,15.435,15.435,10000,15.435
2016-05-30,16.48,16.48,15.70,15.81,9100,15.81
2016-05-27,16.235,16.315,15.93,16.125,5500,16.125
2016-05-26,16.135,16.30,16.065,16.20,22600,16.20
2016-05-25,16.385,16.48,15.825,16.21,18500,16.21
2016-05-24,15.455,16.435,15.455,16.30,9800,16.30
2016-05-23,14.98,15.50,14.98,15.50,1700,15.50
2016-05-20,14.805,15.035,14.805,14.88,7500,14.88
2016-05-19,14.80,15.035,14.65,14.75,13800,14.75
2016-05-18,15.05,15.24,14.72,14.80,11300,14.80
2016-05-17,15.60,15.75,15.15,15.21,10400,15.21
2016-05-16,15.725,15.725,15.725,15.725,000,15.725
2016-05-13,15.80,16.005,15.60,15.725,15900,15.725
2016-05-12,16.55,16.56,15.805,15.805,9900,15.805
2016-05-11,16.555,16.605,16.50,16.55,2100,16.55
2016-05-10,16.615,16.84,16.60,16.60,3600,16.60
2016-05-09,16.69,16.885,16.60,16.60,3400,16.60
2016-05-06,16.64,16.97,16.60,16.60,6300,16.60
2016-05-05,16.60,16.66,16.55,16.60,8700,16.60
2016-05-04,16.50,16.955,16.50,16.685,12000,16.685
2016-05-03,16.96,16.96,16.50,16.72,8700,16.72
2016-05-02,17.08,17.08,16.645,16.93,7200,16.93
2016-04-29,16.70,17.075,16.375,17.075,31600,17.075
2016-04-28,17.65,17.65,16.515,16.90,56200,16.90
2016-04-27,17.40,17.895,17.395,17.85,1400,17.85
2016-04-26,17.405,17.56,16.795,17.50,9100,17.50
2016-04-25,17.00,17.20,17.00,17.05,2400,17.05
2016-04-22,17.33,17.62,17.015,17.05,12300,17.05
2016-04-21,17.65,17.65,17.32,17.40,6000,17.40
2016-04-20,17.36,17.96,17.19,17.46,18000,17.46
2016-04-19,17.94,17.94,17.28,17.28,12500,17.28
2016-04-18,17.60,18.25,17.125,17.805,36900,17.805
2016-04-15,16.40,17.90,16.36,17.50,30000,17.50
2016-04-14,16.75,16.855,16.40,16.48,11100,16.48
2016-04-13,17.295,17.295,16.685,16.75,11800,16.75
2016-04-12,17.395,17.59,16.76,16.85,38700,16.85
2016-04-11,16.75,18.075,16.415,17.00,47800,17.00
2016-04-08,16.00,16.75,15.90,16.345,13800,16.345
2016-04-07,15.22,15.935,15.22,15.935,13000,15.935
2016-04-06,15.215,15.49,15.025,15.15,21700,15.15
2016-04-05,15.35,15.49,15.21,15.21,14700,15.21
2016-04-04,15.80,15.905,15.375,15.48,16800,15.48
2016-04-01,15.69,15.93,15.35,15.85,20600,15.85
2016-03-31,15.36,15.93,15.265,15.93,17100,15.93
2016-03-30,15.40,15.44,15.25,15.39,9700,15.39
2016-03-29,15.30,15.435,15.255,15.31,7300,15.31
2016-03-28,15.50,15.50,15.50,15.50,000,15.50
2016-03-25,15.50,15.50,15.50,15.50,000,15.50
2016-03-24,15.65,15.65,15.29,15.50,15400,15.50
2016-03-23,15.72,15.825,15.325,15.505,26100,15.505
2016-03-22,15.405,15.56,14.895,15.56,19500,15.56
2016-03-21,15.60,15.63,15.40,15.55,22400,15.55
2016-03-18,15.15,16.00,14.90,15.67,65200,15.67
2016-03-17,15.50,15.50,15.15,15.15,46600,15.15
2016-03-16,15.20,15.74,15.15,15.15,9400,15.15
2016-03-15,15.98,16.00,15.10,15.30,29200,15.30
2016-03-14,14.855,15.825,14.855,15.605,21400,15.605
2016-03-11,15.24,15.695,14.84,14.85,18100,14.85
2016-03-10,14.58,15.30,14.555,14.81,27300,14.81
2016-03-09,14.43,14.955,14.43,14.45,23900,14.45
2016-03-08,15.01,15.085,14.43,14.56,14100,14.56
2016-03-07,15.25,15.355,14.92,15.07,16300,15.07
2016-03-04,15.17,15.565,14.77,15.10,29700,15.10
2016-03-03,15.00,15.29,14.785,15.15,34800,15.15
2016-03-02,14.85,15.00,14.64,14.64,43800,14.64
2016-03-01,14.60,14.80,14.425,14.70,30500,14.70
2016-02-29,15.30,15.30,14.40,14.40,34600,14.40
2016-02-26,14.81,15.525,14.665,14.82,25400,14.82
2016-02-25,15.01,15.48,14.465,14.635,33900,14.635
2016-02-24,15.20,15.55,14.24,14.61,32500,14.61
2016-02-23,16.31,16.925,14.815,15.16,51500,15.16
2016-02-22,14.80,16.53,14.80,15.985,50900,15.985
2016-02-19,15.255,15.36,14.345,14.345,42500,14.345
2016-02-18,13.75,15.54,13.50,15.35,76600,15.35
2016-02-17,14.01,14.205,13.48,13.62,28700,13.62
2016-02-16,14.20,14.495,13.35,13.56,30500,13.56
2016-02-15,12.985,14.10,12.855,13.855,27500,13.855
2016-02-12,12.30,12.84,12.30,12.525,26900,12.525
2016-02-11,12.82,12.82,12.175,12.30,17100,12.30
2016-02-10,13.44,13.575,12.60,12.60,35800,12.60
2016-02-09,13.50,13.75,13.275,13.31,13700,13.31
2016-02-08,14.52,14.605,13.595,13.80,22300,13.80
2016-02-05,15.00,15.23,14.50,14.50,29200,14.50
2016-02-04,15.60,15.795,15.01,15.01,24000,15.01
2016-02-03,16.03,16.15,15.50,15.61,20800,15.61
2016-02-02,16.40,16.67,16.22,16.22,18500,16.22
2016-02-01,16.85,16.875,16.03,16.40,38800,16.40
2016-01-29,16.935,16.935,16.425,16.80,25700,16.80
2016-01-28,16.55,16.80,16.25,16.42,17000,16.42
2016-01-27,17.055,17.12,16.65,16.65,21800,16.65
2016-01-26,16.50,17.15,16.265,16.845,48900,16.845
2016-01-25,17.00,17.195,16.66,16.695,37300,16.695
2016-01-22,17.10,17.615,16.80,16.80,34800,16.80
2016-01-21,17.00,17.345,16.70,16.70,30400,16.70
2016-01-20,17.99,17.99,16.95,17.04,21300,17.04
2016-01-19,18.725,19.10,17.78,17.86,56500,17.86
2016-01-18,19.30,19.565,18.74,18.74,14100,18.74
2016-01-15,19.75,19.94,19.35,19.605,13000,19.605
2016-01-14,20.52,20.52,19.33,19.70,29100,19.70
2016-01-13,21.02,21.05,20.29,20.50,17500,20.50
2016-01-12,20.92,21.50,20.80,20.80,8900,20.80
2016-01-11,22.10,22.10,21.005,21.005,16000,21.005
2016-01-08,21.945,22.40,21.595,21.91,17500,21.91
2016-01-07,22.80,22.80,21.20,22.165,26700,22.165
2016-01-06,22.70,23.43,22.42,22.50,19200,22.50
2016-01-05,23.00,23.20,22.245,22.75,19200,22.75
2016-01-04,22.60,22.62,21.84,21.93,10200,21.93
2016-01-01,22.59,22.59,22.59,22.59,000,22.59
2015-12-31,22.59,22.59,22.59,22.59,000,22.59
2015-12-30,22.205,22.89,22.205,22.59,19400,22.59
2015-12-29,22.60,22.80,22.26,22.41,23300,22.41
2015-12-28,22.80,22.80,21.99,22.50,11100,22.50
2015-12-25,22.455,22.455,22.455,22.455,000,22.455
2015-12-24,22.455,22.455,22.455,22.455,000,22.455
2015-12-23,22.745,22.75,22.10,22.455,12900,22.455
2015-12-22,22.92,23.055,22.12,22.465,15300,22.465
2015-12-21,23.95,23.95,22.825,23.14,16100,23.14
2015-12-18,23.27,24.50,23.27,23.50,167500,23.50
2015-12-17,24.50,24.545,23.42,23.42,52100,23.42
2015-12-16,24.50,24.805,23.805,23.95,18900,23.95
2015-12-15,23.65,24.40,23.65,24.40,8300,24.40
2015-12-14,25.00,25.00,23.775,23.775,5800,23.775
2015-12-11,24.00,24.295,24.00,24.145,3700,24.145
2015-12-10,24.865,24.865,23.82,24.29,12400,24.29
2015-12-09,24.59,24.59,24.03,24.10,5200,24.10
2015-12-08,24.85,25.005,24.29,24.585,7900,24.585
2015-12-07,25.30,25.30,24.705,24.87,13300,24.87
2015-12-04,26.00,26.00,24.53,24.98,19600,24.98
2015-12-03,25.00,25.585,24.30,24.30,7700,24.30
2015-12-02,23.37,24.875,22.99,24.875,14500,24.875
2015-12-01,24.15,25.00,23.35,23.40,22500,23.40
2015-11-30,24.465,26.40,23.76,23.76,123100,23.76
2015-11-27,24.15,24.62,23.52,24.00,18700,24.00
2015-11-26,24.00,25.28,23.575,24.32,27000,24.32
2015-11-25,25.495,25.495,23.635,24.00,9900,24.00
2015-11-24,25.295,25.295,24.19,24.60,12200,24.60
2015-11-23,23.00,26.005,22.835,24.50,12400,24.50
2015-11-20,22.535,22.875,22.465,22.60,10700,22.60
2015-11-19,22.115,23.00,21.80,23.00,15900,23.00
2015-11-18,22.765,23.365,22.265,22.50,9800,22.50
2015-11-17,22.255,22.80,22.225,22.50,12100,22.50
2015-11-16,22.20,22.885,22.135,22.50,15300,22.50
2015-11-13,22.75,22.76,22.28,22.50,14300,22.50
2015-11-12,22.76,22.76,22.09,22.50,11600,22.50
2015-11-11,22.76,22.76,22.00,22.50,13900,22.50
2015-11-10,23.10,23.12,22.335,22.50,12000,22.50
2015-11-09,23.615,23.925,22.76,22.76,12200,22.76
2015-11-06,23.57,24.50,23.305,24.00,46400,24.00
2015-11-05,23.26,24.20,23.165,23.50,108000,23.50
2015-11-04,23.70,24.595,23.26,23.26,11300,23.26
2015-11-03,22.99,24.00,22.675,23.485,14000,23.485
2015-11-02,24.00,24.305,23.01,23.01,15100,23.01
2015-10-30,24.03,24.535,21.59,23.80,26700,23.80
2015-10-29,24.795,24.795,23.865,23.88,23700,23.88
2015-10-28,24.79,24.79,24.10,24.195,10100,24.195
2015-10-27,25.395,25.395,24.435,24.78,7800,24.78
2015-10-26,24.975,25.395,24.42,24.715,2400,24.715
2015-10-23,24.665,24.99,24.45,24.775,8500,24.775
2015-10-22,24.70,24.79,24.005,24.24,20700,24.24
2015-10-21,24.70,25.00,24.50,24.65,1800,24.65
2015-10-20,25.015,25.325,24.51,24.53,7600,24.53
2015-10-19,26.04,26.425,25.145,25.145,7500,25.145
2015-10-16,25.885,25.90,25.365,25.605,1700,25.605
2015-10-15,25.705,26.615,24.835,25.475,10500,25.475
2015-10-14,25.33,25.33,24.80,25.005,2400,25.005
2015-10-13,25.235,25.235,24.86,24.955,1500,24.955
2015-10-12,26.00,26.00,24.805,25.12,23300,25.12
2015-10-09,26.80,27.60,25.80,26.00,10900,26.00
2015-10-08,26.255,26.335,25.60,25.60,5500,25.60
2015-10-07,25.50,26.60,25.305,25.50,9400,25.50
2015-10-06,25.00,25.755,24.555,25.50,8300,25.50
2015-10-05,25.55,25.55,24.35,24.35,4300,24.35
2015-10-02,24.945,24.945,24.045,24.435,10600,24.435
2015-10-01,25.09,25.46,24.135,24.50,20500,24.50
2015-09-30,24.95,25.205,23.20,24.55,8400,24.55
2015-09-29,24.00,24.50,23.63,24.005,11700,24.005
2015-09-28,24.70,24.70,24.00,24.00,2600,24.00
2015-09-25,24.105,24.935,24.105,24.30,4300,24.30
2015-09-24,25.005,25.005,24.105,24.79,3000,24.79
2015-09-23,25.20,25.20,24.775,25.00,7300,25.00
2015-09-22,25.20,25.36,24.995,25.00,5800,25.00
2015-09-21,25.00,25.20,24.825,25.20,2300,25.20
2015-09-18,25.00,25.83,24.295,25.20,14900,25.20
2015-09-17,25.00,25.845,25.00,25.40,3600,25.40
2015-09-16,25.54,25.54,24.515,24.70,30300,24.70
2015-09-15,25.535,25.60,24.505,25.00,9900,25.00
2015-09-14,26.165,26.165,24.515,25.00,10400,25.00
2015-09-11,26.70,27.125,26.10,26.15,4600,26.15
2015-09-10,27.005,27.48,26.73,27.00,5700,27.00
2015-09-09,27.00,27.06,26.305,27.00,26000,27.00
2015-09-08,26.54,27.42,26.205,26.22,4100,26.22
2015-09-07,25.495,26.00,25.26,26.00,5800,26.00
2015-09-04,26.40,26.40,25.14,25.25,7700,25.25
2015-09-03,24.99,25.86,24.76,25.50,11700,25.50
2015-09-02,25.05,25.875,24.415,25.00,4200,25.00
2015-09-01,25.10,25.24,24.04,25.24,10400,25.24
2015-08-31,25.40,25.40,25.00,25.00,2100,25.00
2015-08-28,25.405,25.89,25.05,25.30,13300,25.30
2015-08-27,25.505,26.48,25.055,25.455,18300,25.455
2015-08-26,25.995,26.645,25.01,25.05,24600,25.05
2015-08-25,25.015,27.83,25.00,27.07,8600,27.07
2015-08-24,24.75,25.35,23.515,25.35,12800,25.35
2015-08-21,25.00,26.00,24.00,26.00,14500,26.00
2015-08-20,27.75,27.75,26.00,26.00,12300,26.00
2015-08-19,28.055,28.935,27.505,27.60,13600,27.60
2015-08-18,28.00,28.845,27.52,28.55,8800,28.55
2015-08-17,28.73,28.73,27.505,28.00,12100,28.00
2015-08-14,28.50,28.505,28.25,28.50,5300,28.50
2015-08-13,29.025,30.00,28.605,28.70,9200,28.70
2015-08-12,29.70,29.75,28.105,28.70,27500,28.70
2015-08-11,30.40,30.45,29.515,30.10,15900,30.10
2015-08-10,31.55,31.80,30.06,30.40,19600,30.40
2015-08-07,32.375,32.40,31.01,31.50,28600,31.50
2015-08-06,33.00,33.00,30.96,31.54,11000,31.54
2015-08-05,32.805,33.00,32.70,32.70,4600,32.70
2015-08-04,32.895,33.00,32.70,32.70,900,32.70
2015-08-03,33.33,33.33,32.70,32.78,5800,32.78
2015-07-31,33.005,33.33,32.62,32.90,4500,32.90
2015-07-30,33.065,33.26,32.27,33.00,8000,33.00
2015-07-29,33.00,33.52,32.98,33.03,1100,33.03
2015-07-28,32.025,33.475,32.00,32.98,7900,32.98
2015-07-27,33.33,33.505,31.68,32.00,36800,32.00
2015-07-24,33.885,34.00,33.35,33.50,10500,33.50
2015-07-23,34.00,34.00,33.15,33.38,3100,33.38
2015-07-22,34.25,34.50,33.665,33.69,15300,33.69
2015-07-21,35.00,35.015,33.89,34.25,31400,34.25
2015-07-20,34.60,35.49,34.425,34.45,10700,34.45
2015-07-17,33.73,35.00,33.73,33.865,10100,33.865
2015-07-16,34.00,34.615,33.55,34.00,6900,34.00
2015-07-15,33.755,34.265,33.00,33.60,3200,33.60
2015-07-14,34.245,34.50,33.625,33.75,8200,33.75
2015-07-13,34.50,34.73,33.50,34.25,36000,34.25
2015-07-10,34.50,35.50,34.24,34.45,27800,34.45
2015-07-09,34.00,34.01,32.905,33.75,20400,33.75
2015-07-08,36.13,36.215,33.90,33.90,13200,33.90
2015-07-07,35.80,36.44,35.60,35.60,1400,35.60
2015-07-06,35.99,35.99,34.62,35.125,5700,35.125
2015-07-03,35.98,36.72,35.98,36.04,54300,36.04
2015-07-02,35.79,35.79,34.50,35.00,6500,35.00
2015-07-01,35.20,36.59,34.87,35.00,55800,35.00
2015-06-30,34.05,35.00,33.89,35.00,16700,35.00
2015-06-29,34.60,35.005,33.70,33.70,32400,33.70
2015-06-26,34.60,35.20,34.60,35.00,19100,35.00
2015-06-25,35.20,35.30,34.70,34.70,8700,34.70
2015-06-24,35.25,35.33,34.59,34.785,7100,34.785
2015-06-23,35.22,35.25,34.50,35.20,11000,35.20
2015-06-22,34.20,35.20,34.005,34.50,8500,34.50
2015-06-19,33.92,34.50,33.62,33.89,17500,33.89
2015-06-18,34.40,34.845,32.90,34.00,42500,34.00
2015-06-17,34.15,34.99,34.005,34.325,82400,34.325
2015-06-16,33.935,34.75,33.76,33.975,78000,33.975
2015-06-15,34.00,34.00,32.00,33.755,88800,33.755
2015-06-12,33.42,34.40,33.42,33.90,160800,33.90
2015-06-11,31.50,33.885,31.50,33.15,1930600,33.15
