Date,Open,High,Low,Close,Volume,Adj Close
2016-10-27,26.57,26.605,26.11,26.25,8300,26.25
2016-10-26,26.44,26.57,26.34,26.57,3600,26.57
2016-10-25,26.25,26.50,26.01,26.25,20200,26.25
2016-10-24,26.65,26.71,26.00,26.26,10600,26.26
2016-10-21,26.90,26.90,26.505,26.65,49700,26.65
2016-10-20,26.685,27.00,26.62,26.89,17400,26.89
2016-10-19,26.60,26.78,26.43,26.75,50500,26.75
2016-10-18,26.36,26.60,26.35,26.56,23200,26.56
2016-10-17,26.44,26.44,26.35,26.38,5700,26.38
2016-10-14,26.28,26.405,26.26,26.355,6300,26.355
2016-10-13,26.15,26.50,26.115,26.255,33700,26.255
2016-10-12,26.08,26.295,26.08,26.20,5000,26.20
2016-10-11,26.06,26.16,26.05,26.08,14100,26.08
2016-10-10,26.05,26.25,26.02,26.04,28200,26.04
2016-10-07,26.06,26.20,26.00,26.05,44900,26.05
2016-10-06,26.00,26.27,26.00,26.05,22700,26.05
2016-10-05,25.86,26.465,25.86,26.115,74400,26.115
2016-10-04,25.95,26.295,25.91,26.00,17500,26.00
2016-10-03,26.02,26.02,26.02,26.02,000,26.02
2016-09-30,26.00,26.39,25.90,26.02,14200,26.02
2016-09-29,25.995,26.17,25.865,26.00,30900,26.00
2016-09-28,25.995,26.05,25.80,26.05,22500,26.05
2016-09-27,26.025,26.025,25.75,26.02,9200,26.02
2016-09-26,26.04,26.04,25.765,25.975,7500,25.975
2016-09-23,25.74,26.03,25.74,25.94,17100,25.94
2016-09-22,26.00,26.00,25.75,25.805,7000,25.805
2016-09-21,26.00,26.05,25.725,25.74,14200,25.74
2016-09-20,25.88,26.20,25.86,26.00,23800,26.00
2016-09-19,26.00,26.05,25.80,26.05,28900,26.05
2016-09-16,26.20,26.23,25.875,26.05,97800,26.05
2016-09-15,25.61,26.42,25.61,25.90,92800,25.90
2016-09-14,25.47,26.46,25.355,25.86,205400,25.86
2016-09-13,22.35,22.495,21.505,21.735,8700,21.735
2016-09-12,21.365,22.155,21.30,22.00,11400,22.00
2016-09-09,22.25,22.72,22.25,22.30,2700,22.30
2016-09-08,22.36,22.595,22.055,22.25,11500,22.25
2016-09-07,22.27,22.78,22.175,22.65,23900,22.65
2016-09-06,22.47,22.47,22.115,22.315,9100,22.315
2016-09-05,22.49,22.615,22.00,22.30,3700,22.30
2016-09-02,21.555,22.30,21.33,22.20,10700,22.20
2016-09-01,21.29,21.80,21.23,21.77,9700,21.77
2016-08-31,21.20,21.22,20.695,21.22,26300,21.22
2016-08-30,21.205,21.37,21.015,21.165,9000,21.165
2016-08-29,21.015,21.20,21.00,21.00,6500,21.00
2016-08-26,20.73,21.215,20.73,21.215,2600,21.215
2016-08-25,21.06,21.235,20.60,20.905,10800,20.905
2016-08-24,21.195,21.30,21.05,21.05,900,21.05
2016-08-23,21.015,21.26,21.00,21.26,7900,21.26
2016-08-22,21.30,21.30,20.32,21.00,17500,21.00
2016-08-19,21.265,21.34,20.93,21.00,2200,21.00
2016-08-18,20.65,21.225,20.65,21.025,6000,21.025
2016-08-17,20.885,21.045,20.61,20.61,6800,20.61
2016-08-16,21.26,21.26,20.575,20.60,13900,20.60
2016-08-15,21.50,21.63,20.93,21.40,8000,21.40
2016-08-12,20.90,21.275,20.75,20.97,10600,20.97
2016-08-11,20.70,20.88,20.55,20.85,14900,20.85
2016-08-10,21.60,21.60,20.605,20.70,22700,20.70
2016-08-09,21.20,21.48,21.055,21.325,14400,21.325
2016-08-08,22.12,22.12,20.82,20.82,9000,20.82
2016-08-05,21.94,22.08,21.70,21.70,10000,21.70
2016-08-04,21.79,21.925,21.695,21.90,2900,21.90
2016-08-03,22.10,22.42,21.17,21.46,10100,21.46
2016-08-02,22.44,22.44,22.005,22.10,11900,22.10
2016-08-01,21.50,22.19,21.50,22.19,10400,22.19
2016-07-29,21.43,21.695,21.005,21.64,12900,21.64
2016-07-28,21.665,21.96,21.43,21.65,6500,21.65
2016-07-27,21.41,21.855,21.41,21.70,12400,21.70
2016-07-26,22.05,22.05,21.41,21.41,3800,21.41
2016-07-25,21.97,21.97,21.545,21.70,13300,21.70
2016-07-22,21.55,21.98,21.55,21.61,8100,21.61
2016-07-21,22.04,22.22,21.90,21.90,1200,21.90
2016-07-20,21.80,22.205,21.80,22.10,4200,22.10
2016-07-19,21.75,22.15,21.50,21.50,11700,21.50
2016-07-18,22.00,22.16,21.90,22.02,2800,22.02
2016-07-15,22.08,22.27,21.83,21.83,4400,21.83
2016-07-14,21.70,22.30,21.70,22.30,15900,22.30
2016-07-13,22.60,22.60,21.565,21.565,19800,21.565
2016-07-12,21.715,22.95,21.715,22.70,26500,22.70
2016-07-11,21.26,21.675,21.18,21.40,8200,21.40
2016-07-08,20.67,21.145,20.67,20.72,8300,20.72
2016-07-07,20.10,21.03,20.10,21.03,15100,21.03
2016-07-06,20.605,20.955,19.995,20.00,26800,20.00
2016-07-05,21.055,21.375,20.80,20.95,29500,20.95
2016-07-04,21.23,21.645,20.95,21.33,13700,21.33
2016-07-01,20.88,21.295,20.56,21.17,22700,21.17
2016-06-30,20.525,21.07,19.765,21.07,34700,21.07
2016-06-29,20.02,20.93,20.01,20.93,35200,20.93
2016-06-28,20.20,20.51,19.105,19.80,98200,19.80
2016-06-27,23.50,23.50,19.42,19.42,56000,19.42
2016-06-24,23.00,24.195,22.705,23.185,40200,23.185
2016-06-23,25.20,25.395,24.43,24.80,16600,24.80
2016-06-22,24.86,25.32,24.80,25.26,7600,25.26
2016-06-21,24.745,25.25,24.745,24.90,14800,24.90
2016-06-20,24.445,24.90,24.445,24.745,2600,24.745
2016-06-17,24.195,24.195,23.745,24.08,4400,24.08
2016-06-16,23.90,24.39,23.895,23.895,32400,23.895
2016-06-15,23.735,24.235,23.615,24.14,7400,24.14
2016-06-14,23.60,24.225,23.315,23.56,31400,23.56
2016-06-13,25.00,25.575,23.865,23.865,31800,23.865
2016-06-10,26.00,26.075,25.295,25.42,6800,25.42
2016-06-09,25.45,26.36,25.00,26.36,24100,26.36
2016-06-08,24.51,25.40,24.50,25.40,11000,25.40
2016-06-07,25.20,25.20,24.705,24.99,7800,24.99
2016-06-06,25.70,25.975,24.895,24.99,8300,24.99
2016-06-03,25.305,25.73,25.115,25.56,7800,25.56
2016-06-02,25.61,25.65,25.02,25.65,9900,25.65
2016-06-01,24.955,25.725,24.81,25.285,15000,25.285
2016-05-31,24.50,25.325,24.20,25.135,67500,25.135
2016-05-30,24.65,24.79,24.585,24.67,2400,24.67
2016-05-27,24.61,24.70,24.40,24.515,6700,24.515
2016-05-26,24.84,24.845,24.555,24.70,3300,24.70
2016-05-25,24.50,24.90,24.295,24.655,29800,24.655
2016-05-24,23.90,24.50,23.90,24.50,9400,24.50
2016-05-23,24.055,24.235,23.95,24.10,6600,24.10
2016-05-20,24.165,24.38,23.80,24.26,6700,24.26
2016-05-19,24.39,24.39,23.69,24.00,14000,24.00
2016-05-18,24.05,24.485,23.775,24.45,19700,24.45
2016-05-17,23.57,24.15,23.01,23.94,31100,23.94
2016-05-16,21.93,21.93,21.93,21.93,000,21.93
2016-05-13,22.04,22.04,21.65,21.93,7400,21.93
2016-05-12,21.99,22.03,21.425,21.67,16000,21.67
2016-05-11,22.205,22.265,21.65,21.76,11400,21.36
2016-05-10,22.085,22.575,22.085,22.25,9900,21.841
2016-05-09,22.295,22.445,21.65,22.21,7400,21.802
2016-05-06,21.76,22.80,21.76,22.41,24300,21.998
2016-05-05,22.58,22.58,21.19,22.10,20800,21.694
2016-05-04,23.00,23.00,21.715,21.885,12300,21.483
2016-05-03,24.15,24.15,22.82,22.87,11300,22.45
2016-05-02,24.205,24.205,23.26,23.60,11500,23.166
2016-04-29,24.26,24.50,23.98,24.26,31900,23.814
2016-04-28,24.365,24.605,24.15,24.50,9200,24.05
2016-04-27,23.95,24.50,23.95,24.50,21100,24.05
2016-04-26,23.845,24.19,23.835,24.19,8300,23.745
2016-04-25,23.54,23.885,23.54,23.61,3200,23.176
2016-04-22,23.54,23.995,23.54,23.85,5800,23.412
2016-04-21,23.97,24.00,23.54,23.54,7400,23.107
2016-04-20,24.00,24.00,23.60,23.975,2300,23.534
2016-04-19,23.585,24.18,23.51,23.855,4900,23.416
2016-04-18,23.20,23.775,23.20,23.665,9600,23.23
2016-04-15,23.295,23.41,23.215,23.215,1400,22.788
2016-04-14,23.94,24.145,23.00,23.765,17400,23.328
2016-04-13,23.665,23.805,23.505,23.765,3800,23.328
2016-04-12,23.29,23.81,23.275,23.70,2900,23.264
2016-04-11,23.515,23.70,23.295,23.365,6000,22.935
2016-04-08,24.005,24.27,23.55,23.55,9000,23.117
2016-04-07,24.30,24.695,24.10,24.49,13400,24.04
2016-04-06,23.83,24.50,23.83,24.30,16600,23.853
2016-04-05,23.50,23.975,23.275,23.975,13800,23.534
2016-04-04,23.60,23.60,23.00,23.27,7500,22.842
2016-04-01,23.83,23.83,23.355,23.55,4600,23.117
2016-03-31,23.415,23.69,22.945,23.65,12900,23.215
2016-03-30,23.405,23.505,23.195,23.50,5400,23.068
2016-03-29,23.625,23.625,23.17,23.60,9000,23.166
2016-03-28,23.70,23.70,23.70,23.70,000,23.264
2016-03-25,23.70,23.70,23.70,23.70,000,23.264
2016-03-24,23.695,23.70,23.605,23.70,800,23.264
2016-03-23,23.70,23.70,23.33,23.63,11000,23.196
2016-03-22,23.95,23.95,23.475,23.67,1600,23.235
2016-03-21,23.88,24.00,23.655,23.72,9900,23.284
2016-03-18,23.985,24.005,23.755,24.00,12700,23.559
2016-03-17,23.85,24.06,23.85,23.93,9100,23.49
2016-03-16,23.68,24.09,23.68,24.00,9400,23.559
2016-03-15,24.10,24.10,23.55,23.90,6600,23.461
2016-03-14,23.40,24.155,23.36,24.155,19400,23.711
2016-03-11,22.76,23.355,22.76,23.25,13400,22.823
2016-03-10,22.50,23.00,22.50,22.74,6500,22.322
2016-03-09,22.645,22.81,22.22,22.22,1900,21.812
2016-03-08,22.98,23.00,22.45,22.69,13500,22.273
2016-03-07,22.30,23.00,22.185,23.00,9500,22.577
2016-03-04,21.62,22.265,21.62,22.265,9400,21.856
2016-03-03,22.00,22.00,21.45,21.61,13300,21.213
2016-03-02,22.51,23.33,21.55,21.56,34100,21.164
2016-03-01,21.39,21.59,20.885,21.00,17200,20.614
2016-02-29,20.595,21.30,20.27,20.985,9200,20.599
2016-02-26,20.24,21.215,20.125,20.835,10700,20.452
2016-02-25,20.26,20.935,20.18,20.23,4000,19.858
2016-02-24,20.21,20.39,19.735,20.065,15300,19.696
2016-02-23,20.135,20.885,20.135,20.65,4000,20.27
2016-02-22,20.05,20.48,19.85,19.93,20400,19.564
2016-02-19,20.705,20.705,19.45,19.80,11900,19.436
2016-02-18,21.69,21.69,20.52,20.62,16700,20.241
2016-02-17,18.70,21.325,18.70,21.10,24400,20.712
2016-02-16,18.80,18.935,18.735,18.875,19200,18.528
2016-02-15,18.90,19.00,18.31,18.70,32700,18.356
2016-02-12,18.82,18.90,18.33,18.60,12400,18.258
2016-02-11,19.01,19.025,18.48,18.48,11600,18.14
2016-02-10,19.665,20.02,19.285,19.48,19400,19.122
2016-02-09,20.60,20.695,18.67,19.75,54000,19.387
2016-02-08,21.15,21.15,20.70,20.90,10400,20.516
2016-02-05,21.41,21.41,21.13,21.17,3900,20.781
2016-02-04,22.105,22.105,21.40,21.40,3300,21.007
2016-02-03,22.225,22.425,21.97,21.97,10800,21.566
2016-02-02,22.40,22.545,22.00,22.40,17900,21.988
2016-02-01,22.83,22.83,22.285,22.60,14800,22.185
2016-01-29,22.10,22.675,22.015,22.50,7800,22.086
2016-01-28,22.40,22.905,22.175,22.175,2300,21.767
2016-01-27,22.91,23.005,22.60,22.725,4500,22.307
2016-01-26,22.96,23.18,22.805,23.05,12800,22.626
2016-01-25,22.41,23.295,22.41,23.05,17600,22.626
2016-01-22,22.75,22.785,22.23,22.785,9600,22.366
2016-01-21,22.00,22.435,22.00,22.15,12500,21.743
2016-01-20,22.75,23.00,21.64,22.25,18700,21.841
2016-01-19,23.22,23.335,23.15,23.15,5000,22.724
2016-01-18,22.85,23.30,22.125,22.80,35800,22.381
2016-01-15,23.515,23.87,22.93,23.045,11600,22.621
2016-01-14,24.20,24.20,23.215,23.875,10700,23.436
2016-01-13,24.05,24.40,23.865,24.00,5100,23.559
2016-01-12,23.805,24.32,23.805,24.00,7500,23.559
2016-01-11,24.00,24.20,23.80,24.00,7900,23.559
2016-01-08,24.15,24.315,23.835,24.135,8200,23.691
2016-01-07,24.26,24.33,23.57,23.98,17700,23.539
2016-01-06,26.17,26.17,24.705,24.85,31700,24.393
2016-01-05,26.15,26.495,25.60,25.80,7200,25.326
2016-01-04,27.44,27.44,26.01,26.27,17000,25.787
2016-01-01,26.555,26.555,26.555,26.555,000,26.067
2015-12-31,26.555,26.555,26.555,26.555,000,26.067
2015-12-30,25.50,26.555,25.245,26.555,28800,26.067
2015-12-29,25.44,26.145,25.30,25.80,15300,25.326
2015-12-28,25.20,25.50,24.925,25.50,3700,25.031
2015-12-25,25.125,25.125,25.125,25.125,000,24.663
2015-12-24,25.125,25.125,25.125,25.125,000,24.663
2015-12-23,25.13,25.21,24.515,25.125,3200,24.663
2015-12-22,24.70,25.535,24.68,25.00,27800,24.54
2015-12-21,24.50,25.285,23.88,24.57,26500,24.118
2015-12-18,24.44,24.765,24.16,24.765,8700,24.31
2015-12-17,23.53,24.69,23.53,24.69,16300,24.236
2015-12-16,23.35,24.00,23.15,24.00,18500,23.559
2015-12-15,23.82,24.00,23.355,23.80,26000,23.362
2015-12-14,23.60,23.90,23.155,23.80,22800,23.362
2015-12-11,23.87,23.87,23.205,23.39,8900,22.96
2015-12-10,22.855,23.775,22.855,23.55,8100,23.117
2015-12-09,23.02,23.255,22.965,23.10,28800,22.675
2015-12-08,23.535,23.535,23.00,23.02,10400,22.597
2015-12-07,23.525,23.65,23.09,23.395,11100,22.965
2015-12-04,22.95,23.485,22.95,23.20,15100,22.774
2015-12-03,23.75,23.75,22.70,23.20,16700,22.774
2015-12-02,23.30,23.44,22.965,23.31,2900,22.882
2015-12-01,23.87,23.87,22.75,22.75,20600,22.332
2015-11-30,23.21,23.675,22.905,23.675,30700,23.24
2015-11-27,23.00,23.245,22.20,22.85,18300,22.43
2015-11-26,21.69,23.025,21.57,22.555,8400,22.14
2015-11-25,22.405,22.795,22.18,22.515,9000,22.101
2015-11-24,22.89,22.89,22.43,22.48,7400,22.067
2015-11-23,22.61,22.84,22.61,22.70,7000,22.283
2015-11-20,22.66,22.88,22.66,22.85,4200,22.43
2015-11-19,22.535,23.18,22.405,22.75,21800,22.332
2015-11-18,22.66,23.17,22.24,22.50,17800,22.086
2015-11-17,22.05,23.60,22.05,22.355,48700,21.944
2015-11-16,21.60,22.32,21.50,22.30,9700,21.89
2015-11-13,21.85,22.625,21.755,22.00,12800,21.596
2015-11-12,22.10,22.115,21.87,22.06,32000,21.654
2015-11-11,22.515,22.55,21.85,22.20,6100,21.792
2015-11-10,22.44,22.645,22.40,22.55,5100,22.135
2015-11-09,22.895,22.895,22.43,22.68,3700,22.263
2015-11-06,22.40,22.75,22.40,22.60,22600,22.185
2015-11-05,22.37,22.75,22.31,22.75,12100,22.332
2015-11-04,22.00,23.08,21.85,22.40,34400,21.988
2015-11-03,23.11,23.11,22.75,22.75,12000,22.332
2015-11-02,23.12,23.90,22.67,23.14,21000,22.715
2015-10-30,22.77,24.00,22.67,23.80,39000,23.362
2015-10-29,23.25,23.25,22.53,22.65,7000,22.234
2015-10-28,23.35,23.50,23.00,23.08,11100,22.656
2015-10-27,23.35,23.735,23.23,23.40,11400,22.97
2015-10-26,23.55,23.75,23.405,23.60,7700,23.166
2015-10-23,23.66,23.755,23.445,23.55,9000,23.117
2015-10-22,23.65,23.79,23.65,23.65,5000,23.215
2015-10-21,24.00,24.00,23.62,23.62,12800,23.186
2015-10-20,23.86,23.985,23.765,23.90,10800,23.461
2015-10-19,23.005,23.56,23.00,23.54,4900,23.107
2015-10-16,22.75,23.265,22.75,23.12,16000,22.695
2015-10-15,22.30,23.095,22.30,23.00,19100,22.577
2015-10-14,23.02,23.02,22.60,22.60,11400,22.185
2015-10-13,23.145,23.15,23.00,23.00,20400,22.577
2015-10-12,23.25,23.27,23.015,23.145,6200,22.72
2015-10-09,22.97,23.39,22.97,23.25,14100,22.823
2015-10-08,22.50,22.97,22.50,22.955,13000,22.533
2015-10-07,23.01,23.43,22.595,22.595,12300,22.18
2015-10-06,22.84,23.36,22.835,23.265,72100,22.837
2015-10-05,23.665,24.12,23.615,24.12,7600,23.677
2015-10-02,23.605,23.90,23.45,23.565,3400,23.132
2015-10-01,24.07,24.71,23.705,23.98,10500,23.539
2015-09-30,22.005,23.925,22.005,23.925,38800,23.485
2015-09-29,23.005,23.005,22.215,22.80,9900,22.381
2015-09-28,23.80,23.81,23.01,23.30,7100,22.872
2015-09-25,23.835,24.50,23.15,23.79,47200,23.353
2015-09-24,24.00,24.00,23.005,23.935,36700,23.495
2015-09-23,22.55,24.00,22.55,23.85,8600,23.412
2015-09-22,22.60,22.875,21.98,22.875,9800,22.455
2015-09-21,22.405,23.05,22.405,22.70,5500,22.283
2015-09-18,23.005,23.785,21.52,22.605,233900,22.189
2015-09-17,22.20,23.27,22.17,23.09,11800,22.666
2015-09-16,22.88,22.88,22.14,22.50,13600,22.086
2015-09-15,22.78,22.945,22.33,22.465,14100,22.052
2015-09-14,22.65,23.00,22.65,22.855,10000,22.435
2015-09-11,22.80,23.035,22.46,22.665,9900,22.248
2015-09-10,24.00,24.00,22.87,23.05,16400,22.626
2015-09-09,24.00,24.00,23.55,23.95,10700,23.51
2015-09-08,23.85,24.045,23.50,23.50,15600,23.068
2015-09-07,23.68,23.99,22.96,23.99,11700,23.549
2015-09-04,23.515,24.375,23.265,23.65,21000,23.215
2015-09-03,23.19,23.505,22.61,23.44,14500,23.009
2015-09-02,22.65,22.65,21.505,22.56,19900,22.145
2015-09-01,22.30,22.525,21.645,22.16,15200,21.753
2015-08-31,22.085,22.545,22.085,22.545,7500,22.131
2015-08-28,22.10,23.255,22.10,22.255,8100,21.846
2015-08-27,20.955,22.825,20.955,22.755,13100,22.337
2015-08-26,21.50,21.745,20.945,21.09,16700,20.702
2015-08-25,22.09,22.29,21.505,21.505,19000,21.11
2015-08-24,20.60,21.825,20.385,21.47,41000,21.075
2015-08-21,23.50,23.655,21.295,22.50,69300,22.086
2015-08-20,23.65,23.65,23.345,23.60,15200,23.166
2015-08-19,24.15,24.15,23.605,23.635,13000,23.201
2015-08-18,23.60,24.04,23.60,24.04,6300,23.598
2015-08-17,23.99,24.20,23.385,23.71,18900,23.274
2015-08-14,23.60,24.35,23.60,24.35,13600,23.902
2015-08-13,24.61,24.745,23.57,23.80,25500,23.362
2015-08-12,25.43,25.43,24.705,24.88,7000,24.423
2015-08-11,25.70,25.70,25.01,25.23,15300,24.766
2015-08-10,25.55,25.70,25.22,25.70,9900,25.228
2015-08-07,25.10,25.89,24.505,25.89,27500,25.414
2015-08-06,23.75,25.55,23.75,25.09,24000,24.629
2015-08-05,24.40,24.40,23.455,24.10,68300,23.657
2015-08-04,25.50,25.50,24.815,25.015,5800,24.555
2015-08-03,25.20,25.77,25.005,25.50,11700,25.031
2015-07-31,24.70,25.60,24.675,25.18,21700,24.717
2015-07-30,25.00,25.11,24.25,24.70,12100,24.246
2015-07-29,24.90,25.24,24.75,25.07,4800,24.609
2015-07-28,24.50,25.105,24.50,25.105,9000,24.644
2015-07-27,24.375,25.24,24.20,24.77,13600,24.315
2015-07-24,25.41,25.865,23.865,24.79,17900,24.334
2015-07-23,25.10,25.42,24.705,25.42,27100,24.953
2015-07-22,26.36,26.36,23.73,24.95,57800,24.491
2015-07-21,26.20,26.245,25.675,26.00,23400,25.522
2015-07-20,25.73,26.00,25.52,26.00,10900,25.522
2015-07-17,26.20,26.20,25.53,25.85,12200,25.375
2015-07-16,26.10,26.275,25.475,26.00,17400,25.522
2015-07-15,26.00,26.10,25.80,25.945,13000,25.468
2015-07-14,25.50,26.00,25.42,26.00,10000,25.522
2015-07-13,25.50,25.80,25.35,25.35,10800,24.884
2015-07-10,25.00,25.525,25.00,25.525,9700,25.056
2015-07-09,24.70,25.35,24.465,24.95,19400,24.491
2015-07-08,24.60,25.125,24.60,24.95,11300,24.491
2015-07-07,24.75,24.90,24.50,24.80,17800,24.344
2015-07-06,25.00,25.395,24.635,24.98,15500,24.521
2015-07-03,25.00,25.275,24.35,25.275,15300,24.81
2015-07-02,25.00,25.61,24.80,25.20,24700,24.737
2015-07-01,24.50,25.455,24.50,25.045,35100,24.585
2015-06-30,24.50,24.65,24.40,24.50,41000,24.05
2015-06-29,24.31,24.63,24.25,24.50,30400,24.05
2015-06-26,24.48,25.13,24.31,25.13,15800,24.668
2015-06-25,24.70,24.70,24.25,24.35,7200,23.902
2015-06-24,24.44,24.87,24.44,24.70,16900,24.246
2015-06-23,25.00,25.00,24.045,24.25,11600,23.804
2015-06-22,24.31,25.47,24.31,24.59,22500,24.138
2015-06-19,24.18,24.565,23.65,24.50,21700,24.05
2015-06-18,22.81,23.915,22.755,23.875,14000,23.436
2015-06-17,23.655,24.06,23.305,23.435,16300,23.004
2015-06-16,23.415,24.00,23.20,23.75,18300,23.313
2015-06-15,23.40,23.80,23.13,23.64,30400,23.205
2015-06-12,24.705,24.775,23.85,24.00,8800,23.559
2015-06-11,25.36,25.745,24.85,25.10,9600,24.639
2015-06-10,24.05,25.605,24.05,25.40,17100,24.933
2015-06-09,24.48,24.525,23.665,24.495,22200,24.045
2015-06-08,25.00,25.225,24.55,24.55,13400,24.099
2015-06-05,26.01,26.01,24.755,25.25,21300,24.786
2015-06-04,25.73,26.20,25.54,25.54,24300,25.071
2015-06-03,26.10,26.145,25.845,26.00,6700,25.522
2015-06-02,26.68,26.68,25.805,26.22,23000,25.738
2015-06-01,25.50,26.345,25.50,26.345,41900,25.861
2015-05-29,25.58,26.00,25.425,25.60,62300,25.129
2015-05-28,25.215,25.53,25.215,25.35,23100,24.884
2015-05-27,24.00,25.00,24.00,24.81,20500,24.354
2015-05-26,25.395,25.395,23.90,24.00,15300,23.559
2015-05-25,25.04,25.04,25.04,25.04,000,24.58
2015-05-22,24.805,25.085,24.805,25.04,8000,24.58
2015-05-21,25.00,25.18,24.61,25.18,14200,24.717
2015-05-20,25.65,25.65,25.16,25.20,9800,24.737
2015-05-19,24.90,25.715,24.875,25.375,82200,24.909
2015-05-18,24.90,24.90,24.70,24.90,5900,24.442
2015-05-15,24.50,24.90,24.50,24.73,22700,24.275
2015-05-14,24.55,24.71,24.495,24.60,4200,24.148
2015-05-13,24.41,24.825,24.41,24.75,14600,24.295
2015-05-12,24.61,24.79,24.19,24.41,21200,23.961
2015-05-11,24.90,24.90,24.435,24.555,33800,24.104
2015-05-08,24.30,24.30,24.065,24.30,14800,23.853
2015-05-07,24.10,24.41,23.50,24.335,17700,23.888
2015-05-06,24.45,24.535,23.84,24.225,27600,23.78
2015-05-05,24.60,24.60,24.05,24.285,26400,23.839
2015-05-04,24.75,24.75,24.20,24.20,18600,23.755
2015-05-01,24.51,24.51,24.51,24.51,000,24.059
2015-04-30,23.90,24.75,23.495,24.51,52700,24.059
2015-04-29,24.43,24.43,22.84,24.25,57700,23.804
2015-04-28,24.265,24.41,24.15,24.23,19500,23.785
2015-04-27,23.43,24.195,23.43,24.195,29600,23.75
2015-04-24,23.56,23.64,23.30,23.615,9800,23.181
2015-04-23,23.43,23.625,23.16,23.60,12500,23.166
2015-04-22,23.86,24.05,23.14,23.80,23700,23.362
2015-04-21,23.80,24.015,23.71,23.86,14800,23.421
2015-04-20,23.60,23.75,23.50,23.60,24100,23.166
2015-04-17,23.955,23.955,23.355,23.70,20500,23.264
2015-04-16,23.60,24.00,23.60,23.94,30700,23.50
2015-04-15,23.78,24.21,23.70,23.70,13200,23.264
2015-04-14,24.20,24.20,23.925,24.00,14400,23.559
2015-04-13,24.00,24.49,23.87,24.25,29200,23.804
2015-04-10,24.10,24.10,23.945,24.00,10200,23.559
2015-04-09,24.065,24.39,23.985,24.02,21900,23.578
2015-04-08,23.81,24.10,23.68,24.04,24800,23.598
2015-04-07,24.00,24.00,23.57,23.75,18600,23.313
2015-04-06,23.90,23.90,23.90,23.90,000,23.461
2015-04-03,23.90,23.90,23.90,23.90,000,23.461
2015-04-02,24.33,24.33,23.63,23.90,20000,23.461
2015-04-01,23.79,24.00,23.63,23.85,34300,23.412
2015-03-31,24.20,24.20,23.75,23.75,40600,23.313
2015-03-30,23.09,24.10,23.09,24.10,51900,23.657
2015-03-27,22.63,23.17,22.535,23.065,22300,22.641
2015-03-26,22.60,22.755,22.40,22.60,27400,22.185
2015-03-25,23.25,23.26,22.455,23.00,27300,22.577
2015-03-24,22.68,22.78,21.97,22.74,39800,22.322
2015-03-23,23.20,23.22,22.225,22.65,40800,22.234
2015-03-20,23.00,23.15,22.83,22.90,70400,22.479
2015-03-19,23.00,23.29,22.745,22.955,27900,22.533
2015-03-18,22.52,22.90,22.315,22.64,21200,22.224
2015-03-17,22.70,22.90,22.55,22.55,30600,22.135
2015-03-16,23.10,23.10,22.01,22.80,45600,22.381
2015-03-13,23.15,23.32,22.86,23.00,56100,22.577
2015-03-12,23.18,23.49,23.095,23.15,23800,22.724
2015-03-11,22.50,23.03,22.47,23.00,26000,22.577
2015-03-10,22.28,22.55,22.005,22.50,35000,22.086
2015-03-09,22.64,22.64,21.90,22.10,50300,21.694
2015-03-06,22.50,22.96,22.375,22.485,40400,22.072
2015-03-05,21.50,22.45,21.50,22.43,44100,22.018
2015-03-04,21.25,21.605,21.115,21.605,80500,21.208
2015-03-03,21.40,21.40,20.605,21.12,92400,20.732
2015-03-02,20.25,20.58,20.10,20.39,7900,20.015
2015-02-27,20.375,20.515,20.32,20.50,13000,20.123
2015-02-26,20.56,20.71,20.255,20.50,16800,20.123
2015-02-25,20.445,20.47,20.22,20.47,22800,20.094
2015-02-24,20.085,20.43,20.085,20.25,16800,19.878
2015-02-23,20.675,20.68,19.905,20.18,15800,19.809
2015-02-20,20.325,20.65,20.19,20.565,15900,20.187
2015-02-19,20.48,20.61,19.70,20.345,57100,19.971
2015-02-18,20.16,20.40,20.015,20.40,34600,20.025
2015-02-17,19.95,20.245,19.885,20.135,26700,19.765
2015-02-16,19.80,20.38,19.725,20.00,37200,19.632
2015-02-13,19.75,20.05,19.69,19.85,46800,19.485
2015-02-12,19.425,19.95,19.25,19.70,50100,19.338
2015-02-11,19.75,19.865,19.55,19.55,17400,19.191
2015-02-10,19.95,19.95,19.45,19.625,34000,19.264
2015-02-09,19.75,19.95,19.53,19.95,30000,19.583
2015-02-06,19.85,20.05,19.83,19.85,70500,19.485
2015-02-05,19.15,19.87,18.995,19.75,76100,19.387
2015-02-04,19.00,19.30,18.83,19.20,30600,18.847
2015-02-03,18.40,19.15,18.37,19.02,97300,18.67
2015-02-02,18.26,18.425,18.14,18.425,39600,18.086
2015-01-30,18.05,18.105,17.95,18.105,25800,17.772
2015-01-29,17.70,18.13,17.67,18.08,19500,17.748
2015-01-28,17.85,17.855,17.625,17.825,62100,17.497
2015-01-27,17.77,18.10,17.555,18.00,131000,17.669
2015-01-26,17.70,17.72,17.40,17.70,48700,17.375
2015-01-23,17.35,17.935,17.25,17.60,77600,17.276
2015-01-22,17.21,17.35,16.865,17.18,38400,16.864
2015-01-21,16.84,17.17,16.75,17.085,50000,16.771
2015-01-20,16.295,16.845,16.125,16.755,55100,16.447
2015-01-19,16.135,16.27,15.995,16.125,26200,15.829
2015-01-16,16.375,16.375,15.67,15.95,24400,15.657
2015-01-15,16.38,16.38,16.07,16.20,44100,15.902
2015-01-14,16.33,16.35,16.15,16.21,4700,15.912
2015-01-13,15.95,16.32,15.75,16.30,24300,16.00
2015-01-12,15.915,15.98,15.765,15.90,49200,15.608
2015-01-09,16.15,16.15,15.70,15.845,20600,15.554
2015-01-08,16.45,16.45,16.06,16.15,42400,15.853
2015-01-07,16.20,16.495,16.20,16.415,14100,16.113
2015-01-06,16.40,16.455,16.115,16.115,27300,15.819
2015-01-05,16.15,16.495,16.00,16.37,48200,16.069
2015-01-02,16.00,16.115,15.755,16.06,28300,15.765
2015-01-01,16.015,16.015,16.015,16.015,000,15.721
2014-12-31,16.015,16.015,16.015,16.015,000,15.721
2014-12-30,15.80,16.015,15.80,16.015,11600,15.721
2014-12-29,15.60,15.80,15.50,15.80,15800,15.51
2014-12-26,15.70,15.70,15.70,15.70,000,15.411
2014-12-25,15.70,15.70,15.70,15.70,000,15.411
2014-12-24,15.70,15.70,15.70,15.70,000,15.411
2014-12-23,15.85,15.85,15.60,15.70,32500,15.411
2014-12-22,15.75,15.905,15.55,15.70,75400,15.411
2014-12-19,15.50,15.805,15.425,15.755,50600,15.465
2014-12-18,15.38,15.60,15.305,15.60,26600,15.313
2014-12-17,15.00,15.27,14.945,15.25,27300,14.97
2014-12-16,15.00,15.12,14.835,15.065,31300,14.788
2014-12-15,14.75,15.04,14.75,15.00,35200,14.724
2014-12-12,15.28,15.28,14.585,14.835,49700,14.562
2014-12-11,15.39,15.54,15.10,15.10,48800,14.822
2014-12-10,15.60,15.735,15.065,15.415,19800,15.132
2014-12-09,16.15,16.15,15.605,15.605,12300,15.318
2014-12-08,16.36,16.36,16.20,16.25,9300,15.951
2014-12-05,16.19,16.30,15.995,16.22,49200,15.922
