Date,Open,High,Low,Close,Volume,Adj Close
2016-10-27,90.00,90.00,84.52,85.44,45600,85.44
2016-10-26,90.32,90.32,88.67,89.40,14700,89.40
2016-10-25,88.00,90.81,88.00,90.55,57500,90.55
2016-10-24,88.96,89.33,87.80,87.80,19700,87.80
2016-10-21,89.15,89.15,88.48,88.82,13700,88.82
2016-10-20,89.10,89.10,88.43,89.07,18500,89.07
2016-10-19,89.30,89.30,88.66,89.01,24900,89.01
2016-10-18,88.30,89.41,88.24,89.20,23800,89.20
2016-10-17,88.05,88.56,87.45,88.46,19700,88.46
2016-10-14,87.00,89.30,86.98,89.03,28700,89.03
2016-10-13,86.20,86.94,86.00,86.78,19500,86.78
2016-10-12,86.86,87.20,86.19,86.80,24500,86.80
2016-10-11,87.16,87.16,86.02,86.60,22500,86.60
2016-10-10,86.18,87.32,85.68,87.03,37600,87.03
2016-10-07,85.76,86.30,84.92,84.92,25400,84.92
2016-10-06,84.27,85.85,83.80,85.71,40500,85.71
2016-10-05,83.86,84.20,83.17,84.04,30200,84.04
2016-10-04,80.00,84.31,79.66,84.31,29200,84.31
2016-10-03,80.00,80.00,80.00,80.00,000,80.00
2016-09-30,80.92,81.66,77.18,80.00,58600,80.00
2016-09-29,84.15,84.26,83.48,84.26,23200,84.26
2016-09-28,82.50,84.15,82.49,84.14,13500,84.14
2016-09-27,82.50,83.00,81.56,82.14,24300,82.14
2016-09-26,82.77,83.40,81.81,82.60,18700,82.60
2016-09-23,83.70,83.70,82.39,82.72,26500,82.72
2016-09-22,81.88,83.74,81.19,83.74,27300,83.74
2016-09-21,80.83,81.84,79.68,81.50,23600,81.50
2016-09-20,79.74,80.28,79.04,80.27,17200,80.27
2016-09-19,78.50,79.95,78.50,79.95,23800,79.95
2016-09-16,78.61,78.77,77.61,78.57,17800,78.57
2016-09-15,78.00,79.46,78.00,78.68,16600,78.68
2016-09-14,76.86,78.45,76.72,78.15,24400,78.15
2016-09-13,77.30,77.49,76.07,76.35,23400,76.35
2016-09-12,76.96,77.54,75.60,76.82,26900,76.82
2016-09-09,79.38,79.38,76.20,76.49,21000,76.49
2016-09-08,79.70,80.07,78.94,79.37,18200,79.37
2016-09-07,76.16,79.66,75.88,79.50,33100,79.50
2016-09-06,75.00,75.65,73.81,75.50,66800,75.50
2016-09-05,75.49,75.49,74.47,74.66,14800,74.66
2016-09-02,74.94,75.20,74.50,74.93,12500,74.93
2016-09-01,74.70,74.90,74.20,74.55,16900,74.55
2016-08-31,75.37,76.19,74.27,74.45,21000,74.45
2016-08-30,74.77,76.46,74.77,75.34,10300,75.34
2016-08-29,75.49,75.49,74.48,75.30,7900,75.30
2016-08-26,75.79,75.79,74.85,75.14,8900,75.14
2016-08-25,75.22,75.75,75.00,75.65,8600,75.65
2016-08-24,75.12,75.80,75.05,75.45,15700,75.45
2016-08-23,76.10,76.43,74.96,75.50,18800,75.50
2016-08-22,74.46,76.25,74.30,76.10,12200,76.10
2016-08-19,76.09,76.09,74.10,74.55,11600,74.55
2016-08-18,73.04,76.19,73.04,75.99,19300,75.99
2016-08-17,76.13,76.13,72.46,72.70,18800,72.70
2016-08-16,75.37,76.23,74.19,76.13,27600,76.13
2016-08-15,74.75,77.19,74.13,76.09,34100,76.09
2016-08-12,73.50,74.70,73.17,74.60,15800,74.60
2016-08-11,72.80,73.50,72.21,73.48,14500,73.48
2016-08-10,72.60,72.75,72.06,72.40,12400,72.40
2016-08-09,71.63,72.60,71.50,72.60,16900,72.60
2016-08-08,71.20,72.00,70.74,71.40,9800,71.40
2016-08-05,70.36,71.59,70.36,71.30,18300,71.30
2016-08-04,70.99,70.99,70.00,70.00,9000,70.00
2016-08-03,70.12,71.09,70.12,70.73,11400,70.73
2016-08-02,71.94,71.94,70.12,70.60,14900,70.60
2016-08-01,71.30,71.79,70.16,71.35,20600,71.35
2016-07-29,69.50,70.75,69.30,70.71,11800,70.71
2016-07-28,70.99,70.99,68.29,69.40,12100,69.40
2016-07-27,71.40,71.65,70.11,70.80,15400,70.80
2016-07-26,69.90,71.64,69.64,71.40,33600,71.40
2016-07-25,68.20,70.04,68.20,69.70,29600,69.70
2016-07-22,69.00,69.00,68.01,68.20,15000,68.20
2016-07-21,68.98,69.00,68.01,68.80,19400,68.80
2016-07-20,67.76,69.00,67.31,68.90,31000,68.90
2016-07-19,67.00,67.58,65.84,67.53,60800,67.53
2016-07-18,66.40,66.97,65.91,66.69,32600,66.69
2016-07-15,66.93,66.93,65.61,66.20,12200,66.20
2016-07-14,66.10,67.41,65.97,66.70,19300,66.70
2016-07-13,66.28,66.28,65.51,65.60,12600,65.60
2016-07-12,66.57,66.57,65.74,65.98,18700,65.98
2016-07-11,66.48,67.00,66.07,66.30,11600,66.30
2016-07-08,64.13,66.45,64.13,65.71,12600,65.71
2016-07-07,64.29,65.14,63.94,64.64,14300,64.64
2016-07-06,63.85,64.86,63.60,63.74,18800,63.74
2016-07-05,64.69,65.00,63.59,63.92,16900,63.92
2016-07-04,65.43,66.25,64.50,64.50,11300,64.50
2016-07-01,65.34,65.91,64.91,65.76,18200,65.76
2016-06-30,63.50,65.72,63.25,65.61,25500,65.61
2016-06-29,62.53,63.37,62.41,63.14,18800,63.14
2016-06-28,62.00,62.44,61.81,62.01,18800,62.01
2016-06-27,62.00,62.63,61.05,61.05,14400,61.05
2016-06-24,60.50,63.67,57.05,62.52,33100,62.52
2016-06-23,64.90,65.40,64.70,65.28,20800,65.28
2016-06-22,64.18,65.00,64.13,64.90,32600,64.90
2016-06-21,64.67,65.00,64.21,64.59,11300,64.59
2016-06-20,64.00,64.80,63.80,64.57,28500,64.57
2016-06-17,61.00,63.60,61.00,63.36,26200,63.36
2016-06-16,59.36,60.98,59.26,60.59,26200,60.59
2016-06-15,59.54,60.90,59.45,60.19,19600,60.19
2016-06-14,60.00,60.32,59.83,59.97,13900,59.97
2016-06-13,61.48,61.99,60.50,60.50,15400,60.50
2016-06-10,61.90,62.71,61.65,62.02,21000,62.02
2016-06-09,61.28,62.91,61.28,62.26,26600,62.26
2016-06-08,61.58,61.65,61.36,61.55,32400,61.55
2016-06-07,60.03,61.60,60.03,61.48,24100,61.48
2016-06-06,60.60,60.99,60.41,60.80,11900,60.80
2016-06-03,61.00,61.00,60.25,60.32,14300,60.32
2016-06-02,60.02,61.19,59.80,60.50,32800,60.50
2016-06-01,60.86,61.22,60.00,61.22,39100,59.62
2016-05-31,60.28,61.00,60.19,60.33,16500,58.753
2016-05-30,61.04,61.10,59.20,60.57,13200,58.987
2016-05-27,60.44,60.93,59.91,60.93,17400,59.338
2016-05-26,60.40,60.93,60.06,60.43,10700,58.851
2016-05-25,61.00,61.00,60.53,60.75,12500,59.162
2016-05-24,60.49,60.90,60.24,60.75,15100,59.162
2016-05-23,60.22,60.69,59.74,60.50,14400,58.919
2016-05-20,59.60,60.90,59.54,60.00,25800,58.432
2016-05-19,58.99,59.50,57.70,59.50,26100,57.945
2016-05-18,56.52,58.95,56.39,58.89,40500,57.351
2016-05-17,56.17,56.67,55.34,55.48,8700,54.03
2016-05-16,56.57,56.57,56.57,56.57,000,55.092
2016-05-13,56.26,56.59,56.14,56.57,5800,55.092
2016-05-12,56.55,56.92,56.28,56.60,7900,55.121
2016-05-11,54.84,56.50,54.80,56.50,13600,55.023
2016-05-10,54.00,54.83,53.91,54.75,16500,53.319
2016-05-09,54.30,54.30,53.85,54.02,10600,52.608
2016-05-06,54.14,54.32,53.88,53.88,9300,52.472
2016-05-05,54.08,54.63,54.08,54.30,8600,52.881
2016-05-04,54.25,54.58,53.87,54.07,15000,52.657
2016-05-03,54.96,55.38,54.50,54.71,7900,53.28
2016-05-02,55.78,55.81,54.25,55.04,16700,53.602
2016-04-29,57.10,57.10,55.04,55.04,23100,53.602
2016-04-28,57.15,57.64,56.52,57.60,6800,56.095
2016-04-27,56.50,57.84,56.16,57.60,11000,56.095
2016-04-26,56.49,56.70,56.12,56.20,8000,54.731
2016-04-25,57.18,57.18,56.00,56.00,10500,54.536
2016-04-22,57.00,57.07,56.44,56.80,13600,55.316
2016-04-21,57.00,57.55,56.64,56.78,19800,55.296
2016-04-20,58.60,58.84,56.67,57.05,32400,55.559
2016-04-19,59.60,59.60,58.20,58.20,14900,56.679
2016-04-18,59.80,59.80,58.98,59.20,11500,57.653
2016-04-15,59.70,59.70,59.08,59.39,10100,57.838
2016-04-14,59.78,59.84,59.48,59.56,5100,58.003
2016-04-13,59.79,59.80,59.05,59.75,10400,58.188
2016-04-12,59.44,59.73,58.56,59.40,14800,57.848
2016-04-11,58.60,59.64,58.60,59.40,13300,57.848
2016-04-08,58.60,58.90,58.37,58.80,19100,57.263
2016-04-07,58.53,58.80,58.13,58.64,12800,57.107
2016-04-06,57.98,58.85,57.98,58.48,26900,56.952
2016-04-05,57.68,58.53,56.54,58.47,23700,56.942
2016-04-04,57.59,57.87,57.17,57.38,18000,55.88
2016-04-01,57.75,58.07,56.85,57.85,18700,56.338
2016-03-31,56.56,57.80,56.21,57.80,13700,56.289
2016-03-30,55.70,57.03,55.70,56.60,34300,55.121
2016-03-29,56.10,56.50,54.98,55.50,22600,54.049
2016-03-28,56.41,56.41,56.41,56.41,000,54.936
2016-03-25,56.41,56.41,56.41,56.41,000,54.936
2016-03-24,54.90,56.87,54.80,56.41,22300,54.936
2016-03-23,54.80,54.90,54.15,54.90,12600,53.465
2016-03-22,54.30,55.49,53.56,54.59,18400,53.163
2016-03-21,54.40,54.74,54.11,54.20,4100,52.783
2016-03-18,54.00,54.84,54.00,54.50,8400,53.076
2016-03-17,54.18,54.65,53.31,54.32,5200,52.90
2016-03-16,53.60,54.09,53.60,53.95,5700,52.54
2016-03-15,53.90,54.20,53.83,54.04,4900,52.628
2016-03-14,54.11,54.59,54.04,54.29,14300,52.871
2016-03-11,53.20,54.26,53.08,54.00,11100,52.589
2016-03-10,53.30,54.21,52.50,52.77,9200,51.391
2016-03-09,52.95,53.75,52.79,53.36,8600,51.965
2016-03-08,53.02,53.24,51.79,52.77,14100,51.391
2016-03-07,54.50,54.50,53.20,53.40,7000,52.004
2016-03-04,52.52,54.80,52.52,54.50,11900,53.076
2016-03-03,53.07,53.55,52.19,52.91,11300,51.527
2016-03-02,53.89,54.40,52.28,52.65,13900,51.274
2016-03-01,51.94,53.76,51.88,53.76,7100,52.355
2016-02-29,50.35,51.90,49.945,51.88,23000,50.524
2016-02-26,49.91,50.20,49.475,50.17,22600,48.859
2016-02-25,50.01,50.30,49.405,49.515,13200,48.221
2016-02-24,50.42,50.42,49.645,50.10,17200,48.791
2016-02-23,50.20,50.21,49.655,50.00,20100,48.693
2016-02-22,49.00,49.70,48.78,49.60,26100,48.304
2016-02-19,50.29,50.29,48.70,48.70,4600,47.427
2016-02-18,50.29,50.30,49.75,49.75,6700,48.45
2016-02-17,49.205,50.16,49.105,49.855,5800,48.552
2016-02-16,50.13,50.23,48.655,48.93,8200,47.651
2016-02-15,49.07,50.09,49.07,49.55,18200,48.255
2016-02-12,47.10,48.75,47.10,48.515,9900,47.247
2016-02-11,47.565,48.15,46.86,47.395,16300,46.156
2016-02-10,47.34,49.245,46.82,47.985,12000,46.731
2016-02-09,47.41,47.825,46.80,47.11,20800,45.879
2016-02-08,49.345,49.44,47.425,47.425,8800,46.186
2016-02-05,49.00,49.86,48.965,49.325,5500,48.036
2016-02-04,49.00,49.24,48.695,48.93,4500,47.651
2016-02-03,48.815,49.095,48.57,48.725,6900,47.452
2016-02-02,49.01,49.235,48.63,48.90,3100,47.622
2016-02-01,49.22,49.31,48.725,49.31,8100,48.021
2016-01-29,49.00,49.205,48.23,48.875,9700,47.598
2016-01-28,48.10,49.795,47.405,48.495,16200,47.228
2016-01-27,48.20,48.20,47.10,47.70,14200,46.453
2016-01-26,48.12,48.425,47.82,47.82,6000,46.57
2016-01-25,49.03,49.875,48.375,48.51,5800,47.242
2016-01-22,48.29,50.27,47.995,49.65,7900,48.352
2016-01-21,47.81,48.445,47.485,47.615,12000,46.371
2016-01-20,49.19,49.19,47.795,47.80,6500,46.551
2016-01-19,47.15,49.645,46.805,49.355,12700,48.065
2016-01-18,48.00,48.00,46.80,47.205,9700,45.971
2016-01-15,49.065,49.31,45.99,47.80,13800,46.551
2016-01-14,49.20,49.60,49.01,49.31,6600,48.021
2016-01-13,49.80,50.20,49.105,49.60,6800,48.304
2016-01-12,49.52,49.98,48.945,49.845,3400,48.542
2016-01-11,50.08,50.70,48.525,49.11,14200,47.826
2016-01-08,50.03,52.83,50.03,50.68,9200,49.355
2016-01-07,51.52,52.03,49.05,50.38,32400,49.063
2016-01-06,52.64,53.20,51.81,53.18,10900,51.79
2016-01-05,53.70,53.84,51.89,52.93,7700,51.547
2016-01-04,53.92,54.37,53.27,53.62,9100,52.219
2016-01-01,54.61,54.61,54.61,54.61,000,53.183
2015-12-31,54.61,54.61,54.61,54.61,000,53.183
2015-12-30,55.09,55.12,54.29,54.61,5500,53.183
2015-12-29,54.25,55.72,54.00,54.97,10600,53.533
2015-12-28,54.00,54.00,53.27,53.97,3300,52.559
2015-12-25,53.46,53.46,53.46,53.46,000,52.063
2015-12-24,53.46,53.46,53.46,53.46,000,52.063
2015-12-23,54.40,54.40,53.28,53.46,11300,52.063
2015-12-22,54.65,54.65,54.06,54.15,5700,52.735
2015-12-21,54.40,55.05,54.40,54.60,3800,53.173
2015-12-18,54.58,55.21,54.31,55.02,4400,53.582
2015-12-17,55.03,55.95,54.55,55.04,7200,53.602
2015-12-16,54.50,55.79,54.03,55.48,9000,54.03
2015-12-15,53.28,54.50,53.28,54.50,6300,53.076
2015-12-14,54.50,54.64,53.33,53.74,9600,52.335
2015-12-11,54.50,54.50,53.11,53.94,9500,52.53
2015-12-10,56.30,56.30,53.51,53.73,13200,52.326
2015-12-09,54.97,56.75,54.25,56.39,11800,54.916
2015-12-08,56.54,56.54,54.36,54.91,12700,53.475
2015-12-07,56.49,56.61,55.73,56.06,22900,54.595
2015-12-04,53.81,56.30,53.75,56.30,17800,54.829
2015-12-03,55.70,55.70,53.64,53.97,13200,52.559
2015-12-02,54.52,55.79,54.52,55.27,17300,53.826
2015-12-01,53.99,54.97,53.50,54.97,23400,53.533
2015-11-30,53.94,54.16,53.56,53.56,8500,52.16
2015-11-27,53.20,54.44,52.88,53.41,17400,52.014
2015-11-26,53.82,54.09,53.12,53.12,6800,51.732
2015-11-25,52.76,54.20,52.74,53.80,13500,52.394
2015-11-24,55.20,55.20,51.75,52.22,16300,50.855
2015-11-23,55.00,55.70,54.23,54.51,16700,53.085
2015-11-20,54.87,54.89,53.90,54.87,17800,53.436
2015-11-19,53.90,54.89,53.90,54.63,13900,53.202
2015-11-18,54.50,54.84,53.98,54.24,8400,52.822
2015-11-17,53.80,54.62,53.75,54.30,11700,52.881
2015-11-16,54.45,54.45,53.25,53.60,10400,52.199
2015-11-13,54.50,54.98,53.87,54.45,11100,53.027
2015-11-12,55.61,56.11,53.93,54.29,6700,52.871
2015-11-11,56.07,56.53,54.80,55.43,12400,53.981
2015-11-10,56.73,56.80,54.58,55.21,15800,53.767
2015-11-09,56.50,57.36,56.27,57.36,9600,55.861
2015-11-06,55.50,57.06,55.50,56.90,8300,55.413
2015-11-05,55.26,55.97,55.10,55.82,11200,54.361
2015-11-04,55.00,55.90,55.00,55.57,5300,54.118
2015-11-03,57.00,57.05,54.95,54.95,11500,53.514
2015-11-02,55.09,57.18,54.81,56.52,16500,55.043
2015-10-30,54.71,54.98,54.30,54.64,3400,53.212
2015-10-29,54.59,55.00,54.27,54.51,6700,53.085
2015-10-28,54.39,54.78,54.27,54.65,3900,53.222
2015-10-27,53.95,54.55,53.75,54.27,14300,52.852
2015-10-26,54.00,54.23,53.77,54.00,5800,52.589
2015-10-23,53.30,53.90,53.13,53.79,6700,52.384
2015-10-22,53.85,53.85,53.05,53.35,3400,51.956
2015-10-21,53.14,53.83,52.91,53.40,5500,52.004
2015-10-20,54.00,54.00,52.84,52.84,4200,51.459
2015-10-19,51.66,53.99,51.66,53.50,17700,52.102
2015-10-16,52.39,52.65,51.60,51.74,9400,50.388
2015-10-15,51.12,52.75,50.49,52.49,15200,51.118
2015-10-14,50.54,51.43,49.995,51.20,16000,49.862
2015-10-13,54.00,54.00,50.72,51.03,21100,49.696
2015-10-12,54.43,54.43,53.61,53.99,4600,52.579
2015-10-09,54.37,54.37,53.43,53.60,6000,52.199
2015-10-08,53.83,54.12,53.24,53.52,13200,52.121
2015-10-07,52.81,55.65,52.29,54.05,29000,52.637
2015-10-06,50.40,52.15,50.00,52.15,13900,50.787
2015-10-05,50.40,50.40,49.83,49.965,19300,48.659
2015-10-02,50.20,50.25,48.975,49.91,12200,48.606
2015-10-01,50.40,50.40,49.84,50.11,14100,48.80
2015-09-30,48.90,49.755,48.765,49.755,18300,48.455
2015-09-29,47.20,50.58,47.10,48.85,29900,47.573
2015-09-28,47.45,47.60,47.305,47.32,17800,46.083
2015-09-25,46.905,47.30,46.305,47.30,14500,46.064
2015-09-24,46.00,46.89,46.00,46.575,10200,45.358
2015-09-23,46.30,46.32,45.28,46.29,10000,45.08
2015-09-22,46.29,46.29,45.295,45.905,10000,44.705
2015-09-21,44.80,46.215,44.80,46.215,7200,45.007
2015-09-18,45.45,45.97,44.825,45.27,7800,44.087
2015-09-17,45.33,46.165,45.14,45.78,9800,44.584
2015-09-16,45.275,45.75,45.215,45.315,10600,44.131
2015-09-15,45.92,45.92,44.215,44.90,19500,43.727
2015-09-14,46.50,46.725,45.27,45.59,4600,44.398
2015-09-11,46.95,47.145,46.72,46.81,4100,45.587
2015-09-10,47.36,47.36,46.72,46.96,6200,45.733
2015-09-09,47.695,48.29,46.925,46.925,16300,45.699
2015-09-08,46.18,47.685,46.115,47.685,10200,46.439
2015-09-07,46.20,46.285,44.80,45.85,12700,44.652
2015-09-04,47.375,47.39,45.055,45.54,11000,44.35
2015-09-03,45.53,47.73,45.43,47.73,27600,46.483
2015-09-02,45.955,46.175,44.825,45.50,19800,44.311
2015-09-01,48.00,48.00,45.62,45.62,9200,44.428
2015-08-31,47.30,47.30,46.71,46.965,10400,45.738
2015-08-28,46.85,47.245,46.505,46.85,6400,45.626
2015-08-27,46.99,47.105,46.515,46.515,11200,45.299
2015-08-26,46.69,46.69,45.845,46.20,10300,44.993
2015-08-25,44.50,46.575,44.085,46.40,34900,45.187
2015-08-24,46.435,46.435,43.40,44.34,33600,43.181
2015-08-21,48.84,48.84,47.465,47.465,7900,46.224
2015-08-20,49.405,49.405,48.615,48.77,13600,47.495
2015-08-19,49.74,49.74,48.895,49.155,17200,47.87
2015-08-18,49.82,49.865,49.22,49.39,4200,48.099
2015-08-17,49.995,50.00,48.85,49.625,12700,48.328
2015-08-14,49.60,50.10,49.16,49.40,7500,48.109
2015-08-13,48.485,50.25,48.175,49.49,15700,48.197
2015-08-12,49.79,49.79,47.42,47.75,34000,46.502
2015-08-11,50.20,51.00,49.55,49.81,13400,48.508
2015-08-10,49.865,50.29,49.00,50.16,18100,48.849
2015-08-07,51.35,51.35,48.50,49.50,35600,48.206
2015-08-06,53.37,53.37,51.00,51.02,12000,49.687
2015-08-05,53.77,53.93,52.82,53.14,9600,51.751
2015-08-04,53.71,54.20,53.71,53.86,5700,52.452
2015-08-03,53.41,54.44,53.07,54.07,15100,52.657
2015-07-31,52.90,53.14,52.81,52.96,5300,51.576
2015-07-30,52.87,52.94,52.32,52.52,6200,51.147
2015-07-29,53.01,53.41,52.86,52.86,7500,51.478
2015-07-28,52.35,53.64,52.19,53.64,7600,52.238
2015-07-27,52.61,52.61,52.00,52.00,10000,50.641
2015-07-24,53.11,53.39,52.40,52.73,6400,51.352
2015-07-23,52.62,53.26,52.62,53.20,8700,51.81
2015-07-22,52.86,53.07,52.64,53.07,6300,51.683
2015-07-21,54.91,54.91,53.34,53.34,7500,51.946
2015-07-20,55.00,55.00,54.31,54.91,4400,53.475
2015-07-17,55.00,55.00,54.60,55.00,3400,53.563
2015-07-16,53.59,56.03,53.59,55.00,24300,53.563
2015-07-15,54.88,54.88,53.32,53.75,10800,52.345
2015-07-14,53.40,55.08,52.66,54.41,13800,52.988
2015-07-13,52.49,53.42,52.48,53.40,5200,52.004
2015-07-10,51.93,52.85,51.56,52.83,8800,51.449
2015-07-09,51.09,51.71,51.00,51.71,5600,50.359
2015-07-08,50.34,51.45,50.05,51.35,16000,50.008
2015-07-07,50.85,50.96,50.20,50.40,7900,49.083
2015-07-06,51.19,51.19,50.30,50.63,15200,49.307
2015-07-03,50.27,50.89,50.27,50.89,5200,49.56
2015-07-02,51.61,51.88,50.10,50.64,8600,49.317
2015-07-01,50.80,52.46,50.28,51.98,12000,50.621
2015-06-30,50.75,50.78,50.00,50.23,9500,48.917
2015-06-29,50.70,51.46,50.18,50.64,16500,49.317
2015-06-26,51.65,52.80,51.13,52.36,18100,50.992
2015-06-25,51.02,51.28,50.37,50.88,9500,49.55
2015-06-24,52.46,52.46,50.10,50.85,10700,49.521
2015-06-23,51.16,52.90,51.16,51.92,16900,50.563
2015-06-22,51.10,51.50,50.64,51.15,12200,49.813
2015-06-19,50.60,50.88,50.26,50.26,31600,48.946
2015-06-18,50.16,50.60,49.67,50.60,13700,49.278
2015-06-17,50.90,51.27,50.11,50.16,11800,48.849
2015-06-16,52.10,52.10,50.05,50.63,11500,49.307
2015-06-15,52.61,52.66,51.18,51.18,17400,49.842
2015-06-12,53.01,53.61,52.50,52.50,31400,51.128
2015-06-11,51.33,54.02,51.25,53.50,24900,52.102
2015-06-10,50.37,51.40,49.96,51.19,12600,49.852
2015-06-09,50.88,51.38,49.53,49.67,15800,48.372
2015-06-08,53.07,53.07,50.63,50.99,23200,49.657
2015-06-05,54.82,54.93,52.03,52.62,14400,51.245
2015-06-04,54.29,55.60,54.24,55.02,8800,53.582
2015-06-03,56.70,56.70,55.82,55.89,4700,52.92
2015-06-02,56.96,56.97,56.29,56.29,8100,53.299
2015-06-01,55.65,56.89,55.30,56.89,18000,53.867
2015-05-29,56.25,56.25,54.73,55.05,26600,52.124
2015-05-28,56.20,56.37,55.84,56.01,4800,53.033
2015-05-27,55.55,56.00,55.55,56.00,8500,53.024
2015-05-26,56.52,57.20,55.60,55.60,14900,52.645
2015-05-25,56.56,56.56,56.56,56.56,000,53.554
2015-05-22,56.34,57.18,55.50,56.56,19000,53.554
2015-05-21,57.00,57.10,56.55,57.10,12800,54.066
2015-05-20,58.48,58.48,57.24,57.56,8600,54.501
2015-05-19,58.64,58.97,57.95,58.47,3600,55.363
2015-05-18,58.36,58.54,57.99,58.34,5700,55.24
2015-05-15,58.98,59.02,58.37,58.99,9500,55.855
2015-05-14,56.70,58.98,56.55,58.98,15800,55.846
2015-05-13,57.12,57.50,56.45,56.67,4600,53.658
2015-05-12,57.00,57.37,56.69,56.70,11800,53.687
2015-05-11,58.63,59.33,57.44,57.81,10800,54.738
2015-05-08,57.44,59.75,57.44,59.47,7700,56.31
2015-05-07,57.58,57.88,56.89,57.27,8300,54.226
2015-05-06,57.52,58.22,57.29,58.22,5700,55.126
2015-05-05,59.00,59.00,57.73,57.73,8200,54.662
2015-05-04,59.62,59.62,58.40,58.60,12900,55.486
2015-05-01,58.19,58.19,58.19,58.19,000,55.098
2015-04-30,58.00,58.60,56.26,58.19,23900,55.098
2015-04-29,60.18,60.52,57.19,57.61,20900,54.548
2015-04-28,60.30,60.95,59.80,60.60,19500,57.38
2015-04-27,60.29,60.43,59.15,60.43,24200,57.219
2015-04-24,59.46,60.65,59.45,60.39,6700,57.181
2015-04-23,60.20,60.42,58.87,58.87,16300,55.741
2015-04-22,62.60,63.49,60.35,60.60,20700,57.38
2015-04-21,59.81,62.18,59.51,62.18,17500,58.876
2015-04-20,59.21,59.80,58.81,59.55,18800,56.385
2015-04-17,60.87,61.14,58.50,58.50,15100,55.391
2015-04-16,61.00,61.39,60.25,61.23,15100,57.976
2015-04-15,60.34,61.33,59.62,60.97,10800,57.73
2015-04-14,60.41,60.74,59.78,59.90,8200,56.717
2015-04-13,59.50,61.00,59.46,61.00,13300,57.758
2015-04-10,58.80,60.25,58.67,59.76,28800,56.584
2015-04-09,57.65,59.00,57.65,58.79,22200,55.666
2015-04-08,58.00,58.39,57.22,57.23,14500,54.189
2015-04-07,58.75,58.96,57.72,58.00,21600,54.918
2015-04-06,59.31,59.31,59.31,59.31,000,56.158
2015-04-03,59.31,59.31,59.31,59.31,000,56.158
2015-04-02,59.00,59.68,58.96,59.31,10400,56.158
2015-04-01,58.99,59.25,58.90,59.25,9700,56.101
2015-03-31,58.53,59.15,58.50,59.15,14800,56.007
2015-03-30,57.45,58.42,57.33,58.42,21800,55.315
2015-03-27,56.89,57.01,55.88,57.00,22300,53.971
2015-03-26,58.20,58.30,56.64,56.90,17100,53.876
2015-03-25,59.75,59.99,58.96,59.17,20900,56.025
2015-03-24,58.30,59.90,58.30,59.71,12100,56.537
2015-03-23,58.00,58.87,57.99,58.78,11900,55.656
2015-03-20,58.12,58.50,57.64,58.25,17700,55.154
2015-03-19,58.00,58.17,57.67,57.85,9500,54.776
2015-03-18,57.56,57.93,57.27,57.80,19900,54.728
2015-03-17,58.20,58.28,57.80,58.28,20300,55.183
2015-03-16,58.41,58.56,57.83,57.83,22700,54.757
2015-03-13,58.65,58.99,58.36,58.36,10500,55.259
2015-03-12,57.65,58.60,57.55,58.50,24800,55.391
2015-03-11,56.44,57.65,56.16,57.65,19900,54.586
2015-03-10,57.01,57.01,55.97,56.30,14400,53.308
2015-03-09,57.05,57.31,56.66,56.80,9600,53.781
2015-03-06,57.55,57.86,56.98,57.24,9800,54.198
2015-03-05,57.09,57.61,56.63,57.61,16400,54.548
2015-03-04,57.49,57.49,55.93,56.68,12400,53.668
2015-03-03,57.75,57.75,56.90,56.90,13500,53.876
2015-03-02,57.14,58.02,56.93,57.42,25300,54.368
2015-02-27,57.32,57.79,56.70,56.93,13700,53.905
2015-02-26,56.59,57.75,56.35,57.46,29800,54.406
2015-02-25,57.69,57.69,55.01,56.18,45300,53.194
2015-02-24,57.48,58.24,56.92,58.24,13400,55.145
2015-02-23,57.66,57.66,56.82,56.82,15600,53.80
2015-02-20,57.40,57.41,56.75,57.24,9800,54.198
2015-02-19,57.00,57.71,57.00,57.50,14500,54.444
2015-02-18,56.91,57.48,56.91,57.38,14500,54.331
2015-02-17,56.00,57.65,55.68,56.90,19700,53.876
2015-02-16,57.48,57.48,56.13,56.13,28100,53.147
2015-02-13,57.00,57.65,57.00,57.23,33300,54.189
2015-02-12,54.30,57.25,54.30,57.25,63300,54.208
2015-02-11,53.99,54.85,53.53,54.77,21400,51.859
2015-02-10,53.95,53.95,53.16,53.48,11200,50.638
2015-02-09,54.38,54.38,53.55,53.55,20700,50.704
2015-02-06,54.32,54.74,54.03,54.03,30700,51.159
2015-02-05,54.50,54.50,53.67,54.09,14900,51.215
2015-02-04,53.94,54.42,53.31,54.42,15500,51.528
2015-02-03,52.99,54.23,52.99,53.49,22000,50.647
2015-02-02,51.80,52.78,51.60,52.78,16000,49.975
2015-01-30,50.30,51.92,50.21,51.92,41200,49.161
2015-01-29,50.23,50.40,50.10,50.20,11100,47.532
2015-01-28,50.64,50.83,50.12,50.40,5400,47.722
2015-01-27,51.68,52.08,50.65,50.78,15300,48.081
2015-01-26,51.00,52.09,51.00,52.09,18300,49.322
2015-01-23,50.71,51.85,50.71,51.25,26500,48.526
2015-01-22,50.52,50.73,50.10,50.37,6300,47.693
2015-01-21,50.42,50.42,49.655,50.40,11500,47.722
2015-01-20,50.08,50.50,49.955,50.21,11800,47.542
2015-01-19,49.00,50.37,48.875,50.27,16000,47.598
2015-01-16,49.77,49.855,49.24,49.24,7800,46.623
2015-01-15,49.90,50.26,49.155,49.495,11900,46.865
2015-01-14,49.95,50.23,49.70,50.00,8300,47.343
2015-01-13,50.00,50.66,50.00,50.25,7100,47.58
2015-01-12,49.87,51.20,49.62,50.29,15100,47.617
2015-01-09,50.40,50.90,48.65,49.53,25600,46.898
2015-01-08,51.02,51.02,50.19,50.55,17800,47.864
2015-01-07,51.49,51.79,50.65,50.67,8100,47.977
2015-01-06,51.80,51.80,51.22,51.50,10800,48.763
2015-01-05,52.08,52.20,51.57,51.85,8700,49.095
2015-01-02,51.15,52.45,51.15,52.45,10400,49.663
2015-01-01,51.51,51.51,51.51,51.51,000,48.773
2014-12-31,51.51,51.51,51.51,51.51,000,48.773
2014-12-30,51.00,51.55,51.00,51.51,15900,48.773
2014-12-29,50.70,51.27,50.21,51.25,22400,48.526
2014-12-26,50.92,50.92,50.92,50.92,000,48.214
2014-12-25,50.92,50.92,50.92,50.92,000,48.214
2014-12-24,50.92,50.92,50.92,50.92,000,48.214
2014-12-23,50.70,51.38,50.37,50.92,8300,48.214
2014-12-22,50.93,50.93,50.30,50.69,8600,47.996
2014-12-19,50.30,51.07,50.02,50.64,10400,47.949
2014-12-18,50.49,51.12,50.00,50.20,7500,47.532
2014-12-17,49.86,50.36,49.265,50.33,6200,47.655
2014-12-16,49.86,49.86,49.205,49.63,14600,46.992
2014-12-15,49.99,50.28,49.345,49.66,15400,47.021
2014-12-12,49.65,50.07,49.50,49.995,6500,47.338
2014-12-11,50.30,50.37,49.595,50.06,7300,47.40
2014-12-10,50.29,51.27,50.14,50.77,8300,48.072
2014-12-09,50.49,50.49,49.70,50.14,11600,47.475
2014-12-08,50.30,50.73,50.26,50.40,6600,47.722
2014-12-05,49.815,51.00,49.585,50.40,10700,47.722
2014-12-04,49.00,49.79,49.00,49.50,15800,46.869
2014-12-03,49.35,49.825,48.14,49.35,29100,46.727
2014-12-02,50.77,50.77,49.14,49.40,25700,46.775
2014-12-01,52.11,52.28,50.51,50.51,8900,47.826
2014-11-28,52.53,52.54,51.80,52.52,9700,49.729
2014-11-27,50.90,52.30,50.90,52.30,5000,49.521
2014-11-26,51.19,51.60,50.69,51.33,14000,48.602
2014-11-25,51.83,52.10,51.54,51.54,9900,48.801
2014-11-24,51.92,52.41,51.90,52.25,6400,49.473
2014-11-21,51.21,52.92,51.00,52.04,18300,49.274
2014-11-20,50.84,51.21,50.54,51.00,15400,48.29
2014-11-19,51.09,51.58,50.47,50.50,10100,47.816
2014-11-18,52.49,52.49,50.10,50.93,16400,48.223
2014-11-17,52.55,52.71,52.11,52.31,7100,49.53
2014-11-14,53.20,53.98,52.20,52.44,9500,49.653
2014-11-13,53.40,53.77,53.35,53.36,2300,50.524
2014-11-12,53.57,54.20,53.40,53.40,12500,50.562
2014-11-11,54.70,54.94,53.73,53.97,15500,51.102
2014-11-10,53.46,54.71,53.46,54.71,11400,51.803
2014-11-07,53.50,54.19,52.83,53.30,13500,50.467
2014-11-06,53.18,53.39,53.02,53.29,4200,50.458
2014-11-05,52.28,53.37,52.28,53.37,17400,50.534
2014-11-04,51.73,52.72,51.72,52.28,16100,49.502
2014-11-03,52.00,52.98,51.16,51.51,16300,48.773
2014-10-31,51.80,52.71,51.65,52.47,6700,49.682
2014-10-30,50.88,51.84,50.14,51.84,5800,49.085
2014-10-29,50.73,51.20,50.70,50.70,2400,48.006
2014-10-28,50.16,50.99,49.985,50.99,7200,48.28
2014-10-27,50.35,50.80,49.80,50.00,4600,47.343
2014-10-24,51.02,51.45,50.69,50.69,11300,47.996
2014-10-23,50.32,51.89,49.86,51.47,15600,48.735
2014-10-22,49.725,50.46,49.685,50.23,7200,47.561
2014-10-21,48.155,49.47,48.155,49.465,9900,46.836
2014-10-20,48.07,48.745,48.00,48.45,13400,45.875
2014-10-17,45.71,47.985,45.71,47.85,13700,45.307
2014-10-16,46.195,46.675,45.525,45.87,12000,43.432
2014-10-15,47.735,48.335,46.30,46.54,14400,44.067
2014-10-14,48.13,48.52,46.20,47.965,34100,45.416
2014-10-13,50.29,50.47,48.275,48.275,16700,45.709
2014-10-10,51.50,51.50,50.05,50.66,23800,47.968
2014-10-09,52.42,53.10,51.57,51.70,12200,48.952
2014-10-08,52.85,53.56,52.35,52.78,13300,49.975
2014-10-07,52.40,53.20,52.40,52.88,13500,50.07
2014-10-06,52.40,52.88,52.39,52.41,9800,49.625
2014-10-03,52.30,52.30,52.30,52.30,000,49.521
2014-10-02,52.31,52.64,52.14,52.30,18700,49.521
2014-10-01,52.30,52.75,51.93,52.50,11700,49.71
2014-09-30,50.45,52.70,50.45,52.28,8500,49.502
2014-09-29,50.85,50.87,50.05,50.73,8000,48.034
2014-09-26,50.34,50.75,50.00,50.68,8700,47.987
2014-09-25,50.60,50.87,50.32,50.61,4600,47.92
2014-09-24,51.20,51.20,49.145,50.60,14300,47.911
2014-09-23,52.77,52.77,51.20,51.20,5700,48.479
2014-09-22,54.47,54.47,52.13,52.47,9200,49.682
2014-09-19,53.00,55.19,52.95,54.27,12900,51.386
2014-09-18,51.85,52.92,51.49,52.87,8800,50.06
2014-09-17,51.71,51.79,51.22,51.57,9100,48.829
2014-09-16,51.40,52.09,51.40,52.06,2400,49.293
2014-09-15,53.00,53.00,51.74,51.74,5900,48.99
2014-09-12,52.50,53.06,52.50,52.90,3900,50.089
2014-09-11,52.70,52.93,51.85,52.93,18600,50.117
2014-09-10,51.92,52.56,51.91,52.25,5200,49.473
2014-09-09,52.29,53.04,52.29,52.50,11500,49.71
2014-09-08,53.13,53.13,51.53,52.65,7400,49.852
2014-09-05,52.85,53.19,52.70,52.80,10200,49.994
2014-09-04,52.65,53.20,52.53,52.84,5300,50.032
2014-09-03,52.45,53.20,52.02,53.02,8500,50.202
2014-09-02,51.55,53.10,51.26,52.81,8800,50.003
2014-09-01,51.20,51.60,51.08,51.17,3700,48.451
2014-08-29,52.30,52.31,50.50,50.91,13500,48.204
2014-08-28,52.89,52.99,52.21,52.40,10300,49.615
2014-08-27,52.59,53.36,52.22,52.99,5300,50.174
2014-08-26,53.25,53.25,51.82,52.59,9200,49.795
2014-08-25,53.06,53.39,53.00,53.25,4600,50.42
2014-08-22,53.26,53.26,52.15,52.15,9600,49.379
2014-08-21,52.48,53.83,52.48,53.26,13100,50.43
2014-08-20,52.12,52.51,51.61,52.20,13200,49.426
2014-08-19,50.50,52.00,50.48,51.51,12300,48.773
2014-08-18,51.22,51.22,49.385,50.39,15400,47.712
2014-08-15,50.28,51.45,49.965,50.87,8900,48.167
2014-08-14,50.90,50.90,49.91,49.91,11700,47.258
2014-08-13,49.69,50.24,49.32,50.15,11100,47.485
2014-08-12,49.89,51.73,49.655,50.60,21700,47.911
2014-08-11,46.20,50.10,46.20,49.92,28100,47.267
2014-08-08,46.96,46.96,45.80,46.01,18700,43.565
2014-08-07,46.70,47.70,46.70,47.30,13200,44.786
2014-08-06,47.00,47.50,46.115,46.945,24600,44.45
2014-08-05,46.05,47.605,46.00,47.40,24200,44.881
2014-08-04,46.615,46.64,45.97,46.03,38400,43.584
2014-08-01,50.40,50.41,45.56,46.90,71700,44.408
2014-07-31,50.84,50.99,50.40,50.49,12800,47.807
2014-07-30,50.10,51.17,50.10,50.86,7400,48.157
2014-07-29,51.10,51.66,50.00,50.20,17000,47.532
2014-07-28,51.61,51.96,51.00,51.10,11700,48.384
2014-07-25,52.02,52.39,51.75,51.80,4800,49.047
2014-07-24,51.64,52.39,51.64,52.20,2900,49.426
2014-07-23,52.49,52.86,51.80,51.85,7200,49.095
2014-07-22,53.97,54.00,52.39,52.77,7900,49.966
2014-07-21,53.85,54.14,53.59,53.64,6700,50.789
2014-07-18,53.55,54.16,53.55,53.85,7000,50.988
2014-07-17,53.18,54.33,53.18,53.85,7300,50.988
2014-07-16,52.37,53.81,52.35,53.50,10100,50.657
2014-07-15,51.50,52.40,51.43,52.40,7800,49.615
2014-07-14,51.46,51.80,51.07,51.50,16700,48.763
2014-07-11,51.70,52.00,51.41,51.75,3400,49.00
2014-07-10,51.79,52.09,51.00,51.88,12400,49.123
2014-07-09,53.19,53.19,51.18,51.67,14800,48.924
2014-07-08,53.60,53.60,52.70,52.95,6500,50.136
2014-07-07,53.63,54.35,53.37,53.79,18700,50.931
2014-07-04,53.60,53.88,53.35,53.60,5800,50.752
2014-07-03,53.00,53.60,52.91,53.60,15300,50.752
2014-07-02,53.72,53.82,53.00,53.00,4900,50.183
2014-07-01,52.08,54.09,52.07,53.75,15200,50.894
2014-06-30,51.45,52.31,51.27,52.06,12100,49.293
2014-06-27,51.60,51.77,51.45,51.65,11700,48.905
2014-06-26,51.00,51.65,51.00,51.49,7900,48.754
2014-06-25,52.70,52.77,50.50,51.00,26600,48.29
2014-06-24,52.97,53.02,52.75,52.75,2400,49.947
2014-06-23,53.00,53.38,52.62,52.67,19200,49.871
2014-06-20,55.34,55.34,53.17,53.17,35600,50.344
2014-06-19,52.64,55.30,52.64,55.23,34700,52.295
2014-06-18,53.19,53.20,52.30,52.78,16900,49.975
2014-06-17,52.50,53.06,52.06,53.06,15200,50.24
2014-06-16,53.77,53.77,52.03,52.32,20300,49.54
2014-06-13,53.57,53.59,52.73,53.48,9200,50.638
2014-06-12,53.21,53.99,53.19,53.39,10000,50.553
2014-06-11,54.10,54.26,52.60,53.03,17900,50.212
2014-06-10,55.85,55.85,53.58,54.02,19100,51.149
2014-06-09,55.89,55.89,55.27,55.39,6300,52.446
2014-06-06,54.90,55.87,53.93,55.87,21200,52.901
2014-06-05,52.45,54.60,52.20,54.60,24700,51.698
2014-06-04,54.22,54.63,53.79,53.95,14800,49.663
2014-06-03,54.84,54.99,54.20,54.22,10000,49.911
2014-06-02,54.89,55.19,54.30,54.44,28900,50.114
2014-05-30,54.50,55.52,54.21,54.50,15800,50.169
2014-05-29,54.35,54.35,53.86,54.25,1600,49.939
2014-05-28,53.89,54.45,53.73,54.06,12400,49.764
2014-05-27,53.50,54.28,53.50,53.96,8100,49.672
2014-05-26,53.91,54.13,53.50,53.79,11400,49.515
2014-05-23,53.03,53.79,53.03,53.64,7600,49.377
2014-05-22,53.69,53.69,53.01,53.02,20600,48.807
2014-05-21,53.00,53.46,52.68,53.24,11100,49.009
2014-05-20,52.18,53.50,52.10,52.72,25700,48.53
2014-05-19,51.48,52.39,50.22,51.86,31500,47.739
2014-05-16,54.00,54.00,52.00,52.00,20200,47.868
2014-05-15,54.49,54.63,53.25,53.59,22000,49.331
2014-05-14,56.39,56.39,53.05,54.08,20300,49.782
2014-05-13,56.49,56.70,55.57,55.99,11000,51.541
2014-05-12,56.50,56.60,55.45,55.90,33500,51.458
2014-05-09,57.46,58.37,56.22,56.22,43000,51.752
2014-05-08,56.41,56.96,55.48,56.35,12600,51.872
2014-05-07,56.18,56.44,54.80,56.09,15400,51.633
2014-05-06,57.67,57.67,56.17,56.57,6200,52.074
2014-05-05,58.28,58.60,56.57,57.25,8100,52.70
2014-05-02,57.06,58.19,56.84,58.10,13500,53.483
2014-05-01,56.78,56.78,56.78,56.78,000,52.268
2014-04-30,57.32,57.50,56.65,56.78,9000,52.268
2014-04-29,58.00,58.45,57.15,57.15,19600,52.608
2014-04-28,58.00,58.89,57.53,57.90,21400,53.299
2014-04-25,58.60,58.70,57.30,57.35,18100,52.792
2014-04-24,59.80,59.80,57.70,58.54,21500,53.888
2014-04-23,59.10,59.90,58.51,59.70,14300,54.956
2014-04-22,57.02,59.00,57.02,58.86,24200,54.182
2014-04-21,57.02,57.02,57.02,57.02,000,52.489
2014-04-18,57.02,57.02,57.02,57.02,000,52.489
2014-04-17,56.65,57.10,55.95,57.02,10400,52.489
2014-04-16,56.26,56.67,55.72,56.21,19200,51.743
2014-04-15,57.15,57.17,56.00,56.58,16400,52.084
2014-04-14,56.64,56.88,55.00,56.82,24200,52.305
2014-04-11,57.45,57.45,56.53,57.04,12100,52.507
2014-04-10,56.58,58.40,56.55,57.66,39600,53.078
2014-04-09,55.90,56.77,53.82,56.77,131700,52.259
2014-04-08,57.97,57.99,56.12,56.12,24100,51.66
2014-04-07,59.00,59.00,57.56,57.82,22000,53.225
2014-04-04,58.99,59.60,58.88,59.29,11400,54.578
2014-04-03,59.80,61.05,59.01,59.01,19700,54.321
2014-04-02,59.95,60.40,59.00,60.10,34100,55.324
2014-04-01,56.00,60.54,56.00,59.51,58400,54.781
2014-03-31,55.07,55.90,55.07,55.82,8300,51.384
2014-03-28,53.46,55.13,53.46,55.13,23600,50.749
2014-03-27,52.43,53.46,51.40,53.30,14400,49.064
2014-03-26,55.79,55.79,51.88,51.88,28400,47.757
2014-03-25,53.30,55.96,53.00,55.78,23300,51.347
2014-03-24,51.94,53.32,51.60,53.29,18000,49.055
2014-03-21,52.93,52.93,51.52,51.59,11100,47.49
2014-03-20,53.34,53.34,52.45,52.78,6100,48.586
2014-03-19,50.77,53.66,50.31,52.98,22500,48.77
2014-03-18,50.57,50.76,49.635,50.65,9000,46.625
2014-03-17,48.00,51.38,48.00,50.39,18500,46.386
2014-03-14,50.60,50.61,46.51,48.135,64100,44.31
2014-03-13,50.84,51.80,50.54,51.12,26200,47.058
2014-03-12,52.33,52.33,50.01,50.50,22100,46.487
2014-03-11,52.35,52.36,50.80,52.16,9600,48.015
2014-03-10,51.82,52.93,50.53,52.39,15600,48.227
2014-03-07,53.74,53.74,52.19,52.20,16900,48.052
2014-03-06,54.01,54.01,53.20,53.46,13300,49.212
2014-03-05,53.25,54.28,52.38,53.68,32200,49.414
2014-03-04,51.02,53.62,51.02,53.38,39300,49.138
2014-03-03,51.40,51.45,50.10,51.11,16500,47.048
2014-02-28,51.09,51.36,50.51,51.36,12300,47.278
2014-02-27,50.14,50.85,50.14,50.81,17500,46.772
2014-02-26,48.885,51.65,48.885,50.77,27400,46.735
2014-02-25,49.78,49.825,48.55,49.00,19100,45.106
2014-02-24,49.65,50.31,49.395,49.80,17400,45.842
2014-02-21,48.50,49.88,48.23,49.60,20000,45.658
2014-02-20,47.095,48.295,47.095,48.26,12200,44.425
2014-02-19,47.50,47.705,46.83,47.425,9400,43.656
2014-02-18,48.125,48.20,47.58,47.58,12500,43.799
2014-02-17,46.95,47.90,46.50,47.875,12100,44.07
2014-02-14,45.645,46.59,45.63,46.50,11400,42.805
2014-02-13,46.105,46.195,45.895,46.17,9200,42.501
2014-02-12,45.15,45.97,44.15,45.97,19200,42.317
2014-02-11,44.60,45.10,44.46,44.915,8100,41.346
2014-02-10,43.75,45.00,43.475,44.65,23700,41.102
2014-02-07,43.055,43.18,42.45,43.08,15100,39.656
2014-02-06,42.50,42.91,42.405,42.87,4300,39.463
2014-02-05,42.27,42.795,41.95,42.465,10600,39.09
2014-02-04,43.45,43.45,42.10,42.50,12700,39.123
2014-02-03,44.00,44.00,43.255,43.395,5400,39.946
2014-01-31,42.875,43.88,42.43,43.675,8000,40.204
2014-01-30,43.015,43.02,41.82,42.635,8500,39.247
2014-01-29,43.24,43.56,42.475,42.655,13100,39.265
2014-01-28,41.35,42.925,41.35,42.89,11600,39.482
2014-01-27,41.025,41.43,41.00,41.42,13100,38.128
2014-01-24,42.74,43.155,39.85,41.765,59500,38.446
2014-01-23,44.43,44.785,42.30,42.85,26500,39.445
2014-01-22,44.875,44.875,44.43,44.55,3100,41.01
2014-01-21,44.875,45.03,44.65,44.875,4700,41.309
2014-01-20,44.585,45.185,44.585,45.185,7000,41.594
2014-01-17,45.00,45.175,44.82,45.12,5400,41.534
2014-01-16,44.83,44.995,44.51,44.85,7500,41.286
2014-01-15,44.70,45.055,44.65,45.00,16500,41.424
2014-01-14,44.80,44.99,44.37,44.85,7800,41.286
2014-01-13,44.06,44.91,44.06,44.895,10600,41.327
2014-01-10,43.555,44.18,43.51,44.18,11500,40.669
2014-01-09,43.44,43.90,43.40,43.60,10200,40.135
2014-01-08,43.70,43.815,43.375,43.64,15000,40.172
2014-01-07,42.15,43.745,42.15,43.15,18500,39.721
2014-01-06,42.30,42.70,42.06,42.45,10700,39.077
2014-01-03,42.46,42.46,42.215,42.43,6000,39.058
2014-01-02,42.80,42.925,42.53,42.53,9400,39.15
2014-01-01,42.75,42.75,42.75,42.75,000,39.353
2013-12-31,42.75,42.75,42.75,42.75,000,39.353
2013-12-30,42.75,42.95,42.72,42.75,11900,39.353
2013-12-27,42.89,42.96,42.60,42.96,12800,39.546
2013-12-26,42.905,42.905,42.905,42.905,000,39.495
2013-12-25,42.905,42.905,42.905,42.905,000,39.495
2013-12-24,42.905,42.905,42.905,42.905,000,39.495
2013-12-23,42.195,43.075,42.075,42.905,21400,39.495
2013-12-20,42.015,42.30,41.88,42.10,11400,38.754
2013-12-19,41.02,42.19,41.02,42.19,22300,38.837
2013-12-18,40.95,41.05,40.705,41.05,13900,37.788
2013-12-17,40.75,41.00,40.75,40.945,11300,37.691
2013-12-16,40.17,40.795,40.045,40.71,10200,37.475
2013-12-13,40.80,40.97,40.22,40.34,5100,37.134
2013-12-12,41.05,41.23,40.735,40.735,8300,37.498
2013-12-11,40.825,41.18,40.72,41.05,14100,37.788
2013-12-10,41.255,41.35,40.565,40.945,6000,37.691
2013-12-09,41.39,41.50,41.235,41.40,13400,38.11
2013-12-06,40.61,41.40,40.60,41.395,13200,38.105
