Date,Open,High,Low,Close,Volume,Adj Close
2016-10-27,30.70,31.20,30.53,30.53,16400,30.53
2016-10-26,30.70,30.965,30.525,30.60,8800,30.60
2016-10-25,30.95,30.95,30.70,30.70,10900,30.70
2016-10-24,30.95,30.95,30.70,30.70,12300,30.70
2016-10-21,30.70,30.93,30.505,30.80,12900,30.80
2016-10-20,30.715,30.885,30.36,30.61,9500,30.61
2016-10-18,30.20,30.65,30.20,30.50,19600,30.50
2016-10-17,29.945,30.99,29.405,30.25,56200,30.25
2016-10-14,29.385,29.915,29.385,29.68,000,29.68
2016-10-13,29.965,30.005,29.235,29.59,13700,29.59
2016-10-12,29.80,30.145,29.80,29.92,12300,29.92
2016-10-11,30.245,30.40,29.80,29.80,16800,29.80
2016-10-10,29.80,30.14,29.80,30.00,4700,30.00
2016-10-07,30.48,30.565,29.615,29.875,21800,29.875
2016-10-06,30.20,30.27,30.005,30.23,8400,30.23
2016-10-05,30.47,30.72,29.58,30.255,22200,30.255
2016-10-04,30.00,30.515,29.925,30.38,17000,30.38
2016-10-03,29.57,29.57,29.57,29.57,000,29.57
2016-09-30,29.70,30.00,29.57,29.57,20600,29.57
2016-09-29,30.30,30.375,29.99,30.20,22000,30.20
2016-09-28,29.60,30.20,29.60,30.00,16100,30.00
2016-09-27,30.145,30.15,29.69,29.69,11000,29.69
2016-09-26,30.58,30.58,30.00,30.00,20100,30.00
2016-09-23,30.38,30.50,30.16,30.305,19100,30.305
2016-09-22,30.50,30.50,30.00,30.225,11400,30.225
2016-09-20,21.947,21.947,21.947,21.947,000,21.947
2016-09-19,21.9232,21.9232,21.9232,21.9232,000,21.9232
2016-09-16,21.9611,21.9611,21.9611,21.9611,000,21.9611
2016-09-15,21.8088,21.8088,21.8088,21.8088,000,21.8088
2016-09-14,21.8015,21.8015,21.8015,21.8015,000,21.8015
2016-09-13,29.50,29.875,29.49,29.64,4400,29.64
2016-09-12,29.375,29.58,29.195,29.30,22300,29.30
2016-09-09,21.8696,21.8696,21.8696,21.8696,000,21.8696
2016-09-08,21.8025,21.8025,21.8025,21.8025,000,21.8025
2016-09-07,29.685,30.09,29.675,30.09,5900,30.09
2016-09-06,21.8183,21.8183,21.8183,21.8183,000,21.8183
2016-09-05,21.9943,21.9943,21.9943,21.9943,000,21.9943
2016-09-02,21.9621,21.9621,21.9621,21.9621,000,21.9621
2016-09-01,29.98,30.08,29.50,29.50,12700,29.50
2016-08-31,22.0095,22.0095,22.0095,22.0095,000,22.0095
2016-08-30,21.9829,21.9829,21.9829,21.9829,000,21.9829
2016-08-29,21.9535,21.9535,21.9535,21.9535,000,21.9535
2016-08-26,21.7413,21.7413,21.7413,21.7413,000,21.7413
2016-08-25,21.7383,21.7383,21.7383,21.7383,000,21.7383
2016-08-24,21.7997,21.7997,21.7997,21.7997,000,21.7997
2016-08-23,21.6654,21.6654,21.6654,21.6654,000,21.6654
2016-08-22,21.6505,21.6505,21.6505,21.6505,000,21.6505
2016-08-19,21.6599,21.6599,21.6599,21.6599,000,21.6599
2016-08-18,21.7504,21.7504,21.7504,21.7504,000,21.7504
2016-08-17,21.7504,21.7504,21.7504,21.7504,000,21.7504
2016-08-16,21.779,21.779,21.779,21.779,000,21.779
2016-08-15,21.8961,21.8961,21.8961,21.8961,000,21.8961
2016-08-12,21.9308,21.9308,21.9308,21.9308,000,21.9308
2016-08-11,28.70,29.00,28.49,29.00,10700,29.00
2016-08-10,21.9612,21.9612,21.9612,21.9612,000,21.9612
2016-08-09,22.058,22.058,22.058,22.058,000,22.058
2016-08-08,22.13,22.13,22.13,22.13,000,22.13
2016-08-05,22.1375,22.1375,22.1375,22.1375,000,22.1375
2016-08-04,22.0077,22.0077,22.0077,22.0077,000,22.0077
2016-08-03,21.9421,21.9421,21.9421,21.9421,000,21.9421
2016-08-02,21.9449,21.9449,21.9449,21.9449,000,21.9449
2016-08-01,21.9449,21.9449,21.9449,21.9449,000,21.9449
2016-07-29,21.9242,21.9242,21.9242,21.9242,000,21.9242
2016-07-28,22.1126,22.1126,22.1126,22.1126,000,22.1126
2016-07-27,22.2945,22.2945,22.2945,22.2945,000,22.2945
2016-07-26,27.025,27.385,26.845,27.04,6900,27.04
2016-07-25,27.34,27.42,27.11,27.42,4300,27.42
2016-07-22,27.48,27.48,27.225,27.34,7600,27.34
2016-07-21,27.345,27.35,27.16,27.35,8300,27.35
2016-07-20,22.2556,22.2556,22.2556,22.2556,000,22.2556
2016-07-19,22.2518,22.2518,22.2518,22.2518,000,22.2518
2016-07-18,22.1472,22.1472,22.1472,22.1472,000,22.1472
2016-07-15,22.1376,22.1376,22.1376,22.1376,000,22.1376
2016-07-14,22.0725,22.0725,22.0725,22.0725,000,22.0725
2016-07-13,22.0744,22.0744,22.0744,22.0744,000,22.0744
2016-07-12,22.1394,22.1394,22.1394,22.1394,000,22.1394
2016-07-11,22.185,22.185,22.185,22.185,000,22.185
2016-07-08,22.2071,22.2071,22.2071,22.2071,000,22.2071
2016-07-07,22.1337,22.1337,22.1337,22.1337,000,22.1337
2016-07-06,22.1357,22.1357,22.1357,22.1357,000,22.1357
2016-07-05,26.99,26.99,26.00,26.00,13500,26.00
2016-07-04,22.0095,22.0095,22.0095,22.0095,000,22.0095
2016-07-01,22.0198,22.0198,22.0198,22.0198,000,22.0198
2016-06-30,22.0629,22.0629,22.0629,22.0629,000,22.0629
2016-06-29,22.0754,22.0754,22.0754,22.0754,000,22.0754
2016-06-28,22.1763,22.1763,22.1763,22.1763,000,22.1763
2016-06-27,22.321,22.321,22.321,22.321,000,22.321
2016-06-24,22.0512,22.0512,22.0512,22.0512,000,22.0512
2016-06-23,21.6122,21.6122,21.6122,21.6122,000,21.6122
2016-06-22,21.7383,21.7383,21.7383,21.7383,000,21.7383
2016-06-21,21.7586,21.7586,21.7586,21.7586,000,21.7586
2016-06-20,21.637,21.637,21.637,21.637,000,21.637
2016-06-17,21.8006,21.8006,21.8006,21.8006,000,21.8006
2016-06-16,21.9923,21.9923,21.9923,21.9923,000,21.9923
2016-06-15,21.8258,21.8258,21.8258,21.8258,000,21.8258
2016-06-14,21.8726,21.8726,21.8726,21.8726,000,21.8726
2016-06-13,27.30,27.41,26.585,26.67,16600,26.67
2016-06-10,21.7096,21.7096,21.7096,21.7096,000,21.7096
2016-06-09,21.6579,21.6579,21.6579,21.6579,000,21.6579
2016-06-08,21.5337,21.5337,21.5337,21.5337,000,21.5337
2016-06-07,21.605,21.605,21.605,21.605,000,21.605
2016-06-06,21.5828,21.5828,21.5828,21.5828,000,21.5828
2016-06-03,21.6452,21.6452,21.6452,21.6452,000,21.6452
2016-06-02,21.9668,21.9668,21.9668,21.9668,000,21.9668
2016-06-01,28.01,28.185,27.80,28.03,6000,28.03
2016-05-31,22.0189,22.0189,22.0189,22.0189,000,22.0189
2016-05-30,22.0085,22.0085,22.0085,22.0085,000,22.0085
2016-05-27,22.0209,22.0209,22.0209,22.0209,000,22.0209
2016-05-26,21.9204,21.9204,21.9204,21.9204,000,21.9204
2016-05-25,26.80,27.09,26.74,27.085,14400,27.085
2016-05-24,21.9658,21.9658,21.9658,21.9658,000,21.9658
2016-05-23,21.8366,21.8366,21.8366,21.8366,000,21.8366
2016-05-20,21.867,21.867,21.867,21.867,000,21.867
2016-05-19,21.8818,21.8818,21.8818,21.8818,000,21.8818
2016-05-18,21.7427,21.7427,21.7427,21.7427,000,21.7427
2016-05-17,21.6387,21.6387,21.6387,21.6387,000,21.6387
2016-05-13,26.495,26.71,26.135,26.515,18900,26.515
2016-05-12,21.5149,21.5149,21.5149,21.5149,000,21.5149
2016-05-11,21.4622,21.4622,21.4622,21.4622,000,21.4622
2016-05-10,21.53,21.53,21.53,21.53,000,21.53
2016-05-09,21.5256,21.5256,21.5256,21.5256,000,21.5256
2016-05-06,21.4804,21.4804,21.4804,21.4804,000,21.4804
2016-05-05,21.3554,21.3554,21.3554,21.3554,000,21.3554
2016-05-04,21.3109,21.3109,21.3109,21.3109,000,21.3109
2016-05-03,21.3109,21.3109,21.3109,21.3109,000,21.3109
2016-05-02,21.3182,21.3182,21.3182,21.3182,000,21.3182
2016-04-29,21.4256,21.4256,21.4256,21.4256,000,21.4256
2016-04-28,21.6773,21.6773,21.6773,21.6773,000,21.6773
2016-04-27,25.76,26.125,25.505,26.11,11000,26.11
2016-04-26,21.6911,21.6911,21.6911,21.6911,000,21.6911
2016-04-25,21.7633,21.7633,21.7633,21.7633,000,21.7633
2016-04-22,21.8155,21.8155,21.8155,21.8155,000,21.8155
2016-04-21,21.7244,21.7244,21.7244,21.7244,000,21.7244
2016-04-20,21.6433,21.6433,21.6433,21.6433,000,21.6433
2016-04-19,21.5666,21.5666,21.5666,21.5666,000,21.5666
2016-04-18,21.6526,21.6526,21.6526,21.6526,000,21.6526
2016-04-15,21.7096,21.7096,21.7096,21.7096,000,21.7096
2016-04-14,21.7734,21.7734,21.7734,21.7734,000,21.7734
2016-04-13,21.7355,21.7355,21.7355,21.7355,000,21.7355
2016-04-12,21.5665,21.5665,21.5665,21.5665,000,21.5665
2016-04-11,21.4444,21.4444,21.4444,21.4444,000,21.4444
2016-04-08,21.5085,21.5085,21.5085,21.5085,000,21.5085
2016-04-07,21.5547,21.5547,21.5547,21.5547,000,21.5547
2016-04-06,21.5683,21.5683,21.5683,21.5683,000,21.5683
2016-04-05,21.5664,21.5664,21.5664,21.5664,000,21.5664
2016-04-04,21.5556,21.5556,21.5556,21.5556,000,21.5556
2016-04-01,21.6224,21.6224,21.6224,21.6224,000,21.6224
2016-03-31,21.5302,21.5302,21.5302,21.5302,000,21.5302
2016-03-30,21.6041,21.6041,21.6041,21.6041,000,21.6041
2016-03-29,21.9186,21.9186,21.9186,21.9186,000,21.9186
2016-03-28,21.8632,21.8632,21.8632,21.8632,000,21.8632
2016-03-25,21.9602,21.9602,21.9602,21.9602,000,21.9602
2016-03-24,27.45,27.745,27.34,27.61,19000,27.61
2016-03-23,21.9384,21.9384,21.9384,21.9384,000,21.9384
2016-03-22,21.8415,21.8415,21.8415,21.8415,000,21.8415
2016-03-21,21.7801,21.7801,21.7801,21.7801,000,21.7801
2016-03-18,21.7205,21.7205,21.7205,21.7205,000,21.7205
2016-03-17,22.0581,22.0581,22.0581,22.0581,000,22.0581
2016-03-16,22.0581,22.0581,22.0581,22.0581,000,22.0581
2016-03-15,22.0581,22.0581,22.0581,22.0581,000,22.0581
2016-03-14,22.0675,22.0675,22.0675,22.0675,000,22.0675
2016-03-11,21.9687,21.9687,21.9687,21.9687,000,21.9687
2016-03-10,26.82,27.12,26.355,26.355,44300,26.355
2016-03-09,22.2536,22.2536,22.2536,22.2536,000,22.2536
2016-03-08,22.1703,22.1703,22.1703,22.1703,000,22.1703
2016-03-07,27.145,27.145,26.63,26.71,20200,26.71
2016-03-04,22.2604,22.2604,22.2604,22.2604,000,22.2604
2016-03-03,22.4074,22.4074,22.4074,22.4074,000,22.4074
2016-03-02,22.6145,22.6145,22.6145,22.6145,000,22.6145
2016-03-01,22.5513,22.5513,22.5513,22.5513,000,22.5513
2016-02-29,22.5394,22.5394,22.5394,22.5394,000,22.5394
2016-02-26,22.4183,22.4183,22.4183,22.4183,000,22.4183
2016-02-25,22.21,22.21,22.21,22.21,000,22.21
2016-02-24,27.90,28.20,27.32,27.66,36000,27.66
2016-02-23,22.2274,22.2274,22.2274,22.2274,000,22.2274
2016-02-22,22.2206,22.2206,22.2206,22.2206,000,22.2206
2016-02-19,22.0683,22.0683,22.0683,22.0683,000,22.0683
2016-02-18,22.0819,22.0819,22.0819,22.0819,000,22.0819
2016-02-16,26.89,27.19,26.57,26.705,25300,26.705
2016-02-15,22.0035,22.0035,22.0035,22.0035,000,22.0035
2016-02-12,21.8089,21.8089,21.8089,21.8089,000,21.8089
2016-02-11,25.565,25.845,24.165,25.455,58900,25.455
2016-02-10,21.9018,21.9018,21.9018,21.9018,000,21.9018
2016-02-09,21.6875,21.6875,21.6875,21.6875,000,21.6875
2016-02-08,21.9905,21.9905,21.9905,21.9905,000,21.9905
2016-02-05,21.998,21.998,21.998,21.998,000,21.998
2016-02-04,21.9479,21.9479,21.9479,21.9479,000,21.9479
2016-02-03,27.09,27.09,26.245,26.295,25700,26.295
2016-02-02,22.4697,22.4697,22.4697,22.4697,000,22.4697
2016-02-01,22.4838,22.4838,22.4838,22.4838,000,22.4838
2016-01-29,22.6297,22.6297,22.6297,22.6297,000,22.6297
2016-01-28,27.50,27.615,26.94,27.21,17600,27.21
2016-01-27,22.5285,22.5285,22.5285,22.5285,000,22.5285
2016-01-26,22.5735,22.5735,22.5735,22.5735,000,22.5735
2016-01-25,22.6054,22.6054,22.6054,22.6054,000,22.6054
2016-01-22,22.6216,22.6216,22.6216,22.6216,000,22.6216
2016-01-21,22.6237,22.6237,22.6237,22.6237,000,22.6237
2016-01-20,22.4766,22.4766,22.4766,22.4766,000,22.4766
2016-01-19,26.00,26.685,25.87,26.175,19800,26.175
2016-01-18,22.5195,22.5195,22.5195,22.5195,000,22.5195
2016-01-15,22.3682,22.3682,22.3682,22.3682,000,22.3682
2016-01-14,22.5915,22.5915,22.5915,22.5915,000,22.5915
2016-01-13,22.5715,22.5715,22.5715,22.5715,000,22.5715
2016-01-12,22.6186,22.6186,22.6186,22.6186,000,22.6186
2016-01-11,22.5625,22.5625,22.5625,22.5625,000,22.5625
2016-01-08,22.4597,22.4597,22.4597,22.4597,000,22.4597
2016-01-07,22.6047,22.6047,22.6047,22.6047,000,22.6047
2016-01-06,22.7724,22.7724,22.7724,22.7724,000,22.7724
2016-01-05,22.832,22.832,22.832,22.832,000,22.832
2016-01-04,22.662,22.662,22.662,22.662,000,22.662
2016-01-01,22.4887,22.4887,22.4887,22.4887,000,22.4887
2015-12-31,22.5446,22.5446,22.5446,22.5446,000,22.5446
2015-12-30,29.30,30.00,29.06,29.76,23700,29.76
2015-12-29,22.459,22.459,22.459,22.459,000,22.459
2015-12-28,22.3296,22.3296,22.3296,22.3296,000,22.3296
2015-12-24,22.3552,22.3552,22.3552,22.3552,000,22.3552
2015-12-23,29.00,29.385,28.60,29.385,28100,29.385
2015-12-22,22.3396,22.3396,22.3396,22.3396,000,22.3396
2015-12-21,22.4361,22.4361,22.4361,22.4361,000,22.4361
2015-12-18,22.5816,22.5816,22.5816,22.5816,000,22.5816
2015-12-17,22.6024,22.6024,22.6024,22.6024,000,22.6024
2015-12-16,22.3846,22.3846,22.3846,22.3846,000,22.3846
2015-12-15,22.4292,22.4292,22.4292,22.4292,000,22.4292
2015-12-14,22.2205,22.2205,22.2205,22.2205,000,22.2205
2015-12-11,27.19,27.45,27.015,27.45,27600,27.45
2015-12-10,22.3975,22.3975,22.3975,22.3975,000,22.3975
2015-12-09,22.3473,22.3473,22.3473,22.3473,000,22.3473
2015-12-08,22.484,22.484,22.484,22.484,000,22.484
2015-12-07,22.5654,22.5654,22.5654,22.5654,000,22.5654
2015-12-04,22.4936,22.4936,22.4936,22.4936,000,22.4936
2015-12-03,22.5674,22.5674,22.5674,22.5674,000,22.5674
2015-12-02,23.1248,23.1248,23.1248,23.1248,000,23.1248
2015-12-01,23.1248,23.1248,23.1248,23.1248,000,23.1248
2015-11-30,23.1248,23.1248,23.1248,23.1248,000,23.1248
2015-11-27,23.0946,23.0946,23.0946,23.0946,000,23.0946
2015-11-26,23.0431,23.0431,23.0431,23.0431,000,23.0431
2015-11-25,23.0788,23.0788,23.0788,23.0788,000,23.0788
2015-11-24,22.9983,22.9983,22.9983,22.9983,000,22.9983
2015-11-23,23.0441,23.0441,23.0441,23.0441,000,23.0441
2015-11-20,22.937,22.937,22.937,22.937,000,22.937
2015-11-19,22.80,22.80,22.80,22.80,000,22.80
2015-11-18,26.30,26.30,26.00,26.05,11900,26.05
2015-11-17,25.985,26.30,25.985,26.10,17900,26.10
2015-11-16,22.8402,22.8402,22.8402,22.8402,000,22.8402
2015-11-13,22.8104,22.8104,22.8104,22.8104,000,22.8104
2015-11-12,26.175,26.175,25.21,25.27,15400,25.27
2015-11-11,22.8166,22.8166,22.8166,22.8166,000,22.8166
2015-11-10,22.8885,22.8885,22.8885,22.8885,000,22.8885
2015-11-09,22.7829,22.7829,22.7829,22.7829,000,22.7829
2015-11-06,22.7899,22.7899,22.7899,22.7899,000,22.7899
2015-11-05,22.5433,22.5433,22.5433,22.5433,000,22.5433
2015-11-04,22.5474,22.5474,22.5474,22.5474,000,22.5474
2015-11-03,26.75,27.395,26.68,26.705,26300,26.705
2015-11-02,26.24,26.79,25.93,26.665,17400,26.665
2015-10-30,22.1837,22.1837,22.1837,22.1837,000,22.1837
2015-10-29,22.3514,22.3514,22.3514,22.3514,000,22.3514
2015-10-28,22.1472,22.1472,22.1472,22.1472,000,22.1472
2015-10-27,22.1771,22.1771,22.1771,22.1771,000,22.1771
2015-10-26,22.1799,22.1799,22.1799,22.1799,000,22.1799
2015-10-23,22.2109,22.2109,22.2109,22.2109,000,22.2109
2015-10-22,21.9659,21.9659,21.9659,21.9659,000,21.9659
2015-10-21,25.355,25.445,24.74,24.89,19400,24.89
2015-10-20,25.70,25.70,25.05,25.05,7700,25.05
2015-10-19,23.1228,23.1228,23.1228,23.1228,000,23.1228
2015-10-16,23.0003,23.0003,23.0003,23.0003,000,23.0003
2015-10-15,25.215,25.52,25.10,25.45,11000,25.45
2015-10-14,25.54,25.58,25.10,25.425,19200,25.425
2015-10-13,23.0065,23.0065,23.0065,23.0065,000,23.0065
2015-10-12,25.30,25.945,25.30,25.58,21100,25.58
2015-10-09,23.0632,23.0632,23.0632,23.0632,000,23.0632
2015-10-08,23.1828,23.1828,23.1828,23.1828,000,23.1828
2015-10-07,23.2584,23.2584,23.2584,23.2584,000,23.2584
2015-10-06,23.2098,23.2098,23.2098,23.2098,000,23.2098
2015-10-05,23.3061,23.3061,23.3061,23.3061,000,23.3061
2015-10-02,23.1867,23.1867,23.1867,23.1867,000,23.1867
2015-10-01,23.3202,23.3202,23.3202,23.3202,000,23.3202
2015-09-30,21.9621,21.9621,21.9621,21.9621,000,21.9621
2015-09-29,23.2912,23.2912,23.2912,23.2912,000,23.2912
2015-09-28,25.90,26.985,25.765,26.475,16100,26.475
2015-09-25,23.3775,23.3775,23.3775,23.3775,000,23.3775
2015-09-24,23.1627,23.1627,23.1627,23.1627,000,23.1627
2015-09-23,27.00,27.05,26.545,26.76,13400,26.76
2015-09-22,23.4534,23.4534,23.4534,23.4534,000,23.4534
2015-09-21,23.3371,23.3371,23.3371,23.3371,000,23.3371
2015-09-18,23.0002,23.0002,23.0002,23.0002,000,23.0002
2015-09-17,23.1111,23.1111,23.1111,23.1111,000,23.1111
2015-09-16,23.1497,23.1497,23.1497,23.1497,000,23.1497
2015-09-15,23.1877,23.1877,23.1877,23.1877,000,23.1877
2015-09-14,23.1542,23.1542,23.1542,23.1542,000,23.1542
2015-09-11,23.1655,23.1655,23.1655,23.1655,000,23.1655
2015-09-10,27.69,28.12,27.69,28.12,20500,28.12
2015-09-09,23.3891,23.3891,23.3891,23.3891,000,23.3891
2015-09-08,27.285,27.835,27.235,27.675,15600,27.675
2015-09-07,23.4049,23.4049,23.4049,23.4049,000,23.4049
2015-09-04,23.4875,23.4875,23.4875,23.4875,000,23.4875
2015-09-03,23.5241,23.5241,23.5241,23.5241,000,23.5241
2015-09-02,23.2704,23.2704,23.2704,23.2704,000,23.2704
2015-09-01,23.2183,23.2183,23.2183,23.2183,000,23.2183
2015-08-31,21.8829,21.8829,21.8829,21.8829,000,21.8829
2015-08-28,23.2874,23.2874,23.2874,23.2874,000,23.2874
2015-08-27,23.2985,23.2985,23.2985,23.2985,000,23.2985
2015-08-26,22.9503,22.9503,22.9503,22.9503,000,22.9503
2015-08-25,22.9384,22.9384,22.9384,22.9384,000,22.9384
2015-08-24,22.6446,22.6446,22.6446,22.6446,000,22.6446
2015-08-21,28.00,28.02,27.415,27.415,16200,27.415
2015-08-20,28.85,29.20,28.12,28.12,9800,28.12
2015-08-19,23.6029,23.6029,23.6029,23.6029,000,23.6029
2015-08-18,29.64,29.64,29.00,29.35,14600,29.35
2015-08-17,23.5664,23.5664,23.5664,23.5664,000,23.5664
2015-08-14,23.4963,23.4963,23.4963,23.4963,000,23.4963
2015-08-13,23.4647,23.4647,23.4647,23.4647,000,23.4647
2015-08-12,23.3473,23.3473,23.3473,23.3473,000,23.3473
2015-08-11,29.35,29.93,29.115,29.75,17800,29.75
2015-08-10,23.7485,23.7485,23.7485,23.7485,000,23.7485
2015-08-07,23.8291,23.8291,23.8291,23.8291,000,23.8291
2015-08-06,23.8813,23.8813,23.8813,23.8813,000,23.8813
2015-08-05,23.9738,23.9738,23.9738,23.9738,000,23.9738
2015-08-04,23.7877,23.7877,23.7877,23.7877,000,23.7877
2015-08-03,23.7641,23.7641,23.7641,23.7641,000,23.7641
2015-07-31,22.18,22.18,22.18,22.18,000,22.18
2015-07-30,23.8585,23.8585,23.8585,23.8585,000,23.8585
2015-07-29,23.6481,23.6481,23.6481,23.6481,000,23.6481
2015-07-28,23.6376,23.6376,23.6376,23.6376,000,23.6376
2015-07-27,29.45,29.45,28.645,28.645,20400,28.645
2015-07-24,23.7779,23.7779,23.7779,23.7779,000,23.7779
2015-07-23,23.7523,23.7523,23.7523,23.7523,000,23.7523
2015-07-22,23.9241,23.9241,23.9241,23.9241,000,23.9241
2015-07-21,23.8407,23.8407,23.8407,23.8407,000,23.8407
2015-07-20,23.9796,23.9796,23.9796,23.9796,000,23.9796
2015-07-17,23.9997,23.9997,23.9997,23.9997,000,23.9997
2015-07-16,23.9002,23.9002,23.9002,23.9002,000,23.9002
2015-07-15,28.35,29.205,28.35,29.205,12500,29.205
2015-07-14,23.7104,23.7104,23.7104,23.7104,000,23.7104
2015-07-13,23.6898,23.6898,23.6898,23.6898,000,23.6898
2015-07-10,23.3784,23.3784,23.3784,23.3784,000,23.3784
2015-07-09,23.6222,23.6222,23.6222,23.6222,000,23.6222
2015-07-08,23.5845,23.5845,23.5845,23.5845,000,23.5845
2015-07-07,23.8368,23.8368,23.8368,23.8368,000,23.8368
2015-07-06,23.5663,23.5663,23.5663,23.5663,000,23.5663
2015-07-03,23.5163,23.5163,23.5163,23.5163,000,23.5163
2015-07-02,23.5089,23.5089,23.5089,23.5089,000,23.5089
2015-07-01,23.5135,23.5135,23.5135,23.5135,000,23.5135
2015-06-30,21.76,21.76,21.76,21.76,000,21.76
2015-06-29,23.421,23.421,23.421,23.421,000,23.421
2015-06-26,23.4402,23.4402,23.4402,23.4402,000,23.4402
2015-06-25,23.3418,23.3418,23.3418,23.3418,000,23.3418
2015-06-24,23.3567,23.3567,23.3567,23.3567,000,23.3567
2015-06-23,23.3586,23.3586,23.3586,23.3586,000,23.3586
2015-06-22,22.9646,22.9646,22.9646,22.9646,000,22.9646
2015-06-19,23.0879,23.0879,23.0879,23.0879,000,23.0879
2015-06-18,22.9528,22.9528,22.9528,22.9528,000,22.9528
2015-06-17,23.2648,23.2648,23.2648,23.2648,000,23.2648
2015-06-16,23.2631,23.2631,23.2631,23.2631,000,23.2631
2015-06-15,23.2274,23.2274,23.2274,23.2274,000,23.2274
2015-06-12,23.1997,23.1997,23.1997,23.1997,000,23.1997
2015-06-11,28.44,28.645,28.18,28.18,9300,28.18
2015-06-10,23.1367,23.1367,23.1367,23.1367,000,23.1367
2015-06-09,23.2442,23.2442,23.2442,23.2442,000,23.2442
2015-06-08,28.50,28.51,28.005,28.04,22900,28.04
2015-06-05,28.34,28.95,28.265,28.265,22600,28.265
2015-06-04,23.1747,23.1747,23.1747,23.1747,000,23.1747
2015-06-03,23.2053,23.2053,23.2053,23.2053,000,23.2053
2015-06-02,28.795,28.81,28.38,28.785,15300,28.785
2015-06-01,23.9119,23.9119,23.9119,23.9119,000,23.9119
2015-05-29,21.76,21.76,21.76,21.76,000,21.76
2015-05-28,23.8704,23.8704,23.8704,23.8704,000,23.8704
2015-05-27,23.9558,23.9558,23.9558,23.9558,000,23.9558
2015-05-26,23.9119,23.9119,23.9119,23.9119,000,23.9119
2015-05-22,29.09,29.71,29.09,29.48,19000,29.48
2015-05-21,23.4761,23.4761,23.4761,23.4761,000,23.4761
2015-05-20,23.5125,23.5125,23.5125,23.5125,000,23.5125
2015-05-19,23.4648,23.4648,23.4648,23.4648,000,23.4648
2015-05-18,23.0237,23.0237,23.0237,23.0237,000,23.0237
2015-05-15,22.8841,22.8841,22.8841,22.8841,000,22.8841
2015-05-14,28.60,28.80,28.51,28.765,12900,28.765
2015-05-13,23.0448,23.0448,23.0448,23.0448,000,23.0448
2015-05-12,29.625,29.695,28.99,29.20,36400,29.20
2015-05-11,23.4193,23.4193,23.4193,23.4193,000,23.4193
2015-05-08,23.2929,23.2929,23.2929,23.2929,000,23.2929
2015-05-07,23.2125,23.2125,23.2125,23.2125,000,23.2125
2015-05-06,23.0413,23.0413,23.0413,23.0413,000,23.0413
2015-05-05,23.4003,23.4003,23.4003,23.4003,000,23.4003
2015-05-04,23.4003,23.4003,23.4003,23.4003,000,23.4003
2015-04-30,21.76,21.76,21.76,21.76,000,21.76
2015-04-29,23.422,23.422,23.422,23.422,000,23.422
2015-04-28,23.7465,23.7465,23.7465,23.7465,000,23.7465
2015-04-27,23.9397,23.9397,23.9397,23.9397,000,23.9397
2015-04-24,30.195,30.58,30.085,30.58,69000,30.58
2015-04-23,24.1044,24.1044,24.1044,24.1044,000,24.1044
2015-04-22,30.59,30.79,30.42,30.54,51300,30.54
2015-04-21,24.2263,24.2263,24.2263,24.2263,000,24.2263
2015-04-20,24.148,24.148,24.148,24.148,000,24.148
2015-04-17,24.3356,24.3356,24.3356,24.3356,000,24.3356
2015-04-16,31.20,31.20,30.51,30.725,97700,30.725
2015-04-15,31.69,31.90,31.485,31.50,63700,31.50
2015-04-14,31.49,32.00,31.245,31.70,78100,31.70
2015-04-13,24.6059,24.6059,24.6059,24.6059,000,24.6059
2015-04-10,30.60,32.125,30.545,31.97,222900,31.97
2015-04-09,24.3809,24.3809,24.3809,24.3809,000,24.3809
2015-04-08,30.35,30.35,29.135,29.50,98400,29.50
2015-04-07,24.0024,24.0024,24.0024,24.0024,000,24.0024
2015-04-02,30.255,31.485,30.16,31.15,81100,31.15
2015-04-01,24.2135,24.2135,24.2135,24.2135,000,24.2135
2015-03-31,23.17,23.17,23.17,23.17,000,23.17
2015-03-30,26.244,26.244,26.244,26.244,000,26.244
2015-03-27,26.1206,26.1206,26.1206,26.1206,000,26.1206
2015-03-26,26.0642,26.0642,26.0642,26.0642,000,26.0642
2015-03-25,26.0882,26.0882,26.0882,26.0882,000,26.0882
2015-03-23,26.0479,26.0479,26.0479,26.0479,000,26.0479
2015-03-20,32.88,33.48,32.775,33.455,122600,33.455
2015-03-19,26.676,26.676,26.676,26.676,000,26.676
2015-03-18,26.7166,26.7166,26.7166,26.7166,000,26.7166
2015-03-17,26.7166,26.7166,26.7166,26.7166,000,26.7166
2015-03-16,26.7721,26.7721,26.7721,26.7721,000,26.7721
2015-03-13,26.8953,26.8953,26.8953,26.8953,000,26.8953
2015-03-12,26.6908,26.6908,26.6908,26.6908,000,26.6908
2015-03-11,26.7786,26.7786,26.7786,26.7786,000,26.7786
2015-03-10,26.4981,26.4981,26.4981,26.4981,000,26.4981
2015-03-09,26.1795,26.1795,26.1795,26.1795,000,26.1795
2015-03-06,26.1795,26.1795,26.1795,26.1795,000,26.1795
2015-03-05,25.8423,25.8423,25.8423,25.8423,000,25.8423
2015-03-04,31.33,31.33,30.66,31.235,71000,31.235
2015-03-03,25.5399,25.5399,25.5399,25.5399,000,25.5399
2015-03-02,25.5188,25.5188,25.5188,25.5188,000,25.5188
2015-02-27,23.17,23.17,23.17,23.17,000,23.17
2015-02-26,25.4843,25.4843,25.4843,25.4843,000,25.4843
2015-02-25,25.2123,25.2123,25.2123,25.2123,000,25.2123
2015-02-24,25.2507,25.2507,25.2507,25.2507,000,25.2507
2015-02-23,25.2179,25.2179,25.2179,25.2179,000,25.2179
2015-02-20,25.1508,25.1508,25.1508,25.1508,000,25.1508
2015-02-19,25.1508,25.1508,25.1508,25.1508,000,25.1508
2015-02-18,25.2049,25.2049,25.2049,25.2049,000,25.2049
2015-02-17,25.1351,25.1351,25.1351,25.1351,000,25.1351
2015-02-16,25.125,25.125,25.125,25.125,000,25.125
2015-02-13,25.1286,25.1286,25.1286,25.1286,000,25.1286
2015-02-12,25.1842,25.1842,25.1842,25.1842,000,25.1842
2015-02-11,25.3115,25.3115,25.3115,25.3115,000,25.3115
2015-02-10,25.2748,25.2748,25.2748,25.2748,000,25.2748
2015-02-09,25.2533,25.2533,25.2533,25.2533,000,25.2533
2015-02-06,25.2365,25.2365,25.2365,25.2365,000,25.2365
2015-02-05,28.02,28.11,27.52,27.98,37000,27.98
2015-02-04,25.088,25.088,25.088,25.088,000,25.088
2015-02-03,25.0439,25.0439,25.0439,25.0439,000,25.0439
2015-02-02,25.2383,25.2383,25.2383,25.2383,000,25.2383
2015-01-30,27.23,27.50,26.965,27.50,41500,27.50
2015-01-29,25.2487,25.2487,25.2487,25.2487,000,25.2487
2015-01-28,26.70,27.345,26.61,27.28,47800,27.28
2015-01-27,25.1322,25.1322,25.1322,25.1322,000,25.1322
2015-01-26,25.4035,25.4035,25.4035,25.4035,000,25.4035
2015-01-23,24.8187,24.8187,24.8187,24.8187,000,24.8187
2015-01-22,24.8187,24.8187,24.8187,24.8187,000,24.8187
2015-01-21,24.8187,24.8187,24.8187,24.8187,000,24.8187
2015-01-20,24.8187,24.8187,24.8187,24.8187,000,24.8187
2015-01-19,24.7131,24.7131,24.7131,24.7131,000,24.7131
2015-01-16,24.9542,24.9542,24.9542,24.9542,000,24.9542
2015-01-15,24.4499,24.4499,24.4499,24.4499,000,24.4499
2015-01-14,24.4499,24.4499,24.4499,24.4499,000,24.4499
2015-01-13,24.4499,24.4499,24.4499,24.4499,000,24.4499
2015-01-12,24.3869,24.3869,24.3869,24.3869,000,24.3869
2015-01-09,24.3585,24.3585,24.3585,24.3585,000,24.3585
2015-01-08,25.95,26.09,25.60,26.09,36800,26.09
2015-01-07,24.412,24.412,24.412,24.412,000,24.412
2015-01-06,24.0273,24.0273,24.0273,24.0273,000,24.0273
2015-01-05,24.0273,24.0273,24.0273,24.0273,000,24.0273
2015-01-02,24.0273,24.0273,24.0273,24.0273,000,24.0273
2015-01-01,23.9491,23.9491,23.9491,23.9491,000,23.9491
2014-12-31,23.9115,23.9115,23.9115,23.9115,000,23.9115
2014-12-30,25.37,25.635,25.20,25.41,18300,25.41
2014-12-29,23.7808,23.7808,23.7808,23.7808,000,23.7808
2014-12-26,23.7972,23.7972,23.7972,23.7972,000,23.7972
2014-12-25,23.7254,23.7254,23.7254,23.7254,000,23.7254
2014-12-24,23.7663,23.7663,23.7663,23.7663,000,23.7663
2014-12-23,25.88,25.90,25.56,25.87,18700,25.87
2014-12-22,23.6473,23.6473,23.6473,23.6473,000,23.6473
2014-12-19,23.6473,23.6473,23.6473,23.6473,000,23.6473
2014-12-18,23.6218,23.6218,23.6218,23.6218,000,23.6218
2014-12-16,24.60,24.99,24.49,24.99,27800,24.99
2014-12-15,24.235,24.875,24.235,24.66,30900,24.66
2014-12-12,23.3347,23.3347,23.3347,23.3347,000,23.3347
2014-12-11,23.4586,23.4586,23.4586,23.4586,000,23.4586
2014-12-10,23.6026,23.6026,23.6026,23.6026,000,23.6026
2014-12-09,23.3946,23.3946,23.3946,23.3946,000,23.3946
2014-12-08,23.6026,23.6026,23.6026,23.6026,000,23.6026
2014-12-05,23.5939,23.5939,23.5939,23.5939,000,23.5939
2014-12-04,23.5548,23.5548,23.5548,23.5548,000,23.5548
2014-12-03,23.5548,23.5548,23.5548,23.5548,000,23.5548
2014-12-02,23.4274,23.4274,23.4274,23.4274,000,23.4274
2014-12-01,23.3124,23.3124,23.3124,23.3124,000,23.3124
2014-11-28,22.01,22.01,22.01,22.01,000,22.01
2014-11-27,22.58,23.395,22.36,23.10,81900,23.10
2014-11-26,23.2323,23.2323,23.2323,23.2323,000,23.2323
2014-11-25,23.2984,23.2984,23.2984,23.2984,000,23.2984
2014-11-24,23.3741,23.3741,23.3741,23.3741,000,23.3741
2014-11-21,23.411,23.411,23.411,23.411,000,23.411
2014-11-20,23.2139,23.2139,23.2139,23.2139,000,23.2139
2014-11-18,23.2276,23.2276,23.2276,23.2276,000,23.2276
2014-11-17,22.40,22.42,22.305,22.42,6000,22.42
2014-11-14,22.42,22.50,22.34,22.34,9900,22.34
2014-11-13,23.3154,23.3154,23.3154,23.3154,000,23.3154
2014-11-12,23.3114,23.3114,23.3114,23.3114,000,23.3114
2014-11-11,22.25,22.475,22.13,22.45,16500,22.45
2014-11-10,23.3633,23.3633,23.3633,23.3633,000,23.3633
2014-11-07,23.4092,23.4092,23.4092,23.4092,000,23.4092
2014-11-06,22.19,22.20,21.96,22.10,5400,22.10
2014-11-05,23.2938,23.2938,23.2938,23.2938,000,23.2938
2014-11-04,23.1666,23.1666,23.1666,23.1666,000,23.1666
2014-11-03,23.2998,23.2998,23.2998,23.2998,000,23.2998
2014-10-31,22.01,22.01,22.01,22.01,000,22.01
2014-10-30,23.0907,23.0907,23.0907,23.0907,000,23.0907
2014-10-29,22.8824,22.8824,22.8824,22.8824,000,22.8824
2014-10-28,22.9031,22.9031,22.9031,22.9031,000,22.9031
2014-10-27,22.9558,22.9558,22.9558,22.9558,000,22.9558
2014-10-24,23.0201,23.0201,23.0201,23.0201,000,23.0201
2014-10-23,23.05,23.05,23.05,23.05,000,23.05
2014-10-22,23.0228,23.0228,23.0228,23.0228,000,23.0228
2014-10-21,22.9291,22.9291,22.9291,22.9291,000,22.9291
2014-10-20,22.8535,22.8535,22.8535,22.8535,000,22.8535
2014-10-17,22.8727,22.8727,22.8727,22.8727,000,22.8727
2014-10-16,22.824,22.824,22.824,22.824,000,22.824
2014-10-15,22.8539,22.8539,22.8539,22.8539,000,22.8539
2014-10-14,22.986,22.986,22.986,22.986,000,22.986
2014-10-13,22.9672,22.9672,22.9672,22.9672,000,22.9672
2014-10-10,23.0464,23.0464,23.0464,23.0464,000,23.0464
2014-10-09,22.9212,22.9212,22.9212,22.9212,000,22.9212
2014-10-08,21.75,21.75,21.555,21.65,14900,21.65
2014-10-07,21.85,21.90,21.65,21.755,10300,21.755
2014-10-06,23.1298,23.1298,23.1298,23.1298,000,23.1298
2014-10-03,23.2144,23.2144,23.2144,23.2144,000,23.2144
2014-10-02,21.97,21.97,21.645,21.695,14600,21.695
2014-10-01,22.0611,22.0611,22.0611,22.0611,000,22.0611
2014-09-30,22.01,22.01,22.01,22.01,000,22.01
2014-09-29,21.9289,21.9289,21.9289,21.9289,000,21.9289
2014-09-26,21.9151,21.9151,21.9151,21.9151,000,21.9151
2014-09-25,21.8415,21.8415,21.8415,21.8415,000,21.8415
2014-09-24,21.7681,21.7681,21.7681,21.7681,000,21.7681
2014-09-23,21.6771,21.6771,21.6771,21.6771,000,21.6771
2014-09-22,21.7342,21.7342,21.7342,21.7342,000,21.7342
2014-09-19,21.7095,21.7095,21.7095,21.7095,000,21.7095
2014-09-18,21.5433,21.5433,21.5433,21.5433,000,21.5433
2014-09-17,21.5433,21.5433,21.5433,21.5433,000,21.5433
2014-09-16,21.985,21.985,21.665,21.665,14300,21.665
2014-09-15,21.5725,21.5725,21.5725,21.5725,000,21.5725
2014-09-12,21.5732,21.5732,21.5732,21.5732,000,21.5732
2014-09-11,21.5691,21.5691,21.5691,21.5691,000,21.5691
2014-09-10,21.603,21.603,21.603,21.603,000,21.603
2014-09-09,21.6058,21.6058,21.6058,21.6058,000,21.6058
2014-09-08,21.5447,21.5447,21.5447,21.5447,000,21.5447
2014-09-05,21.5447,21.5447,21.5447,21.5447,000,21.5447
2014-09-04,21.5338,21.5338,21.5338,21.5338,000,21.5338
2014-09-03,21.88,21.88,21.625,21.625,6100,21.625
2014-09-02,21.875,21.88,21.62,21.805,5800,21.805
2014-09-01,21.3014,21.3014,21.3014,21.3014,000,21.3014
2014-08-29,22.01,22.01,22.01,22.01,000,22.01
2014-08-28,21.2496,21.2496,21.2496,21.2496,000,21.2496
2014-08-27,21.2129,21.2129,21.2129,21.2129,000,21.2129
2014-08-26,21.2237,21.2237,21.2237,21.2237,000,21.2237
2014-08-25,21.223,21.223,21.223,21.223,000,21.223
2014-08-22,21.1624,21.1624,21.1624,21.1624,000,21.1624
2014-08-21,21.0919,21.0919,21.0919,21.0919,000,21.0919
2014-08-20,21.0854,21.0854,21.0854,21.0854,000,21.0854
2014-08-19,21.98,22.065,21.84,21.86,6800,21.86
2014-08-18,21.0058,21.0058,21.0058,21.0058,000,21.0058
2014-08-15,20.9629,20.9629,20.9629,20.9629,000,20.9629
2014-08-14,21.0802,21.0802,21.0802,21.0802,000,21.0802
2014-08-13,21.075,21.075,21.075,21.075,000,21.075
2014-08-12,21.0929,21.0929,21.0929,21.0929,000,21.0929
2014-08-11,21.0512,21.0512,21.0512,21.0512,000,21.0512
2014-08-08,21.0156,21.0156,21.0156,21.0156,000,21.0156
2014-08-07,21.0834,21.0834,21.0834,21.0834,000,21.0834
2014-08-06,21.0553,21.0553,21.0553,21.0553,000,21.0553
2014-08-05,21.85,22.205,21.85,22.00,19100,22.00
2014-08-04,21.85,21.905,21.75,21.85,23100,21.85
2014-07-31,22.01,22.01,22.01,22.01,000,22.01
2014-07-30,22.00,22.12,21.965,22.05,35700,22.05
2014-07-29,21.0173,21.0173,21.0173,21.0173,000,21.0173
2014-07-28,20.9829,20.9829,20.9829,20.9829,000,20.9829
2014-07-25,20.9936,20.9936,20.9936,20.9936,000,20.9936
2014-07-24,20.9507,20.9507,20.9507,20.9507,000,20.9507
2014-07-23,20.8731,20.8731,20.8731,20.8731,000,20.8731
2014-07-22,20.8731,20.8731,20.8731,20.8731,000,20.8731
2014-07-21,20.8731,20.8731,20.8731,20.8731,000,20.8731
2014-07-18,20.8765,20.8765,20.8765,20.8765,000,20.8765
2014-07-17,20.8735,20.8735,20.8735,20.8735,000,20.8735
2014-07-16,20.8134,20.8134,20.8134,20.8134,000,20.8134
2014-07-15,21.30,22.32,21.065,22.065,94400,22.065
2014-07-14,20.7518,20.7518,20.7518,20.7518,000,20.7518
2014-07-11,20.7765,20.7765,20.7765,20.7765,000,20.7765
2014-07-10,21.54,21.54,21.035,21.035,12300,21.035
2014-07-09,20.7614,20.7614,20.7614,20.7614,000,20.7614
2014-07-08,20.7614,20.7614,20.7614,20.7614,000,20.7614
2014-07-07,20.7682,20.7682,20.7682,20.7682,000,20.7682
2014-07-04,20.7858,20.7858,20.7858,20.7858,000,20.7858
2014-07-03,20.7643,20.7643,20.7643,20.7643,000,20.7643
2014-07-02,20.7035,20.7035,20.7035,20.7035,000,20.7035
2014-07-01,20.678,20.678,20.678,20.678,000,20.678
2014-06-30,20.45,20.45,20.45,20.45,000,20.45
2014-06-27,20.7154,20.7154,20.7154,20.7154,000,20.7154
2014-06-26,20.7609,20.7609,20.7609,20.7609,000,20.7609
2014-06-25,20.7382,20.7382,20.7382,20.7382,000,20.7382
2014-06-24,20.7694,20.7694,20.7694,20.7694,000,20.7694
2014-06-23,20.7739,20.7739,20.7739,20.7739,000,20.7739
2014-06-20,21.86,21.86,20.935,20.935,61600,20.935
2014-06-19,21.15,22.355,21.15,22.055,107400,22.055
2014-06-18,20.79,20.79,20.79,20.79,000,20.79
2014-06-17,20.8434,20.8434,20.8434,20.8434,000,20.8434
2014-06-16,19.1868,19.1868,19.1868,19.1868,000,19.1868
2014-06-13,19.2299,19.2299,19.2299,19.2299,000,19.2299
2014-06-12,19.2169,19.2169,19.2169,19.2169,000,19.2169
2014-06-11,19.2377,19.2377,19.2377,19.2377,000,19.2377
2014-06-10,19.2235,19.2235,19.2235,19.2235,000,19.2235
2014-06-09,19.1002,19.1002,19.1002,19.1002,000,19.1002
2014-06-06,19.1002,19.1002,19.1002,19.1002,000,19.1002
2014-06-05,19.0801,19.0801,19.0801,19.0801,000,19.0801
2014-06-04,19.1211,19.1211,19.1211,19.1211,000,19.1211
2014-06-03,19.1211,19.1211,19.1211,19.1211,000,19.1211
2014-06-02,19.1573,19.1573,19.1573,19.1573,000,19.1573
2014-05-30,20.45,20.45,20.45,20.45,000,20.45
2014-05-29,19.1541,19.1541,19.1541,19.1541,000,19.1541
2014-05-28,19.1594,19.1594,19.1594,19.1594,000,19.1594
2014-05-27,19.1104,19.1104,19.1104,19.1104,000,19.1104
2014-05-26,19.0983,19.0983,19.0983,19.0983,000,19.0983
2014-05-23,19.1106,19.1106,19.1106,19.1106,000,19.1106
2014-05-22,19.35,19.42,19.25,19.335,5600,19.335
2014-05-21,19.0463,19.0463,19.0463,19.0463,000,19.0463
2014-05-20,19.0294,19.0294,19.0294,19.0294,000,19.0294
2014-05-19,19.525,19.525,19.24,19.30,4600,19.30
2014-05-16,19.69,19.70,19.20,19.46,12500,19.46
2014-05-15,19.38,19.64,19.38,19.45,4800,19.45
2014-05-14,19.50,19.60,19.50,19.51,4700,19.51
2014-05-13,19.80,19.80,19.50,19.50,15200,19.50
2014-05-12,19.70,19.80,19.50,19.67,12400,19.67
2014-05-09,19.795,19.795,19.40,19.50,7100,19.50
2014-05-08,19.63,19.84,19.625,19.80,5900,19.80
2014-05-07,19.39,19.78,19.35,19.63,23500,19.63
2014-05-06,19.445,19.59,19.40,19.53,19800,19.53
2014-05-05,19.51,19.51,19.14,19.23,15000,19.23
2014-05-02,19.40,19.60,19.38,19.38,18900,19.38
2014-04-30,20.45,20.45,20.45,20.45,000,20.45
2014-04-29,19.45,19.525,19.18,19.50,25700,19.50
2014-04-28,19.76,19.76,19.26,19.30,9700,19.30
2014-04-25,19.495,19.645,19.495,19.50,16800,19.50
2014-04-24,19.65,19.65,19.38,19.545,23800,19.545
2014-04-23,19.41,19.67,19.35,19.50,18500,19.50
2014-04-22,19.195,19.44,18.80,19.36,33900,19.36
2014-04-17,18.50,18.735,18.40,18.70,22700,18.70
2014-04-16,18.63,18.65,18.50,18.50,18300,18.50
2014-04-15,18.45,18.885,18.25,18.50,39000,18.50
2014-04-14,18.87,19.03,18.495,18.495,25100,18.495
2014-04-11,19.30,19.30,18.99,18.99,24100,18.99
2014-04-10,19.405,19.42,19.18,19.30,8500,19.30
2014-04-09,19.00,19.50,19.00,19.255,17300,19.255
2014-04-08,19.49,19.49,19.00,19.025,21700,19.025
2014-04-07,19.60,19.685,19.37,19.37,13100,19.37
2014-04-04,19.90,20.05,19.69,19.75,20800,19.75
2014-04-03,20.15,20.15,19.835,19.90,19900,19.90
2014-04-02,19.94,20.165,19.94,20.14,12000,20.14
2014-04-01,20.00,20.20,19.95,20.00,27800,20.00
2014-03-31,20.01,20.01,20.01,20.01,000,20.01
2014-03-28,20.49,20.72,19.99,20.00,102500,20.00
2014-03-27,21.93,21.96,21.50,21.555,33300,21.555
2014-03-26,21.86,21.99,21.70,21.945,70600,21.945
2014-03-25,21.80,21.885,21.34,21.58,51800,21.58
2014-03-24,21.80,21.89,21.54,21.71,48900,21.71
2014-03-21,21.49,21.68,21.185,21.185,28800,21.185
2014-03-20,21.80,21.975,21.245,21.295,50700,21.295
2014-03-19,21.91,21.99,21.67,21.795,47200,21.795
2014-03-18,21.60,21.78,21.49,21.69,53700,21.69
2014-03-17,21.60,21.65,21.40,21.56,31200,21.56
2014-03-14,21.86,21.86,21.405,21.515,19400,21.515
2014-03-13,21.50,21.92,21.50,21.70,24800,21.70
2014-03-12,21.70,21.83,21.46,21.46,19900,21.46
2014-03-11,21.75,21.935,21.635,21.69,45800,21.69
2014-03-10,22.15,22.185,21.75,21.75,48900,21.75
2014-03-07,22.16,22.275,22.15,22.15,18300,22.15
2014-03-06,22.055,22.30,22.015,22.15,20800,22.15
2014-03-05,22.00,22.24,21.90,21.90,27200,21.90
2014-03-04,21.655,22.095,21.60,22.00,38300,22.00
2014-03-03,22.20,22.20,21.75,21.755,16600,21.755
2014-02-28,21.21,21.21,21.21,21.21,000,21.21
2014-02-27,22.05,22.05,21.80,21.80,15400,21.80
2014-02-26,22.09,22.09,21.805,21.805,32100,21.805
2014-02-25,22.00,22.085,21.89,22.07,10800,22.07
2014-02-24,21.95,22.09,21.85,21.915,26600,21.915
2014-02-21,21.85,21.955,21.82,21.955,16900,21.955
2014-02-20,21.85,22.02,21.815,21.825,12800,21.825
2014-02-19,22.05,22.07,21.855,21.93,25600,21.93
2014-02-18,21.96,22.09,21.885,22.07,15900,22.07
2014-02-17,22.00,22.295,21.89,21.95,30000,21.95
2014-02-14,21.945,22.10,21.78,21.87,19400,21.87
2014-02-13,22.195,22.195,21.74,21.95,19800,21.95
2014-02-12,22.20,22.295,21.89,21.93,18200,21.93
2014-02-11,21.67,22.10,21.63,22.01,28900,22.01
2014-02-10,21.90,21.91,21.50,21.615,36000,21.615
2014-02-07,21.72,21.90,21.61,21.675,16500,21.675
2014-02-06,21.69,21.70,21.435,21.68,18200,21.68
2014-02-05,21.57,21.785,21.545,21.57,16100,21.57
2014-02-04,21.78,21.78,21.02,21.575,47800,21.575
2014-02-03,22.02,22.10,21.685,21.81,15700,21.81
2014-01-31,21.21,21.21,21.21,21.21,000,21.21
2014-01-30,21.95,22.20,21.63,22.185,25000,22.185
2014-01-29,21.875,22.00,21.64,21.77,15100,21.77
2014-01-28,21.97,21.97,21.575,21.69,12200,21.69
2014-01-27,21.90,21.91,21.655,21.69,18100,21.69
2014-01-24,22.25,22.30,21.21,21.90,33200,21.90
2014-01-23,22.30,22.30,22.07,22.295,9100,22.295
2014-01-22,22.50,22.50,22.00,22.28,12000,22.28
2014-01-21,22.34,22.755,22.18,22.24,22000,22.24
2014-01-20,22.60,22.95,22.205,22.34,60400,22.34
2014-01-17,22.785,22.85,22.60,22.80,15400,22.80
2014-01-16,22.25,22.86,22.165,22.815,34200,22.815
2014-01-15,22.09,22.375,21.90,22.375,11400,22.375
2014-01-14,21.86,22.09,21.825,21.84,18700,21.84
2014-01-13,21.87,21.99,21.725,21.89,11900,21.89
2014-01-10,21.64,21.88,21.64,21.88,17000,21.88
2014-01-09,21.70,21.845,21.51,21.71,21400,21.71
2014-01-08,21.60,21.785,21.51,21.65,15200,21.65
2014-01-07,21.50,21.70,21.30,21.50,19100,21.50
2014-01-06,21.50,21.50,21.315,21.35,9400,21.35
2014-01-03,21.13,21.50,21.045,21.47,18400,21.47
2014-01-02,20.94,21.13,20.94,21.12,14900,21.12
2013-12-31,20.36,20.36,20.36,20.36,000,20.36
2013-12-30,20.90,21.02,20.75,20.75,11500,20.75
2013-12-27,20.85,20.965,20.75,20.935,21500,20.935
2013-12-23,20.525,21.00,20.525,20.745,28800,20.745
2013-12-20,21.195,21.195,20.55,20.86,16100,20.86
2013-12-19,21.09,21.19,20.90,20.935,14900,20.935
2013-12-18,21.145,21.195,21.00,21.13,9800,21.13
2013-12-17,20.985,21.10,20.855,20.855,26400,20.855
2013-12-16,20.60,21.15,20.60,21.00,52100,21.00
2013-12-13,20.51,20.85,20.51,20.77,25600,20.77
2013-12-12,20.59,20.635,20.405,20.555,16300,20.555
2013-12-11,20.695,20.695,20.61,20.67,7100,20.67
2013-12-10,20.68,20.79,20.625,20.725,11300,20.725
2013-12-09,20.805,21.00,20.605,20.70,33100,20.70
2013-12-06,20.60,20.80,20.57,20.75,28000,20.75
2013-12-05,20.38,20.59,20.345,20.59,44600,20.59
2013-12-04,20.31,20.50,20.15,20.15,29200,20.15
2013-12-03,20.07,20.255,20.01,20.01,14100,20.01
2013-12-02,20.45,20.695,20.05,20.05,22800,20.05
2013-11-29,20.36,20.36,20.36,20.36,000,20.36
2013-11-28,19.31,20.595,19.31,20.11,31700,20.11
2013-11-27,19.20,19.58,19.20,19.445,11600,19.445
2013-11-26,19.81,19.81,19.22,19.22,23300,19.22
2013-11-25,19.72,19.97,19.64,19.64,8700,19.64
2013-11-22,19.75,20.00,19.74,19.805,11600,19.805
2013-11-21,19.80,19.875,19.62,19.875,7200,19.875
2013-11-20,19.70,19.905,19.70,19.71,6300,19.71
2013-11-19,19.80,19.97,19.70,19.72,9000,19.72
2013-11-18,19.95,19.95,19.625,19.80,18400,19.80
2013-11-15,19.70,19.925,19.70,19.705,10000,19.705
2013-11-14,20.08,20.08,19.75,19.795,14000,19.795
2013-11-13,20.12,20.12,19.90,19.915,5600,19.915
2013-11-12,20.125,20.125,19.955,20.08,1900,20.08
2013-11-11,20.05,20.16,19.95,19.955,5100,19.955
2013-11-08,19.72,20.05,19.70,19.87,8000,19.87
2013-11-07,19.90,20.225,19.80,19.98,7600,19.98
2013-11-06,19.43,19.95,19.40,19.805,14200,19.805
2013-11-05,19.40,19.50,19.40,19.46,8600,19.46
2013-11-04,19.45,19.45,19.25,19.40,18900,19.40
2013-11-01,19.345,19.345,19.01,19.295,9800,19.295
2013-10-31,20.36,20.36,20.36,20.36,000,20.36
2013-10-30,19.35,19.36,19.17,19.36,5600,19.36
2013-10-29,19.45,19.45,19.25,19.35,14600,19.35
2013-10-28,19.11,19.315,19.105,19.315,10400,19.315
2013-10-25,19.25,19.345,19.105,19.30,16100,19.30
2013-10-24,19.35,19.35,19.105,19.26,6700,19.26
2013-10-23,19.115,19.39,18.95,19.075,22700,19.075
2013-10-22,19.29,19.36,19.10,19.14,15300,19.14
2013-10-21,19.05,19.29,19.00,19.29,12200,19.29
2013-10-18,19.25,19.25,18.90,19.055,15200,19.055
2013-10-17,19.15,19.25,18.855,19.25,22600,19.25
2013-10-16,19.25,19.445,19.09,19.12,7400,19.12
2013-10-15,19.31,19.40,19.075,19.355,11500,19.355
2013-10-14,19.145,19.445,19.085,19.335,3500,19.335
2013-10-11,19.01,19.415,19.01,19.415,7200,19.415
2013-10-10,19.10,19.145,18.81,19.145,22000,19.145
2013-10-09,19.00,19.15,18.95,19.12,8400,19.12
2013-10-08,18.95,19.18,18.925,19.00,5400,19.00
2013-10-07,18.91,19.01,18.805,18.985,2200,18.985
2013-10-04,19.05,19.08,18.86,18.91,7000,18.91
2013-10-03,19.30,19.30,18.90,19.13,6300,19.13
2013-10-02,19.01,19.41,19.01,19.205,3600,19.205
2013-10-01,19.15,19.27,19.01,19.27,6700,19.27
2013-09-30,19.27,19.27,19.00,19.15,6100,19.15
2013-09-27,19.02,19.32,19.005,19.005,8400,19.005
2013-09-26,19.19,19.28,19.02,19.045,3800,19.045
2013-09-25,19.05,19.05,19.02,19.02,7900,19.02
2013-09-24,19.02,19.185,19.02,19.04,5200,19.04
2013-09-23,18.70,19.16,18.70,19.02,5100,19.02
2013-09-20,19.01,19.19,18.755,19.045,13800,19.045
2013-09-19,19.42,19.50,19.03,19.295,9900,19.295
2013-09-18,19.50,19.71,19.35,19.445,9500,19.445
2013-09-17,20.10,20.20,19.51,19.51,34900,19.51
2013-09-16,20.09,20.445,20.00,20.15,35700,20.15
2013-09-13,19.85,20.155,19.85,20.00,40000,20.00
2013-09-12,19.80,19.945,19.66,19.945,19600,19.945
2013-09-11,19.65,19.85,19.65,19.75,35100,19.75
2013-09-10,19.775,19.95,19.75,19.80,16300,19.80
2013-09-09,19.51,19.85,19.46,19.70,14800,19.70
2013-09-06,19.16,19.56,19.16,19.50,8600,19.50
2013-09-05,19.36,19.51,19.165,19.51,8200,19.51
2013-09-04,19.495,19.60,19.19,19.19,6400,19.19
2013-09-03,19.48,19.51,19.205,19.50,6000,19.50
2013-09-02,19.40,19.445,19.20,19.40,4000,19.40
2013-08-30,19.06,19.345,19.06,19.18,5000,19.18
2013-08-29,19.40,19.475,19.085,19.285,1600,19.285
2013-08-28,19.28,19.28,18.90,19.26,23200,19.26
2013-08-27,19.28,19.50,19.28,19.40,14500,19.40
2013-08-26,19.49,19.49,19.28,19.295,11500,19.295
2013-08-23,19.48,19.52,19.28,19.35,10000,19.35
2013-08-22,19.20,19.635,19.19,19.42,12300,19.42
2013-08-21,18.72,19.42,18.72,19.42,13800,19.42
2013-08-20,18.73,18.90,18.73,18.825,4500,18.825
2013-08-19,18.55,19.00,18.55,18.90,10600,18.90
2013-08-16,18.74,18.80,18.50,18.80,3200,18.80
2013-08-15,18.315,18.795,18.315,18.795,5400,18.795
2013-08-14,18.30,18.60,18.30,18.60,6000,18.60
2013-08-13,18.50,18.68,18.42,18.55,7200,18.55
2013-08-12,18.36,18.495,18.31,18.44,3100,18.44
2013-08-09,18.48,18.48,18.36,18.40,9000,18.40
2013-08-08,18.36,18.49,18.36,18.48,1200,18.48
2013-08-07,18.44,18.44,18.305,18.43,900,18.43
2013-08-06,18.40,18.45,18.22,18.22,4100,18.22
2013-08-05,18.20,18.415,18.20,18.38,4400,18.38
2013-08-02,18.47,18.47,18.18,18.18,5400,18.18
2013-08-01,18.30,18.47,18.15,18.46,6000,18.46
2013-07-31,18.15,18.28,18.01,18.15,5100,18.15
2013-07-30,19.00,19.00,17.75,18.20,27500,18.20
2013-07-29,19.15,19.185,18.885,18.885,2600,18.885
2013-07-26,18.95,18.98,18.725,18.98,4500,18.98
2013-07-25,19.43,19.43,18.705,18.73,5600,18.73
2013-07-24,18.60,19.34,18.60,19.34,13100,19.34
2013-07-23,18.505,19.06,18.505,18.60,12700,18.60
2013-07-22,18.72,18.77,18.55,18.77,4600,18.77
2013-07-19,18.50,18.695,18.435,18.515,2900,18.515
2013-07-18,18.50,18.69,18.43,18.43,4900,18.43
2013-07-17,18.705,18.72,18.405,18.65,2200,18.65
2013-07-16,18.89,18.985,18.505,18.505,6100,18.505
2013-07-15,18.85,19.10,18.72,18.72,3900,18.72
2013-07-12,18.75,18.83,18.37,18.68,14800,18.68
2013-07-11,18.685,18.935,18.685,18.69,3800,18.69
2013-07-10,18.99,18.99,18.78,18.78,3800,18.78
2013-07-09,19.21,19.21,18.67,18.90,6700,18.90
2013-07-08,19.05,19.20,19.05,19.05,9400,19.05
