Date,Open,High,Low,Close,Volume,Adj Close
2016-10-27,63.60,64.60,63.60,64.60,6600,64.60
2016-10-26,64.48,64.49,63.56,64.30,5500,64.30
2016-10-25,63.82,64.19,63.51,64.19,2500,64.19
2016-10-24,63.70,63.90,63.31,63.90,5700,63.90
2016-10-21,62.69,63.47,62.49,62.94,1400,62.94
2016-10-20,62.05,62.70,61.76,62.70,6300,62.70
2016-10-19,62.30,62.66,61.71,61.95,4100,61.95
2016-10-18,60.56,62.61,60.52,61.95,8900,61.95
2016-10-17,60.99,61.48,60.80,60.80,8500,60.80
2016-10-14,60.79,61.00,60.65,60.65,3000,60.65
2016-10-13,60.99,61.00,60.53,61.00,2800,61.00
2016-10-12,61.00,61.08,60.78,61.00,2400,61.00
2016-10-11,61.30,61.30,60.72,61.09,2100,61.09
2016-10-10,61.45,61.45,60.75,61.00,3600,61.00
2016-10-07,61.10,61.47,60.75,61.47,2100,61.47
2016-10-06,61.40,61.45,60.68,61.14,1800,61.14
2016-10-05,61.45,61.45,61.28,61.45,1000,61.45
2016-10-04,61.50,61.50,60.98,61.00,4700,61.00
2016-10-03,61.21,61.21,61.21,61.21,000,61.21
2016-09-30,60.39,61.21,60.25,61.21,7700,61.21
2016-09-29,60.14,61.00,60.14,60.50,6700,60.50
2016-09-28,60.50,60.50,59.86,59.86,2200,59.86
2016-09-27,59.85,60.44,59.85,60.36,1400,60.36
2016-09-26,59.99,60.49,59.80,60.00,5300,60.00
2016-09-23,60.26,60.85,59.96,59.96,3500,59.96
2016-09-22,60.22,60.73,59.93,60.49,2700,60.49
2016-09-21,60.00,60.74,59.89,60.50,6400,60.50
2016-09-20,59.90,60.35,59.87,60.00,3100,60.00
2016-09-19,60.84,61.00,60.01,60.01,5200,60.01
2016-09-16,60.23,60.23,59.90,60.10,4800,60.10
2016-09-15,59.90,60.48,59.90,60.00,10600,60.00
2016-09-14,59.80,60.50,59.80,59.90,9200,59.90
2016-09-13,60.84,60.84,59.70,59.70,2200,59.70
2016-09-12,61.20,61.25,60.01,60.10,7400,60.10
2016-09-09,61.51,62.12,61.50,61.50,1900,61.50
2016-09-08,61.20,62.16,61.20,61.70,2600,61.70
2016-09-07,61.17,61.66,60.30,61.66,5700,61.66
2016-09-06,61.20,61.66,60.69,60.91,8300,60.91
2016-09-05,61.63,61.75,61.00,61.10,2700,61.10
2016-09-02,62.65,62.65,61.58,62.28,2000,62.28
2016-09-01,62.10,62.84,61.50,61.50,3200,61.50
2016-08-31,62.80,62.92,62.11,62.11,3400,62.11
2016-08-30,61.64,62.80,61.64,62.39,900,62.39
2016-08-29,62.03,62.34,61.74,62.32,900,62.32
2016-08-26,62.47,62.47,61.52,62.03,1000,62.03
2016-08-25,62.38,62.38,61.53,62.18,900,62.18
2016-08-24,62.92,62.97,61.51,61.56,9000,61.56
2016-08-23,62.00,62.90,61.88,62.30,5000,62.30
2016-08-22,61.80,63.38,61.80,61.92,23000,61.92
2016-08-19,61.59,62.00,61.47,61.63,2600,61.63
2016-08-18,60.69,61.50,60.66,61.42,4000,61.42
2016-08-17,60.58,60.96,60.55,60.55,2800,60.55
2016-08-16,60.65,61.00,60.56,60.56,1800,60.56
2016-08-15,61.06,61.06,60.26,60.49,2900,60.49
2016-08-12,61.02,61.35,60.75,60.92,1500,60.92
2016-08-11,60.10,61.50,59.93,61.50,5300,61.50
2016-08-10,60.60,60.60,59.83,60.60,2300,60.60
2016-08-09,60.07,60.58,60.04,60.58,1900,60.58
2016-08-08,60.20,60.48,60.02,60.21,2000,60.21
2016-08-05,59.60,60.44,59.60,60.44,1600,60.44
2016-08-04,59.48,60.19,59.48,59.70,2100,59.70
2016-08-03,59.56,60.05,59.40,59.42,2700,59.42
2016-08-02,60.50,60.68,59.50,59.51,4100,59.51
2016-08-01,60.70,61.15,60.50,60.75,1500,60.75
2016-07-29,60.45,61.23,60.40,60.70,6400,60.70
2016-07-28,60.44,61.34,60.44,60.61,3800,60.61
2016-07-27,59.90,61.35,59.54,60.58,11700,60.58
2016-07-26,59.10,59.90,58.75,59.89,5100,59.89
2016-07-25,59.60,59.81,59.01,59.30,3800,59.30
2016-07-22,59.50,59.77,59.19,59.20,2100,59.20
2016-07-21,59.30,59.78,59.30,59.50,2300,59.50
2016-07-20,58.81,59.78,58.81,59.30,6500,59.30
2016-07-19,59.80,59.80,58.81,59.10,6000,59.10
2016-07-18,59.35,59.93,59.35,59.35,7100,59.35
2016-07-15,60.00,60.33,59.30,59.60,8100,59.60
2016-07-14,60.02,60.71,60.02,60.10,3100,60.10
2016-07-13,60.65,60.77,60.04,60.40,4300,60.40
2016-07-12,60.75,60.75,59.91,60.00,3900,60.00
2016-07-11,60.35,60.70,59.73,60.60,4500,60.60
2016-07-08,61.54,61.54,60.50,60.50,10000,59.00
2016-07-07,61.21,61.77,60.93,61.77,1800,60.239
2016-07-06,61.30,61.32,59.93,61.00,9300,59.488
2016-07-05,62.25,62.25,60.94,61.15,7300,59.634
2016-07-04,62.18,62.18,61.52,61.74,5800,60.209
2016-07-01,61.80,61.80,61.00,61.70,7800,60.17
2016-06-30,61.49,61.90,60.74,61.00,20500,59.488
2016-06-29,59.99,62.00,59.80,60.51,12800,59.01
2016-06-28,58.28,59.33,58.11,58.75,10400,57.293
2016-06-27,58.00,58.96,57.70,58.26,3900,56.816
2016-06-24,57.10,59.20,57.00,58.71,21300,57.254
2016-06-23,61.30,62.17,59.00,59.56,14100,58.083
2016-06-22,62.22,62.22,61.20,61.20,4500,59.683
2016-06-21,60.64,61.87,60.24,61.71,5700,60.18
2016-06-20,59.80,60.99,59.30,60.55,5900,59.049
2016-06-17,58.10,59.27,58.03,59.27,10300,57.80
2016-06-16,61.00,61.00,58.00,58.00,18200,56.562
2016-06-15,59.16,61.45,59.16,61.27,9900,59.751
2016-06-14,60.15,60.17,59.15,59.55,11000,58.074
2016-06-13,62.35,62.35,59.95,59.95,16500,58.464
2016-06-10,63.50,63.50,62.50,62.60,15100,61.048
2016-06-09,63.33,63.75,62.70,63.75,8800,62.169
2016-06-08,63.35,63.35,62.50,63.29,5300,61.721
2016-06-07,63.20,63.38,62.79,63.10,4600,61.536
2016-06-06,63.74,63.74,62.66,63.18,4800,61.614
2016-06-03,63.92,63.92,63.00,63.45,6600,61.877
2016-06-02,63.50,63.80,63.25,63.50,6500,61.926
2016-06-01,63.55,63.90,63.10,63.90,6100,62.316
2016-05-31,63.48,63.49,62.50,63.31,8200,61.74
2016-05-30,63.05,63.49,62.56,63.49,9400,61.916
2016-05-27,62.69,63.07,61.48,62.50,10200,60.95
2016-05-26,60.00,62.50,59.89,62.50,17600,60.95
2016-05-25,60.55,60.55,59.60,60.00,19400,58.512
2016-05-24,57.50,59.72,56.91,59.72,14200,58.239
2016-05-23,57.19,57.19,56.40,57.01,7900,55.597
2016-05-20,57.00,57.19,56.79,56.99,6900,55.577
2016-05-19,56.99,57.40,56.60,56.90,11200,55.489
2016-05-18,55.00,57.59,55.00,56.90,22600,55.489
2016-05-17,56.88,56.88,55.25,55.60,4200,54.221
2016-05-16,55.91,55.91,55.91,55.91,000,54.524
2016-05-13,56.00,56.07,55.10,55.91,8800,54.524
2016-05-12,55.65,56.49,55.60,56.49,6400,55.089
2016-05-11,55.71,55.98,55.65,55.65,2100,54.27
2016-05-10,56.00,56.40,55.75,55.75,1600,54.368
2016-05-09,57.00,57.00,56.00,56.10,7100,54.709
2016-05-06,56.35,56.79,56.08,56.50,3500,55.099
2016-05-05,55.74,56.50,55.74,56.06,1700,54.67
2016-05-04,55.66,56.40,55.66,56.40,3600,55.002
2016-05-03,55.99,56.35,55.63,56.29,4600,54.894
2016-05-02,57.30,57.30,55.80,56.30,4700,54.904
2016-04-29,56.05,57.00,56.05,57.00,2200,55.587
2016-04-28,56.52,56.95,56.00,56.95,6000,55.538
2016-04-27,56.33,56.41,55.80,56.40,7700,55.002
2016-04-26,55.15,56.33,55.15,56.12,3400,54.729
2016-04-25,55.65,56.30,55.50,55.90,4400,54.514
2016-04-22,56.00,56.00,54.80,55.36,22400,53.987
2016-04-21,56.80,56.80,55.61,55.61,8000,54.231
2016-04-20,57.00,57.06,56.10,56.31,9500,54.914
2016-04-19,56.49,57.00,56.40,56.85,13300,55.44
2016-04-18,55.56,56.57,55.56,55.90,5800,54.514
2016-04-15,56.39,56.68,56.01,56.65,3100,55.245
2016-04-14,55.90,57.21,55.41,56.00,8500,54.612
2016-04-13,55.50,55.53,54.78,55.05,11100,53.685
2016-04-12,55.00,55.05,54.00,54.95,9400,53.588
2016-04-11,55.00,55.67,54.80,55.00,5900,53.636
2016-04-08,54.50,54.90,54.18,54.75,7200,53.393
2016-04-07,54.50,54.75,54.29,54.50,5300,53.149
2016-04-06,54.50,54.51,53.80,54.00,13200,52.661
2016-04-05,55.50,55.51,53.90,54.10,11500,52.759
2016-04-04,55.60,56.30,55.60,55.60,7900,54.221
2016-04-01,57.75,57.97,55.90,56.00,10800,54.612
2016-03-31,57.78,58.38,56.80,56.80,9400,55.392
2016-03-30,56.76,57.60,56.76,57.60,5400,56.172
2016-03-29,57.20,57.39,56.05,56.18,7100,54.787
2016-03-28,57.15,57.15,57.15,57.15,000,55.733
2016-03-25,57.15,57.15,57.15,57.15,000,55.733
2016-03-24,58.00,58.00,56.90,57.15,5100,55.733
2016-03-23,59.60,59.60,57.00,58.00,18500,56.562
2016-03-22,59.65,59.75,58.68,58.80,6800,57.342
2016-03-21,60.48,60.48,59.07,59.13,13900,57.664
2016-03-18,59.95,60.49,59.54,60.00,4900,58.512
2016-03-17,58.90,60.40,58.77,59.95,4300,58.464
2016-03-16,57.80,59.50,57.65,58.71,3200,57.254
2016-03-15,57.30,57.82,57.00,57.82,2900,56.386
2016-03-14,56.50,57.30,56.42,57.30,12000,55.879
2016-03-11,56.39,56.39,55.88,56.39,3300,54.992
2016-03-10,56.40,56.70,55.44,55.44,6000,54.065
2016-03-09,56.20,56.76,56.20,56.41,3700,55.011
2016-03-08,56.80,56.90,56.08,56.08,1600,54.69
2016-03-07,56.05,56.90,56.05,56.80,12100,55.392
2016-03-04,56.40,57.00,55.70,56.44,11700,55.041
2016-03-03,57.00,57.00,55.71,56.00,9100,54.612
2016-03-02,56.50,57.00,56.00,56.50,9000,55.099
2016-03-01,57.00,58.00,56.29,56.81,7100,55.401
2016-02-29,53.75,56.90,53.45,56.90,8900,55.489
2016-02-26,53.15,53.57,52.90,53.57,3900,52.242
2016-02-25,52.88,53.88,52.60,52.60,7600,51.296
2016-02-24,54.70,54.70,52.88,52.88,2600,51.569
2016-02-23,54.99,55.30,54.54,55.00,2300,53.636
2016-02-22,53.30,54.99,53.30,54.99,5900,53.627
2016-02-19,53.55,54.24,53.17,53.50,2200,52.174
2016-02-18,53.50,53.99,53.50,53.72,4300,52.388
2016-02-17,52.17,53.36,51.52,53.14,3000,51.822
2016-02-16,52.50,52.50,51.50,51.51,2900,50.233
2016-02-15,51.50,52.30,51.50,52.00,3000,50.711
2016-02-12,50.81,51.49,50.70,50.80,2100,49.54
2016-02-11,51.75,52.39,51.04,51.15,6500,49.882
2016-02-10,51.50,53.22,51.50,52.80,7100,51.491
2016-02-09,53.90,53.90,50.43,51.40,6300,50.126
2016-02-08,55.20,55.50,53.05,53.15,6000,51.832
2016-02-05,55.66,55.66,55.21,55.50,200,54.124
2016-02-04,55.51,56.00,55.23,55.30,1500,53.929
2016-02-03,56.00,56.58,55.00,56.00,6200,54.612
2016-02-02,56.30,56.47,55.40,56.00,5700,54.612
2016-02-01,56.08,56.85,56.08,56.37,3500,54.972
2016-01-29,56.44,56.69,56.15,56.50,6300,55.099
2016-01-28,56.06,56.45,56.01,56.10,1100,54.709
2016-01-27,56.49,57.00,56.20,56.50,10900,55.099
2016-01-26,56.13,56.48,56.13,56.48,1500,55.08
2016-01-25,57.10,57.36,55.80,56.49,1500,55.089
2016-01-22,56.50,57.98,56.50,57.28,5900,55.86
2016-01-21,56.44,56.44,55.50,56.20,3200,54.807
2016-01-20,56.90,56.90,55.17,55.17,5800,53.802
2016-01-19,56.50,59.00,56.47,57.91,10300,56.474
2016-01-18,56.40,56.40,55.20,55.48,4400,54.104
2016-01-15,56.59,56.59,55.26,55.80,5300,54.417
2016-01-14,55.70,55.81,54.93,55.50,5500,54.124
2016-01-13,56.09,56.75,55.15,55.50,7000,54.124
2016-01-12,56.85,56.85,54.50,56.20,8200,54.807
2016-01-11,56.80,58.00,56.23,56.23,5900,54.836
2016-01-08,58.75,58.75,55.87,57.09,15700,55.675
2016-01-07,60.50,60.71,57.81,58.24,21100,56.796
2016-01-06,61.90,62.66,60.50,60.80,6100,59.293
2016-01-05,62.30,63.00,61.53,62.50,7000,60.95
2016-01-04,61.93,62.66,60.49,62.30,5400,60.755
2015-12-30,63.04,63.04,61.20,61.25,4100,59.731
2015-12-29,62.17,63.00,62.15,62.75,2900,61.194
2015-12-28,63.21,63.69,62.11,62.17,4300,60.629
2015-12-23,64.98,64.99,63.50,63.50,9200,61.926
2015-12-22,64.32,65.39,63.50,65.39,11000,63.769
2015-12-21,62.00,65.00,60.37,64.25,16700,62.657
2015-12-18,60.83,62.50,60.31,62.50,7000,60.95
2015-12-17,60.40,62.00,60.34,61.87,8200,60.336
2015-12-16,61.35,61.35,59.50,59.63,27400,58.152
2015-12-15,59.72,60.71,59.72,60.65,10700,59.146
2015-12-14,60.11,61.16,58.86,59.50,22200,58.025
2015-12-11,60.20,61.28,59.00,59.90,27900,58.415
2015-12-10,62.00,62.00,57.30,60.20,179500,58.707
2015-12-09,73.50,73.50,72.60,73.00,1900,71.19
2015-12-08,74.00,74.00,72.84,72.89,2800,71.083
2015-12-07,73.93,74.50,73.49,74.50,2400,72.653
2015-12-04,73.50,74.59,72.60,74.10,18100,72.263
2015-12-03,73.51,74.69,73.50,73.50,10000,71.678
2015-12-02,75.00,75.50,73.50,74.50,16700,72.653
2015-12-01,76.00,77.00,75.41,76.20,7800,74.311
2015-11-30,74.28,76.00,74.28,76.00,15700,74.116
2015-11-27,74.50,74.50,73.48,74.28,7700,72.438
2015-11-26,74.50,74.65,73.80,74.65,8500,72.799
2015-11-25,73.56,74.50,72.99,74.50,5500,72.653
2015-11-24,74.58,74.64,73.60,74.19,3600,72.351
2015-11-23,72.99,75.00,72.77,74.60,4200,72.75
2015-11-20,73.00,73.60,71.51,72.30,7600,70.507
2015-11-19,72.01,73.00,72.01,72.50,4200,70.702
2015-11-18,72.05,72.99,72.01,72.01,5600,70.225
2015-11-17,71.49,72.25,71.49,72.25,3700,70.459
2015-11-16,70.90,71.49,70.25,71.45,1400,69.679
2015-11-13,72.99,73.54,71.01,71.01,6600,69.249
2015-11-12,71.50,73.00,71.49,72.50,8100,70.702
2015-11-11,70.99,71.49,70.96,71.49,5700,69.718
2015-11-10,71.00,71.48,70.60,71.00,2600,69.24
2015-11-09,71.50,71.99,71.13,71.20,2000,69.435
2015-11-06,71.50,71.80,71.25,71.50,5600,69.727
2015-11-05,71.70,71.81,71.00,71.80,4800,70.02
2015-11-04,71.80,71.80,70.70,70.70,2400,68.947
2015-11-03,70.51,71.75,70.33,71.65,2500,69.874
2015-11-02,70.02,71.50,69.81,71.50,4500,69.727
2015-10-30,70.50,70.69,69.01,70.02,5900,68.284
2015-10-29,70.99,71.00,69.35,70.25,3100,68.508
2015-10-28,69.90,70.62,69.50,70.62,7500,68.869
2015-10-27,71.48,71.50,69.86,69.99,6600,68.255
2015-10-26,70.70,71.90,70.60,71.50,15900,69.727
2015-10-23,69.50,70.58,67.66,70.50,199300,68.752
2015-10-22,70.88,71.45,70.46,70.50,3000,68.752
2015-10-21,73.25,73.39,69.89,69.89,4300,68.157
2015-10-20,72.24,73.27,72.02,72.02,2900,70.234
2015-10-19,73.49,73.50,72.55,72.55,2000,70.751
2015-10-16,73.11,73.97,72.60,73.00,2900,71.19
2015-10-15,73.90,73.90,72.96,73.50,2700,71.678
2015-10-14,75.26,75.26,72.20,73.00,7100,71.19
2015-10-13,75.10,76.25,75.10,75.64,100,73.765
2015-10-12,74.00,75.20,74.00,75.20,700,73.336
2015-10-09,74.20,74.53,73.20,74.00,4600,72.165
2015-10-08,73.37,73.70,72.73,73.70,3700,71.873
2015-10-07,73.50,73.50,72.62,72.79,3500,70.985
2015-10-06,73.18,73.50,72.90,73.13,600,71.317
2015-10-05,73.00,73.20,72.26,72.72,2600,70.917
2015-10-02,72.60,72.65,71.46,72.00,2200,70.215
2015-10-01,72.45,73.01,71.50,71.60,3200,69.825
2015-09-30,70.93,72.99,70.60,72.00,19300,70.215
2015-09-29,70.01,70.97,69.90,70.40,2300,68.655
2015-09-28,71.23,71.41,70.43,70.45,2800,68.703
2015-09-25,70.50,72.35,70.50,71.22,1100,69.454
2015-09-24,72.31,73.03,70.10,70.63,2800,68.879
2015-09-23,73.40,73.40,72.26,72.44,1200,70.644
2015-09-22,74.20,74.20,72.50,72.50,1900,70.702
2015-09-21,74.36,74.37,73.20,73.40,200,71.58
2015-09-18,73.50,74.64,73.50,74.00,3400,72.165
2015-09-17,74.06,74.06,74.00,74.00,500,72.165
2015-09-16,74.67,74.67,74.00,74.00,1600,72.165
2015-09-15,75.12,75.12,75.00,75.00,5600,73.14
2015-09-14,76.40,76.40,75.75,75.75,400,73.872
2015-09-11,77.31,77.31,75.95,76.00,4000,74.116
2015-09-10,77.96,78.80,77.49,77.78,1500,75.852
2015-09-09,78.38,78.79,77.33,78.79,3000,76.837
2015-09-08,76.01,77.88,76.01,77.88,2400,75.949
2015-09-07,75.39,76.54,75.01,76.54,1800,74.642
2015-09-04,75.00,75.00,74.00,75.00,4100,73.14
2015-09-03,75.57,75.58,74.75,75.00,4600,73.14
2015-09-02,74.67,75.57,73.60,75.57,3900,73.696
2015-09-01,74.00,75.00,73.38,75.00,4900,73.14
2015-08-31,73.40,75.17,73.40,75.00,1700,73.14
2015-08-28,70.91,73.71,70.91,73.71,3600,71.882
2015-08-27,67.85,70.71,67.39,70.71,5200,68.957
2015-08-26,69.50,69.50,67.90,67.90,3200,66.217
2015-08-25,69.70,70.34,69.00,69.44,4100,67.718
2015-08-24,70.20,70.20,68.31,69.68,5800,67.952
2015-08-21,70.00,71.20,68.44,70.50,3000,68.752
2015-08-20,72.54,73.39,72.00,72.00,1100,70.215
2015-08-19,72.54,74.48,72.00,72.23,3700,70.439
2015-08-18,73.80,73.80,72.85,72.94,1400,71.132
2015-08-17,72.81,73.92,72.81,73.80,700,71.97
2015-08-14,74.04,74.75,73.90,73.90,1400,72.068
2015-08-13,74.10,74.99,74.00,74.00,1200,72.165
2015-08-12,76.10,76.10,74.10,74.10,3500,72.263
2015-08-11,77.00,77.00,76.10,76.10,3100,74.213
2015-08-10,76.80,76.80,76.16,76.17,600,74.281
2015-08-07,76.05,76.66,76.05,76.10,1300,74.213
2015-08-06,75.88,76.68,75.88,76.10,900,74.213
2015-08-05,75.10,76.60,75.09,76.10,9300,74.213
2015-08-04,75.00,75.72,74.30,75.10,4400,73.238
2015-08-03,75.00,75.00,74.00,74.98,4000,73.121
2015-07-31,77.10,77.23,74.19,74.50,3800,72.653
2015-07-30,77.40,77.40,76.20,76.49,600,74.594
2015-07-29,78.90,78.90,76.44,76.45,2300,74.555
2015-07-28,78.02,78.79,77.84,77.85,2700,75.92
2015-07-27,78.36,79.02,78.34,78.34,800,76.398
2015-07-24,79.20,79.49,78.27,78.90,2000,76.944
2015-07-23,78.94,79.19,78.21,79.17,3100,77.207
2015-07-22,79.00,79.18,78.50,78.86,1600,76.905
2015-07-21,78.50,78.91,78.28,78.44,300,76.495
2015-07-20,77.73,78.50,77.50,78.00,2700,76.066
2015-07-17,77.00,78.50,77.00,77.71,3800,75.783
2015-07-16,76.51,77.00,76.25,76.25,900,74.36
2015-07-15,76.97,77.00,76.51,76.51,1200,74.613
2015-07-14,76.04,77.45,76.04,76.42,2200,74.525
2015-07-13,75.44,77.00,75.44,77.00,1600,75.091
2015-07-10,73.89,75.45,73.89,75.44,2800,73.57
2015-07-09,75.47,75.47,74.00,74.20,1200,71.58
2015-07-08,73.60,75.25,73.45,75.25,2200,72.593
2015-07-07,74.30,74.51,72.70,73.22,1600,70.635
2015-07-06,74.00,74.80,73.81,74.80,800,72.159
2015-07-03,75.35,75.88,74.31,74.31,5400,71.686
2015-07-02,75.00,75.77,75.00,75.64,8000,72.969
2015-07-01,74.02,76.49,74.02,74.30,5600,71.677
2015-06-30,76.50,76.50,74.01,74.01,4900,71.397
2015-06-29,74.50,76.62,73.20,76.48,5100,73.78
2015-06-26,77.30,77.30,75.70,75.75,3400,73.075
2015-06-25,76.73,77.00,75.75,76.50,1700,73.799
2015-06-24,78.75,78.75,76.61,76.70,2400,73.992
2015-06-23,77.65,78.75,77.65,77.94,1400,75.188
2015-06-22,77.95,78.55,77.45,78.50,27400,75.728
2015-06-19,76.85,77.80,76.85,77.50,4900,74.764
2015-06-18,77.30,77.44,76.99,77.40,1000,74.667
2015-06-17,77.00,77.38,76.59,77.28,900,74.551
2015-06-16,76.91,77.00,75.13,76.10,9800,73.413
2015-06-15,78.00,78.00,76.90,77.50,3900,74.764
2015-06-12,77.85,78.00,77.75,77.75,600,75.005
2015-06-11,77.98,78.00,77.40,77.40,4300,74.667
2015-06-10,76.84,77.95,76.84,77.80,5100,75.053
2015-06-09,78.99,79.00,77.00,77.50,10000,74.764
2015-06-08,79.00,79.30,78.44,78.50,4900,75.728
2015-06-05,78.50,78.99,78.50,78.82,600,76.037
2015-06-04,78.92,79.00,78.55,78.76,700,75.979
2015-06-03,79.10,79.40,78.55,79.15,3400,76.355
2015-06-02,79.26,79.30,78.92,79.02,4900,76.23
2015-06-01,79.58,79.97,78.86,79.25,3500,76.452
2015-05-29,79.70,80.00,79.56,79.56,3600,76.751
2015-05-28,79.52,79.78,79.52,79.78,300,76.963
2015-05-27,79.76,80.00,79.52,79.52,2500,76.712
2015-05-26,80.00,80.00,79.53,79.77,900,76.953
2015-05-22,79.93,80.00,79.88,80.00,1200,77.175
2015-05-21,79.79,80.01,79.79,79.93,4800,77.108
2015-05-20,79.99,80.10,79.79,79.79,6200,76.973
2015-05-19,79.73,80.00,79.50,79.59,3800,76.78
2015-05-18,79.41,80.49,79.41,79.99,4000,77.166
2015-05-15,78.90,79.85,78.90,79.85,400,77.031
2015-05-14,79.00,79.00,78.85,78.85,600,76.066
2015-05-13,78.41,78.75,78.21,78.70,2000,75.921
2015-05-12,79.63,79.63,77.32,77.37,3200,74.638
2015-05-11,79.00,80.45,79.00,79.63,4000,76.818
2015-05-08,79.31,79.50,78.71,79.07,2200,76.278
2015-05-07,79.95,79.95,78.10,78.85,2000,76.066
2015-05-06,80.00,80.26,79.39,80.00,1500,77.175
2015-05-05,79.99,80.25,79.64,79.80,3000,76.982
2015-05-04,79.40,80.72,79.11,79.55,7700,76.741
2015-04-30,78.51,81.20,78.50,78.81,22300,76.027
2015-04-29,81.00,81.37,77.32,78.50,24700,75.728
2015-04-28,81.00,81.25,80.27,81.25,4000,78.381
2015-04-27,79.78,80.85,79.49,80.84,2300,77.986
2015-04-24,81.64,81.64,79.36,79.78,3600,76.963
2015-04-23,81.51,81.96,81.01,81.01,4100,78.15
2015-04-22,81.79,83.03,81.79,82.10,3500,79.201
2015-04-21,80.17,82.98,80.17,81.20,2400,78.333
2015-04-20,78.50,80.14,78.50,80.00,3700,77.175
2015-04-17,79.22,79.61,77.87,78.20,5600,75.439
2015-04-16,80.00,80.00,79.01,79.95,2800,77.127
2015-04-15,79.35,79.95,79.35,79.91,3300,77.089
2015-04-14,79.53,79.95,79.01,79.95,2000,77.127
2015-04-13,77.60,80.00,77.60,79.50,14100,76.693
2015-04-10,76.37,78.98,76.37,78.20,12600,75.439
2015-04-09,76.00,76.57,75.59,76.45,6700,73.751
2015-04-08,76.00,76.00,75.21,75.55,3200,72.883
2015-04-07,75.40,76.00,75.40,75.40,11300,72.738
2015-04-02,75.10,75.50,74.86,75.45,6700,72.786
2015-04-01,73.93,75.72,73.59,75.46,8400,72.796
2015-03-31,74.75,75.09,73.28,73.28,9900,70.693
2015-03-30,73.36,75.53,73.21,74.50,3900,71.87
2015-03-27,71.90,74.47,71.45,73.36,5300,70.77
2015-03-26,72.20,72.30,71.06,71.06,5000,68.551
2015-03-25,72.50,72.51,71.79,72.21,2900,69.66
2015-03-24,71.84,72.29,71.54,72.27,1300,69.718
2015-03-23,72.25,72.89,71.00,71.80,5200,69.265
2015-03-20,73.34,73.47,72.42,72.87,2500,70.297
2015-03-19,72.80,73.34,72.51,73.00,2600,70.423
2015-03-18,72.80,73.39,72.30,72.30,3600,69.747
2015-03-17,72.50,73.49,72.22,72.22,2300,69.67
2015-03-16,72.51,72.99,72.13,72.90,1300,70.326
2015-03-13,73.10,73.29,72.52,72.52,5900,69.959
2015-03-12,73.75,73.75,73.09,73.09,1200,70.509
2015-03-11,73.43,74.06,73.40,73.41,2400,70.818
2015-03-10,73.73,73.74,73.09,73.09,2800,70.509
2015-03-09,73.30,74.06,73.11,73.70,2900,71.098
2015-03-06,72.79,73.34,72.61,73.30,7100,70.712
2015-03-05,71.72,72.52,71.50,72.40,3100,69.844
2015-03-04,72.77,72.79,70.95,71.63,8400,69.101
2015-03-03,75.11,75.11,72.20,72.22,5700,69.67
2015-03-02,76.24,76.24,74.95,75.01,3700,72.362
2015-02-27,75.90,76.77,75.41,76.25,17000,73.558
2015-02-26,75.25,75.40,75.18,75.25,8500,72.593
2015-02-25,75.74,75.74,75.10,75.25,9100,72.593
2015-02-24,75.34,75.51,75.01,75.24,4600,72.583
2015-02-23,75.00,75.20,74.67,75.00,3900,72.352
2015-02-20,76.00,76.00,73.80,74.00,3000,71.387
2015-02-19,75.61,76.10,75.61,75.61,1200,72.94
2015-02-18,75.55,76.10,75.55,75.90,6700,73.22
2015-02-17,74.10,76.10,74.05,76.00,4100,73.317
2015-02-16,74.29,74.29,73.50,73.50,7800,70.905
2015-02-13,73.10,74.00,73.08,73.38,8700,70.789
2015-02-12,73.90,73.90,73.08,73.09,1600,70.509
2015-02-11,73.39,73.60,73.08,73.20,7800,70.615
2015-02-10,72.01,73.00,72.01,73.00,4400,70.423
2015-02-09,74.50,74.50,72.36,72.36,3000,69.805
2015-02-06,74.99,75.09,74.20,74.20,2100,71.58
2015-02-05,74.73,75.02,74.46,74.90,3500,72.255
2015-02-04,75.50,76.09,75.12,75.21,2500,72.555
2015-02-03,74.95,76.00,74.71,75.80,16300,73.124
2015-02-02,73.50,74.75,73.50,74.70,6000,72.063
2015-01-30,73.00,74.75,73.00,74.40,6500,71.773
2015-01-29,73.49,73.64,72.90,72.90,3000,70.326
2015-01-28,74.75,74.75,73.49,73.49,1500,70.895
2015-01-27,74.25,74.76,73.69,74.64,10500,72.005
2015-01-26,74.00,74.49,73.53,74.20,2500,71.58
2015-01-23,74.00,74.12,73.13,73.30,4600,70.712
2015-01-22,73.53,73.99,73.34,73.74,3900,71.136
2015-01-21,73.10,74.00,72.86,74.00,6100,71.387
2015-01-20,72.87,73.30,72.42,72.82,1900,70.249
2015-01-19,73.30,73.74,72.86,72.94,3200,70.365
2015-01-16,73.19,73.71,72.64,73.00,2600,70.423
2015-01-15,72.99,73.30,72.71,72.72,1900,70.152
2015-01-14,73.55,73.55,72.64,73.36,2400,70.77
2015-01-13,72.99,73.69,72.65,73.69,2300,71.088
2015-01-12,72.90,72.94,72.21,72.64,2100,70.075
2015-01-09,72.02,72.74,72.02,72.70,3500,70.133
2015-01-08,71.71,72.39,71.71,72.19,1700,69.641
2015-01-07,71.66,72.09,71.64,72.07,1300,69.525
2015-01-06,71.65,72.16,71.65,71.65,1600,69.12
2015-01-05,71.85,72.36,71.27,72.36,2500,69.805
2015-01-02,71.00,71.83,70.52,71.83,2500,69.294
2014-12-30,71.36,72.00,71.07,71.07,1600,68.561
2014-12-29,69.74,72.20,69.00,72.20,10300,69.651
2014-12-23,68.20,69.52,67.41,69.49,3200,67.036
2014-12-22,67.00,68.03,67.00,68.03,9700,65.628
2014-12-19,67.19,67.70,66.68,66.90,3500,64.538
2014-12-18,66.79,67.86,66.16,66.90,4600,64.538
2014-12-17,67.50,67.97,66.70,66.70,1700,64.345
2014-12-16,68.74,69.01,67.45,67.49,4600,65.107
2014-12-15,70.10,70.10,66.81,68.74,4300,66.313
2014-12-12,70.40,70.54,69.13,69.59,5400,67.133
2014-12-11,71.39,71.39,70.27,70.52,2600,68.03
2014-12-10,71.55,71.75,70.55,71.29,4400,68.773
2014-12-09,71.97,72.19,71.25,71.69,9100,69.159
2014-12-08,71.90,72.40,71.37,71.37,4900,68.85
2014-12-05,70.65,71.91,70.50,71.91,4100,69.371
2014-12-04,70.48,71.00,70.28,70.50,4100,68.011
2014-12-03,69.21,70.47,68.50,70.18,12700,67.702
2014-12-02,68.72,69.75,68.51,69.75,9300,67.287
2014-12-01,67.50,69.00,67.24,68.32,8500,65.908
2014-11-28,67.79,68.23,66.29,66.96,3000,64.596
2014-11-27,68.00,68.00,67.71,67.85,1600,65.454
2014-11-26,69.40,69.40,67.77,67.77,7500,65.377
2014-11-25,69.90,69.90,68.17,68.78,6000,66.352
2014-11-24,69.50,70.01,68.97,69.50,8200,67.046
2014-11-21,71.00,71.00,69.95,70.31,3500,67.828
2014-11-20,70.59,70.60,70.01,70.55,3600,68.059
2014-11-19,70.40,70.84,69.41,70.41,12900,67.924
2014-11-18,69.10,70.10,69.10,70.00,14800,67.528
2014-11-17,69.00,69.63,68.60,69.00,14400,66.564
2014-11-14,68.50,70.02,68.15,68.85,15600,66.419
2014-11-13,68.10,68.43,67.30,68.02,15600,65.618
2014-11-12,66.99,68.60,66.90,67.91,17900,65.512
2014-11-11,66.30,67.24,66.20,67.00,17200,64.634
2014-11-10,66.30,66.31,64.30,65.42,11300,63.11
2014-11-07,66.73,68.40,66.31,66.31,6800,63.969
2014-11-06,68.25,68.50,66.73,67.00,8600,64.634
2014-11-05,67.58,68.68,67.45,68.68,2900,66.255
2014-11-04,66.92,67.88,66.92,67.88,5900,65.483
2014-11-03,67.15,67.49,66.72,67.40,3700,65.02
2014-10-31,65.50,66.50,65.50,66.50,22500,64.152
2014-10-30,66.00,66.00,65.25,65.90,1100,63.573
2014-10-29,65.50,66.00,64.76,65.75,10100,63.429
2014-10-28,65.26,65.60,65.00,65.50,1000,63.187
2014-10-27,65.90,66.00,65.08,65.25,6300,62.946
2014-10-24,65.50,66.50,65.25,65.86,4600,63.535
2014-10-23,64.00,66.29,64.00,66.00,9300,63.67
2014-10-22,61.74,65.48,61.74,64.49,2900,62.213
2014-10-21,62.01,62.18,61.70,61.80,100,59.618
2014-10-20,61.88,62.30,61.13,61.54,3500,59.367
2014-10-17,60.40,61.55,60.40,61.08,5100,58.923
2014-10-16,60.50,60.72,58.10,60.26,8900,58.132
2014-10-15,61.08,61.53,59.90,61.00,3600,58.846
2014-10-14,60.92,61.24,60.31,61.00,4300,58.846
2014-10-13,61.00,61.24,60.40,61.00,3300,58.846
2014-10-10,60.90,61.19,60.61,61.00,6000,58.846
2014-10-09,61.98,62.00,61.00,61.50,3400,59.329
2014-10-08,61.26,61.79,61.00,61.22,4100,59.058
2014-10-07,61.29,61.98,61.25,61.35,5200,59.184
2014-10-06,62.00,62.72,60.95,61.10,7700,58.943
2014-10-03,61.67,61.67,61.67,61.67,000,59.493
2014-10-02,63.35,63.35,61.41,61.67,3600,59.493
2014-10-01,62.35,63.37,62.35,62.99,1500,60.766
2014-09-30,62.85,63.12,61.40,62.60,9100,60.39
2014-09-29,63.25,63.49,62.26,62.71,11200,60.496
2014-09-26,62.01,63.32,62.01,62.58,3500,60.37
2014-09-25,62.00,62.57,61.76,62.30,2400,60.10
2014-09-24,62.45,62.45,62.00,62.00,3700,59.811
2014-09-23,65.57,65.65,61.95,61.95,10400,59.763
2014-09-22,65.38,65.38,64.60,65.38,2000,63.072
2014-09-19,64.70,65.75,64.60,64.64,5500,62.358
2014-09-18,65.05,65.35,64.90,64.90,900,62.609
2014-09-17,65.31,65.45,64.71,64.71,2200,62.425
2014-09-16,66.33,66.34,64.21,65.50,3000,63.187
2014-09-15,67.00,67.17,66.60,66.81,1100,64.451
2014-09-12,66.97,67.19,66.61,66.61,2700,64.258
2014-09-11,67.40,67.77,67.00,67.00,3500,64.634
2014-09-10,67.85,67.94,67.09,67.46,2000,65.078
2014-09-09,67.50,68.15,67.50,67.50,1900,65.117
2014-09-08,66.80,67.49,66.00,67.47,3600,65.088
2014-09-05,66.33,67.35,65.01,66.35,5500,64.007
2014-09-04,67.90,67.90,66.56,66.90,6500,64.538
2014-09-03,69.70,69.70,66.31,67.50,13300,65.117
2014-09-02,69.95,70.00,68.75,69.70,6300,67.239
2014-09-01,70.90,70.90,68.70,69.60,7900,67.143
2014-08-29,71.23,71.68,70.31,70.50,7900,68.011
2014-08-28,70.99,71.23,70.61,71.23,1500,68.715
2014-08-27,69.75,70.56,69.75,70.56,5900,68.069
2014-08-26,69.97,70.00,69.40,69.75,6600,67.287
2014-08-25,69.50,70.10,69.40,69.50,10200,67.046
2014-08-22,70.25,70.30,69.95,70.25,3200,67.77
2014-08-21,70.00,70.20,69.63,70.00,5500,67.528
2014-08-20,69.80,70.00,69.78,70.00,4000,67.528
2014-08-19,69.85,69.85,69.54,69.54,1500,67.085
2014-08-18,69.59,69.78,68.89,69.50,5100,67.046
2014-08-15,69.79,69.94,69.30,69.77,1800,67.307
2014-08-14,69.97,69.97,68.90,69.34,2100,66.892
2014-08-13,69.37,69.88,68.96,69.41,3900,66.959
2014-08-12,69.66,69.90,69.35,69.47,700,67.017
2014-08-11,68.37,69.50,68.36,69.50,1600,67.046
2014-08-08,69.65,69.86,68.01,68.21,4900,65.802
2014-08-07,70.30,70.50,69.65,70.40,2100,67.914
2014-08-06,69.75,70.70,69.65,69.94,4900,67.471
2014-08-05,70.75,71.00,69.95,71.00,2300,68.493
2014-08-04,68.50,71.00,68.20,69.97,6500,67.50
2014-08-01,72.10,72.17,67.00,68.15,10300,65.744
2014-07-31,72.47,72.75,71.50,72.40,8200,69.844
2014-07-30,74.50,75.29,72.10,72.83,5100,70.259
2014-07-29,74.40,74.87,73.90,73.91,3700,71.30
2014-07-28,72.62,74.25,72.12,73.89,4900,71.281
2014-07-25,73.59,73.59,72.00,72.50,3100,69.94
2014-07-24,73.96,74.00,73.50,73.58,100,70.982
2014-07-23,73.99,73.99,73.30,73.41,100,70.818
2014-07-22,73.86,73.86,73.29,73.50,1000,70.905
2014-07-21,72.25,74.00,72.25,73.27,4700,70.683
2014-07-18,72.71,73.19,72.58,72.84,1400,70.268
2014-07-17,73.20,73.40,72.83,73.17,900,70.587
2014-07-16,72.69,72.90,72.44,72.70,2700,70.133
2014-07-15,72.80,73.12,71.90,72.65,5000,70.085
2014-07-14,73.75,73.93,72.80,72.80,6100,70.23
2014-07-11,73.30,73.81,73.12,73.50,4100,70.905
2014-07-10,74.25,74.25,72.80,73.59,15400,70.22
2014-07-09,74.08,74.25,73.60,74.00,2700,70.611
2014-07-08,74.00,74.37,73.91,74.20,4800,70.802
2014-07-07,73.40,74.00,73.00,74.00,2100,70.611
2014-07-04,74.87,74.98,73.75,73.90,3200,70.516
2014-07-03,74.37,74.50,74.00,74.20,700,70.802
2014-07-02,74.20,74.30,73.50,73.94,3500,70.554
2014-07-01,75.00,75.00,72.82,73.95,18900,70.563
2014-06-30,75.85,75.85,74.83,74.98,6600,71.546
2014-06-27,75.50,75.80,74.82,74.82,10200,71.394
2014-06-26,75.65,76.00,74.80,75.25,21300,71.804
2014-06-25,75.29,75.31,74.70,75.00,4700,71.565
2014-06-24,75.50,75.50,74.97,75.10,4300,71.661
2014-06-23,75.79,75.80,75.00,75.45,4000,71.995
2014-06-20,75.60,75.75,75.25,75.50,2900,72.042
2014-06-19,75.71,75.80,75.00,75.49,4300,72.033
2014-06-18,75.50,75.98,75.49,75.80,5700,72.329
2014-06-17,75.10,75.69,75.10,75.68,6900,72.214
2014-06-16,76.50,76.50,75.11,75.11,4200,71.67
2014-06-13,76.50,76.50,75.70,75.70,2600,72.233
2014-06-12,75.30,76.34,75.29,76.34,8700,72.844
2014-06-11,76.85,77.00,72.90,75.30,10700,71.852
2014-06-10,77.35,77.99,76.88,77.00,14400,73.474
2014-06-09,74.99,75.50,74.62,75.50,5300,72.042
2014-06-06,74.38,74.99,74.00,74.45,6400,71.041
2014-06-05,73.00,73.99,72.51,73.81,25800,70.43
2014-06-04,71.99,73.00,71.21,72.86,17300,69.523
2014-06-03,71.30,71.99,71.00,71.25,33600,67.987
2014-06-02,71.10,71.50,70.82,71.02,9200,67.768
2014-05-30,70.19,71.43,70.19,71.00,5800,67.749
2014-05-29,70.20,70.20,69.52,70.11,1900,66.899
2014-05-28,70.35,70.35,69.88,70.27,2700,67.052
2014-05-27,70.50,70.80,70.00,70.07,5200,66.861
2014-05-26,70.75,70.80,70.01,70.44,4800,67.214
2014-05-23,70.75,70.75,70.50,70.60,6300,67.367
2014-05-22,70.00,70.74,69.96,70.74,18700,67.50
2014-05-21,68.00,68.80,67.28,68.80,2700,65.649
2014-05-20,68.50,68.50,67.01,67.65,4700,64.552
2014-05-19,68.75,68.75,68.27,68.50,14100,65.363
2014-05-16,68.40,68.75,67.81,68.75,4800,65.602
2014-05-15,68.05,68.75,68.00,68.70,8200,65.554
2014-05-14,67.50,68.73,67.40,68.19,9800,65.067
2014-05-13,67.85,67.85,67.01,67.50,5100,64.409
2014-05-12,67.10,67.50,67.10,67.50,5700,64.409
2014-05-09,66.51,67.50,66.50,67.50,5100,64.409
2014-05-08,67.06,67.24,66.59,67.10,8200,64.027
2014-05-07,66.72,67.22,66.52,67.00,2000,63.932
2014-05-06,67.50,67.50,66.80,67.48,5600,64.39
2014-05-05,67.00,68.38,66.62,67.50,26700,64.409
2014-05-02,64.91,67.00,64.90,67.00,22700,63.932
2014-04-30,64.00,64.99,64.00,64.99,13500,62.014
2014-04-29,64.30,64.35,63.62,64.00,2800,61.069
2014-04-28,63.70,64.20,63.60,64.20,9100,61.26
2014-04-25,62.88,63.75,62.50,63.75,3800,60.831
2014-04-24,62.50,62.70,62.30,62.50,16500,59.638
2014-04-23,62.06,62.50,61.90,62.50,8200,59.638
2014-04-22,62.50,62.50,62.25,62.25,2300,59.399
2014-04-17,62.44,62.50,62.09,62.50,10700,59.638
2014-04-16,62.40,62.50,61.50,62.00,8700,59.161
2014-04-15,62.70,62.70,62.21,62.28,1400,59.428
2014-04-14,61.80,62.69,61.70,62.07,2200,59.228
2014-04-11,63.90,63.90,62.36,62.36,4600,59.504
2014-04-10,64.20,64.50,63.39,63.75,6700,60.831
2014-04-09,63.00,64.00,62.99,64.00,4800,61.069
2014-04-08,62.40,63.00,62.05,62.87,2300,59.991
2014-04-07,63.10,63.16,62.52,63.16,4600,60.268
2014-04-04,63.19,63.19,63.00,63.18,3500,60.287
2014-04-03,62.99,63.00,62.36,62.83,3400,59.953
2014-04-02,63.25,63.30,62.11,62.98,6800,60.096
2014-04-01,63.50,63.50,62.66,63.00,13700,60.115
2014-03-31,63.25,63.50,62.94,63.50,2300,60.592
2014-03-28,63.40,63.50,62.66,62.66,6000,59.79
2014-03-27,64.99,64.99,61.55,61.55,11200,58.731
2014-03-26,64.48,65.50,64.41,64.80,31200,61.832
2014-03-25,59.65,64.20,59.35,64.00,49900,61.069
2014-03-24,60.95,60.95,60.00,60.77,800,57.987
2014-03-21,60.98,61.00,60.51,60.99,600,58.197
2014-03-20,60.50,61.01,60.50,61.01,1700,58.216
2014-03-19,60.50,60.50,60.49,60.50,3600,57.729
2014-03-18,61.50,61.50,60.00,60.50,5700,57.729
2014-03-17,60.00,61.50,59.26,61.50,2600,58.684
2014-03-14,60.00,60.50,58.50,59.01,6100,56.308
2014-03-13,60.49,60.50,60.03,60.45,2800,57.682
2014-03-12,60.20,60.38,60.15,60.38,500,57.615
2014-03-11,60.31,60.50,60.10,60.50,1500,57.729
2014-03-10,60.30,60.50,60.30,60.40,700,57.634
2014-03-07,60.38,60.40,59.42,60.22,600,57.462
2014-03-06,60.35,60.40,59.63,59.63,6300,56.899
2014-03-05,60.22,60.40,59.99,60.10,4800,57.348
2014-03-04,59.80,60.40,59.80,60.40,900,57.634
2014-03-03,60.52,60.52,60.08,60.08,2300,57.329
2014-02-28,60.61,61.00,60.61,60.85,1000,58.063
2014-02-27,60.62,60.85,60.62,60.85,100,58.063
2014-02-26,60.98,61.00,60.98,61.00,1000,58.207
2014-02-25,60.51,60.98,60.51,60.98,100,58.187
2014-02-24,61.00,61.00,60.56,60.56,1900,57.787
2014-02-21,60.85,60.85,60.67,60.70,600,57.92
2014-02-20,60.74,60.89,60.50,60.89,500,58.102
2014-02-19,61.00,61.00,60.71,61.00,1700,58.207
2014-02-18,61.00,61.00,61.00,61.00,3300,58.207
2014-02-17,61.00,61.00,60.92,60.92,1900,58.13
2014-02-14,60.89,61.00,60.89,61.00,2800,58.207
2014-02-13,61.00,61.00,60.84,61.00,600,58.207
2014-02-12,61.00,61.00,60.80,60.96,1400,58.168
2014-02-11,60.89,61.09,60.51,60.52,10900,57.748
2014-02-10,60.69,60.90,60.00,60.42,1500,57.653
2014-02-07,60.50,60.70,60.49,60.70,200,57.92
2014-02-06,60.39,60.48,60.39,60.40,000,57.634
2014-02-05,60.00,60.39,59.75,59.75,1400,57.014
2014-02-04,60.41,60.51,59.70,60.50,2400,57.729
2014-02-03,60.12,60.90,60.12,60.85,600,58.063
2014-01-31,60.13,60.60,59.60,59.70,600,56.966
2014-01-30,60.00,60.10,60.00,60.10,100,57.348
2014-01-29,60.00,60.25,59.36,59.52,1500,56.794
2014-01-28,59.99,59.99,59.50,59.50,200,56.775
2014-01-27,60.45,60.80,59.30,59.40,2100,56.68
2014-01-24,60.80,60.84,60.52,60.52,200,57.748
2014-01-23,60.79,61.00,60.46,61.00,3700,58.207
2014-01-22,60.80,60.80,60.50,60.80,2400,58.016
2014-01-21,60.60,60.80,60.52,60.80,2200,58.016
2014-01-20,60.40,60.70,60.40,60.50,1300,57.729
2014-01-17,60.10,60.90,59.98,60.90,4600,58.111
2014-01-16,60.00,60.08,59.91,60.00,2100,57.252
2014-01-15,59.50,60.08,59.33,59.85,8900,57.109
2014-01-14,59.49,59.79,59.30,59.50,6200,56.775
2014-01-13,59.50,59.52,59.00,59.40,3100,56.68
2014-01-10,59.25,59.50,59.00,59.00,4200,56.298
2014-01-09,60.00,60.00,59.00,59.50,4400,56.775
2014-01-08,59.62,59.62,58.68,59.40,1800,56.68
2014-01-07,59.50,59.50,58.84,58.93,3500,56.231
2014-01-06,59.00,59.50,58.65,59.48,2600,56.756
2014-01-03,59.89,59.89,58.80,58.99,1200,56.289
2014-01-02,59.00,59.85,58.98,58.98,3000,56.279
2013-12-30,59.07,59.25,58.52,58.57,600,55.888
2013-12-27,59.21,59.39,59.00,59.07,2500,56.365
2013-12-23,59.95,60.39,59.00,59.10,8500,56.394
2013-12-20,59.13,59.50,59.08,59.25,11200,56.537
2013-12-19,58.75,58.75,58.21,58.21,900,55.544
2013-12-18,58.13,58.60,58.13,58.52,600,55.84
2013-12-17,58.20,58.20,58.20,58.20,100,55.535
2013-12-16,58.70,58.70,58.00,58.14,1100,55.477
2013-12-13,58.70,58.90,58.59,58.59,800,55.907
2013-12-12,58.25,59.00,58.21,58.60,3000,55.916
2013-12-11,58.00,58.50,58.00,58.00,1300,55.344
2013-12-10,58.01,59.25,58.00,59.25,2800,56.537
2013-12-09,58.12,58.55,58.00,58.00,400,55.344
2013-12-06,58.01,58.25,58.00,58.00,1900,55.344
2013-12-05,58.02,58.50,58.01,58.24,1800,55.573
2013-12-04,58.41,58.50,58.02,58.50,1300,55.821
2013-12-03,58.41,58.60,58.40,58.60,1800,55.916
2013-12-02,58.00,58.60,58.00,58.60,600,55.916
2013-11-29,58.50,58.50,58.50,58.50,1000,55.821
2013-11-28,57.85,58.70,57.85,58.70,900,56.012
2013-11-27,58.00,58.70,58.00,58.70,2500,56.012
2013-11-25,58.85,58.85,57.65,58.00,2200,55.344
2013-11-22,58.50,58.55,57.54,58.47,1400,55.792
2013-11-21,58.50,58.50,58.50,58.50,000,55.821
2013-11-20,58.40,58.50,58.40,58.50,100,55.821
2013-11-19,58.00,58.76,57.61,58.39,3700,55.716
2013-11-18,57.30,58.00,57.01,57.97,1700,55.315
2013-11-15,57.00,57.01,56.90,57.01,600,54.399
2013-11-14,57.51,57.51,57.13,57.13,100,54.514
2013-11-13,58.00,58.00,58.00,58.00,000,55.344
2013-11-12,57.52,58.00,57.51,58.00,1200,55.344
2013-11-11,58.25,58.25,57.78,58.00,4300,55.344
2013-11-08,57.41,58.30,57.41,58.25,700,55.582
2013-11-07,58.45,58.45,57.47,58.25,500,55.582
2013-11-06,58.25,58.25,57.05,57.05,500,54.437
2013-11-05,58.89,59.00,57.75,58.01,900,55.353
2013-11-04,58.00,58.20,57.75,58.00,4700,55.344
2013-11-01,58.00,58.48,57.67,58.00,2700,55.344
2013-10-31,58.00,58.50,58.00,58.00,1400,55.344
2013-10-30,57.98,58.11,57.49,58.00,5900,55.344
2013-10-29,57.99,57.99,57.32,57.50,700,54.867
2013-10-28,56.85,57.92,56.85,57.35,300,54.724
2013-10-25,57.99,57.99,57.99,57.99,100,55.334
2013-10-24,58.00,58.45,57.00,58.00,900,55.344
2013-10-23,58.00,58.00,57.57,58.00,2800,55.344
2013-10-22,58.33,58.33,57.17,58.00,600,55.344
2013-10-21,57.50,58.00,57.25,57.25,1600,54.628
2013-10-18,57.50,57.50,56.14,57.49,500,54.857
2013-10-17,56.21,57.39,56.21,57.25,14000,54.628
2013-10-16,57.49,57.49,57.00,57.10,700,54.485
2013-10-15,56.51,57.10,56.50,57.10,600,54.485
2013-10-14,57.00,57.00,56.50,56.50,100,53.913
2013-10-11,57.06,57.45,57.00,57.00,900,54.39
2013-10-10,57.32,57.32,57.00,57.00,4300,54.39
2013-10-09,57.00,58.08,56.17,58.08,900,55.42
2013-10-08,57.49,57.49,56.50,56.99,100,54.38
2013-10-07,58.45,58.45,56.50,56.78,1200,54.18
2013-10-04,56.01,58.15,56.01,57.50,3200,54.867
2013-10-03,55.50,56.99,54.67,56.99,1200,54.38
2013-10-02,55.50,55.74,55.50,55.50,100,52.958
2013-10-01,54.64,56.00,54.50,55.75,3300,53.197
2013-09-30,56.00,56.49,54.50,54.50,1800,52.004
2013-09-27,55.41,55.99,54.97,55.99,1200,53.426
2013-09-26,55.51,56.00,55.27,55.27,1800,52.739
2013-09-25,56.60,56.60,55.50,55.60,600,53.054
2013-09-24,56.50,56.50,55.66,56.06,100,53.493
2013-09-23,56.21,57.10,56.10,56.20,1200,53.626
2013-09-20,56.98,57.10,56.20,56.20,500,53.626
2013-09-19,55.30,57.10,55.30,56.98,1500,54.371
2013-09-18,55.13,55.90,55.13,55.19,700,52.663
2013-09-17,56.03,56.73,54.62,55.15,3400,52.624
2013-09-16,57.00,57.07,56.14,56.56,1100,53.97
2013-09-13,56.90,57.00,56.50,57.00,900,54.39
2013-09-12,56.70,57.49,56.50,56.90,600,54.294
2013-09-11,57.50,57.50,56.25,56.25,500,53.674
2013-09-10,56.20,57.87,56.00,56.52,2400,53.932
2013-09-09,55.98,56.20,55.50,56.20,1900,53.626
2013-09-06,55.99,55.99,55.99,55.99,000,53.426
2013-09-05,55.17,55.35,55.00,55.25,3900,52.72
2013-09-04,55.50,55.50,54.51,55.25,600,52.72
2013-09-03,54.97,55.25,54.97,55.10,800,52.577
2013-09-02,55.00,55.09,53.50,53.50,600,51.05
2013-08-30,55.00,55.00,54.50,54.50,700,52.004
2013-08-29,54.80,54.90,54.00,54.00,800,51.527
2013-08-28,54.90,54.90,54.00,54.84,1500,52.329
2013-08-27,55.15,55.15,54.50,54.50,300,52.004
2013-08-26,54.62,55.45,54.62,55.40,3000,52.863
2013-08-23,54.00,54.62,53.63,54.52,300,52.023
2013-08-22,54.59,54.63,54.20,54.62,600,52.119
2013-08-21,53.93,54.50,53.60,54.50,800,52.004
2013-08-20,53.93,53.93,53.93,53.93,200,51.46
2013-08-19,53.93,53.93,53.50,53.50,200,51.05
2013-08-16,53.24,54.04,53.20,54.04,100,51.565
2013-08-15,53.59,54.28,53.50,54.28,900,51.794
2013-08-14,54.30,54.30,53.51,53.51,400,51.06
2013-08-13,54.75,54.75,53.30,53.30,2100,50.859
2013-08-12,54.00,54.26,54.00,54.26,600,51.775
2013-08-09,53.80,54.00,53.61,53.77,400,51.308
2013-08-08,52.20,54.50,52.20,53.60,1800,51.145
2013-08-07,52.50,52.61,52.30,52.50,300,50.096
2013-08-06,52.20,52.96,52.20,52.50,1100,50.096
2013-08-05,52.00,52.60,52.00,52.22,400,49.829
2013-08-02,52.00,52.50,52.00,52.00,1300,49.619
2013-08-01,52.00,52.50,51.90,52.00,3700,49.619
2013-07-31,52.13,52.13,51.40,51.40,500,49.046
2013-07-30,50.80,52.94,50.80,52.13,2800,49.743
2013-07-29,50.78,51.00,50.78,51.00,8400,48.664
2013-07-26,50.77,50.78,50.32,50.78,600,48.455
2013-07-25,50.00,50.78,50.00,50.00,1000,47.71
2013-07-23,50.00,50.00,50.00,50.00,1300,47.71
2013-07-22,50.35,50.35,50.00,50.00,200,47.71
2013-07-19,49.505,50.44,49.505,49.895,1200,47.61
2013-07-18,50.49,50.49,50.00,50.00,600,47.71
2013-07-17,50.01,50.01,50.00,50.00,3200,47.71
2013-07-16,49.90,50.04,49.90,50.00,4100,47.71
2013-07-15,51.52,51.52,49.695,50.01,3100,47.72
2013-07-12,52.00,52.00,51.29,51.29,1500,48.941
2013-07-11,50.50,52.98,50.50,51.51,7200,49.151
2013-07-10,47.75,49.025,47.75,48.915,6800,46.675
2013-07-09,48.16,48.20,48.00,48.20,1100,45.993
2013-07-08,48.15,48.20,47.70,48.02,7300,45.821
2013-07-05,48.69,48.70,48.01,48.69,1300,45.821
2013-07-04,47.915,48.62,47.915,48.11,1400,45.275
2013-07-03,47.50,47.895,47.145,47.15,1800,44.372
2013-07-02,47.585,47.585,47.00,47.50,1600,44.701
2013-07-01,47.40,47.50,47.01,47.01,2200,44.24
2013-06-28,47.00,47.12,46.81,47.01,7800,44.24
2013-06-27,47.00,47.50,46.70,46.72,1600,43.967
2013-06-26,47.405,47.405,46.15,46.15,6200,43.431
2013-06-25,46.75,47.44,46.12,47.00,4700,44.231
2013-06-24,49.00,49.305,46.03,46.615,6700,43.868
2013-06-21,49.39,49.775,49.015,49.015,1100,46.127
2013-06-20,49.70,50.26,49.40,49.40,400,46.489
2013-06-18,50.24,50.73,50.24,50.71,200,47.722
2013-06-17,50.00,50.74,50.00,50.25,400,47.289
2013-06-14,50.67,50.67,50.05,50.05,200,47.101
2013-06-13,50.30,50.74,50.20,50.67,1400,47.684
2013-06-12,50.32,50.73,50.31,50.40,1100,47.43
2013-06-11,50.74,50.75,50.40,50.40,4700,47.43
2013-06-10,50.97,51.00,50.61,50.75,5900,47.76
2013-06-07,50.60,50.60,50.51,50.51,100,47.534
2013-06-06,50.51,50.60,50.50,50.50,900,47.524
2013-06-05,50.56,51.30,50.50,50.54,5000,47.562
2013-06-04,51.00,51.10,50.30,50.96,3500,47.957
2013-06-03,50.75,50.75,50.00,50.21,1300,47.251
2013-05-31,51.00,51.00,50.41,50.75,1500,47.76
2013-05-30,50.99,51.20,50.99,51.19,700,48.174
2013-05-29,50.41,51.10,50.25,50.61,4000,47.628
2013-05-28,50.05,50.61,49.855,49.855,400,46.917
2013-05-27,50.00,50.63,50.00,50.62,1300,47.637
2013-05-24,49.985,50.25,49.80,49.80,3400,46.866
2013-05-23,49.995,50.19,49.51,49.80,2500,46.866
2013-05-22,50.24,50.25,49.515,50.20,1700,47.242
2013-05-21,50.28,50.28,49.505,49.655,800,46.729
2013-05-20,50.00,50.00,50.00,50.00,100,47.054
2013-05-17,50.43,50.44,49.70,50.00,900,47.054
2013-05-16,50.46,50.64,49.96,50.00,2000,47.054
2013-05-15,50.02,50.49,50.02,50.22,1400,47.261
2013-05-14,50.31,50.64,50.00,50.50,300,47.524
2013-05-13,50.91,50.91,50.55,50.81,400,47.816
2013-05-10,50.40,50.91,50.30,50.70,2100,47.712
2013-05-09,50.17,50.50,50.09,50.50,5300,47.524
2013-05-08,50.53,50.80,50.36,50.50,3400,47.524
2013-05-07,50.94,51.10,50.50,50.84,5200,47.844
2013-05-06,51.00,51.00,50.36,50.48,1800,47.505
2013-05-03,51.40,51.52,50.51,50.51,5400,47.534
2013-05-02,51.01,51.28,50.55,51.15,6000,48.136
2013-04-30,50.90,50.90,50.90,50.90,100,47.901
2013-04-29,51.06,51.46,50.75,50.81,700,47.816
2013-04-26,51.09,51.81,51.08,51.22,000,48.202
2013-04-25,51.84,51.84,51.83,51.83,200,48.776
2013-04-24,51.34,51.60,51.05,51.36,1000,48.334
2013-04-23,51.50,52.00,50.86,51.01,600,48.004
2013-04-22,51.45,51.71,50.92,50.99,2000,47.985
2013-04-19,50.00,52.43,50.00,51.14,8000,48.127
2013-04-18,49.98,50.29,49.35,49.35,1900,46.442
2013-04-17,50.45,50.48,49.75,50.00,9500,47.054
2013-04-16,50.46,50.60,50.46,50.60,000,47.618
2013-04-15,50.63,50.63,49.695,50.01,800,47.063
2013-04-12,49.86,50.30,49.65,50.30,6200,47.336
2013-04-11,50.68,50.70,49.85,49.85,2300,46.913
2013-04-10,50.45,50.55,50.02,50.55,800,47.571
2013-04-09,50.00,50.30,49.70,50.24,600,47.28
2013-04-08,49.995,50.39,49.995,50.39,1500,47.421
2013-04-05,50.28,50.91,48.53,49.58,5100,46.658
2013-04-04,51.48,52.00,50.20,50.20,2400,47.242
2013-04-03,51.68,52.32,51.09,51.09,2100,48.08
2013-04-02,52.04,52.58,51.70,51.70,1400,48.654
2013-03-28,52.61,52.68,51.47,51.47,6900,48.437
2013-03-27,52.47,53.47,52.11,52.11,6100,49.039
2013-03-26,54.19,54.19,52.47,52.47,5200,49.378
2013-03-25,54.33,54.33,53.47,53.99,100,50.809
2013-03-22,54.95,55.00,53.80,53.80,1400,50.63
2013-03-21,54.50,54.93,54.30,54.30,1200,51.10
2013-03-20,54.89,55.70,54.50,54.50,2200,51.289
2013-03-19,54.79,54.79,54.30,54.30,300,51.10
2013-03-18,55.51,55.77,54.30,54.80,1300,51.571
2013-03-15,55.97,56.05,55.51,56.02,800,52.719
2013-03-14,56.01,56.01,55.35,55.35,700,52.088
2013-03-13,56.02,56.02,55.30,56.01,100,52.71
2013-03-12,55.78,56.02,55.74,56.02,1100,52.719
2013-03-11,54.90,55.90,54.47,55.90,1000,52.606
2013-03-08,54.97,54.97,54.94,54.94,100,51.703
2013-03-07,55.04,55.10,54.47,55.10,000,51.853
2013-03-06,55.00,55.00,54.47,55.00,1400,51.759
2013-03-05,55.50,55.51,54.67,54.67,1400,51.449
2013-03-04,55.50,55.52,55.50,55.50,600,52.23
2013-03-01,55.35,56.08,55.35,56.05,1400,52.747
2013-02-28,55.59,55.59,54.85,55.28,000,52.023
2013-02-27,54.99,55.25,54.70,55.25,2500,51.994
2013-02-26,54.99,55.00,54.39,55.00,100,51.759
2013-02-25,54.99,54.99,54.26,54.26,700,51.063
2013-02-22,54.90,55.25,54.90,55.00,700,51.759
2013-02-21,55.21,55.37,55.01,55.25,2700,51.994
2013-02-20,54.26,55.21,54.26,55.21,900,51.957
2013-02-19,55.15,55.37,54.57,55.37,700,52.107
2013-02-18,55.50,55.50,54.40,54.86,500,51.627
2013-02-15,55.14,56.20,54.77,55.60,3800,52.324
2013-02-14,53.72,55.38,53.55,55.38,4800,52.117
2013-02-13,53.50,53.75,53.30,53.75,200,50.583
2013-02-12,53.00,53.02,53.00,53.00,600,49.877
2013-02-11,53.20,53.20,52.99,53.02,500,49.896
2013-02-08,53.02,53.05,53.02,53.05,200,49.924
2013-02-07,53.75,53.75,53.01,53.50,2100,50.347
2013-02-06,53.30,53.30,53.30,53.30,000,50.159
2013-02-05,53.20,53.60,53.00,53.40,3400,50.253
2013-02-04,53.22,53.22,53.00,53.00,4500,49.877
2013-02-01,53.09,53.20,53.00,53.20,2100,50.065
2013-01-31,53.00,53.00,52.60,52.60,100,49.501
2013-01-30,52.60,53.20,52.60,53.19,1900,50.056
2013-01-29,53.01,53.34,52.97,53.00,500,49.877
2013-01-28,53.35,53.35,52.82,52.82,000,49.708
2013-01-25,53.64,53.64,53.40,53.40,000,50.253
2013-01-24,53.64,53.64,53.40,53.40,000,50.253
2013-01-23,53.00,53.10,52.80,53.00,800,49.877
2013-01-22,52.88,53.00,52.87,53.00,2000,49.877
2013-01-21,52.60,53.00,52.60,52.75,2100,49.642
2013-01-18,53.79,53.79,53.40,53.40,000,50.253
2013-01-17,53.48,53.48,52.55,53.40,100,50.253
2013-01-16,53.00,53.48,53.00,53.40,10000,50.253
2013-01-15,53.39,53.39,52.85,53.28,4500,50.14
2013-01-14,53.90,53.90,53.09,53.50,1600,50.347
2013-01-11,53.30,53.90,53.21,53.40,600,50.253
2013-01-10,52.98,54.00,52.47,53.50,4700,50.347
2013-01-09,53.30,53.40,52.45,52.98,3100,49.858
2013-01-08,52.54,53.39,52.54,53.10,800,49.971
2013-01-07,51.68,53.00,51.68,53.00,1600,49.877
2013-01-04,51.75,52.14,51.69,52.06,1000,48.992
2013-01-03,52.00,52.45,51.65,51.66,1800,48.616
2013-01-02,52.78,52.90,52.78,52.90,1400,49.783
2012-12-28,52.79,52.79,52.20,52.64,3300,49.538
2012-12-27,52.50,52.59,52.05,52.59,8300,49.491
2012-12-21,53.74,53.75,52.81,53.00,2300,49.877
2012-12-20,53.74,53.75,53.60,53.75,200,50.583
2012-12-19,53.16,53.75,52.90,53.75,8100,50.583
2012-12-18,53.52,53.52,52.50,53.00,1200,49.877
2012-12-17,53.20,53.38,53.00,53.38,2600,50.235
2012-12-14,53.55,53.55,52.70,53.00,1300,49.877
2012-12-13,51.76,53.55,51.75,53.55,5800,50.395
2012-12-12,51.99,52.48,51.82,52.48,1600,49.388
2012-12-11,52.35,52.35,51.82,51.82,800,48.766
2012-12-10,51.82,52.20,51.82,51.82,1400,48.766
2012-12-07,52.35,53.12,51.99,51.99,1000,48.926
2012-12-06,53.38,53.39,53.38,53.39,300,50.244
2012-12-05,53.38,53.39,53.38,53.39,100,50.244
2012-12-04,53.00,53.35,52.33,53.35,1100,50.206
2012-12-03,53.38,53.38,52.90,53.00,000,49.877
2012-11-30,53.50,53.50,51.89,52.50,2300,49.406
2012-11-29,53.80,53.80,53.10,53.10,1100,49.971
2012-11-28,53.24,54.00,53.19,53.85,2700,50.677
2012-11-27,54.84,54.88,52.75,53.95,5500,50.771
2012-11-26,54.89,54.90,54.20,54.90,100,51.665
2012-11-23,54.89,54.89,54.40,54.40,100,51.194
2012-11-22,54.88,54.88,54.07,54.50,400,51.289
2012-11-21,54.30,54.75,54.00,54.32,16600,51.119
2012-11-20,54.11,54.35,54.00,54.01,700,50.827
2012-11-19,54.06,54.50,54.06,54.50,1200,51.289
2012-11-16,54.25,55.00,54.00,54.50,5200,51.289
2012-11-15,54.20,54.20,53.70,54.20,900,51.006
2012-11-14,53.80,54.20,53.60,53.61,4100,50.451
2012-11-13,53.55,54.00,53.40,53.43,600,50.282
2012-11-12,52.51,53.40,52.51,53.40,1000,50.253
2012-11-09,53.00,53.00,52.51,52.51,500,49.416
2012-11-08,52.86,53.49,52.80,53.39,6400,50.244
2012-11-07,53.50,53.78,52.10,52.10,2500,49.03
2012-11-06,53.19,53.50,53.17,53.50,1500,50.347
2012-11-05,52.00,53.00,52.00,52.90,5500,49.783
2012-11-02,51.40,52.60,51.40,52.30,11100,49.218
2012-11-01,50.71,51.48,50.71,51.37,500,48.343
2012-10-31,50.75,51.00,50.41,50.41,1800,47.44
2012-10-30,50.64,50.64,50.52,50.52,400,47.543
2012-10-29,51.01,51.01,51.01,51.01,000,48.004
2012-10-26,51.50,51.80,50.60,51.01,3200,48.004
2012-10-25,51.95,51.95,51.50,51.50,1100,48.465
2012-10-24,51.70,51.95,51.63,51.95,2000,48.889
2012-10-23,51.98,51.98,51.63,51.63,800,48.588
2012-10-22,51.79,52.00,51.62,51.66,1500,48.616
2012-10-19,51.80,51.80,51.51,51.68,700,48.635
2012-10-18,51.75,52.00,51.74,52.00,2300,48.936
2012-10-17,51.90,51.90,51.51,51.51,400,48.475
2012-10-16,51.57,51.98,51.57,51.98,1600,48.917
2012-10-15,51.80,51.85,51.23,51.85,1900,48.795
2012-10-12,51.22,52.15,51.22,52.15,5000,49.077
2012-10-11,52.00,52.07,51.22,52.07,5500,49.002
2012-10-10,52.10,52.48,51.90,52.00,900,48.936
2012-10-09,51.99,52.77,51.80,52.22,1300,49.143
2012-10-08,51.46,52.25,51.40,51.40,2200,48.371
2012-10-05,52.00,52.80,51.41,51.41,5000,48.381
2012-10-04,52.83,52.83,51.49,51.49,2600,48.456
2012-10-03,52.00,52.74,51.95,52.74,3100,49.632
2012-10-02,52.99,53.00,52.15,52.15,2200,49.077
2012-10-01,53.00,53.49,52.20,52.79,2800,49.679
2012-09-28,52.70,53.76,52.62,53.76,1100,50.592
2012-09-27,54.50,54.78,52.00,53.09,8500,49.962
2012-09-26,54.99,55.80,54.50,54.51,2500,51.298
2012-09-25,55.00,55.00,55.00,55.00,200,51.759
2012-09-24,54.20,55.00,53.87,54.95,3000,51.712
2012-09-21,55.20,55.20,54.15,54.15,2000,50.959
2012-09-20,54.71,55.70,54.71,55.70,500,52.418
2012-09-19,55.53,55.53,54.70,54.70,1100,51.477
2012-09-18,56.23,56.23,55.50,55.50,1600,52.23
2012-09-17,56.00,56.23,56.00,56.23,1600,52.917
2012-09-14,57.19,57.19,56.12,56.23,400,52.917
2012-09-13,57.99,57.99,56.50,56.50,2800,53.171
2012-09-12,57.74,57.74,56.26,56.26,1700,52.945
2012-09-11,55.60,57.99,55.60,57.25,5900,53.877
2012-09-10,55.59,55.59,55.40,55.50,500,52.23
2012-09-07,55.50,55.50,55.49,55.49,200,52.22
2012-09-06,55.40,55.50,55.01,55.50,400,52.23
2012-09-05,54.27,55.39,54.27,55.37,400,52.107
2012-09-04,54.26,54.28,54.26,54.27,000,51.072
2012-09-03,54.27,54.70,54.27,54.28,200,51.082
2012-08-31,54.70,54.70,54.25,54.25,000,51.053
2012-08-30,54.25,54.97,54.25,54.25,100,51.053
2012-08-29,54.57,54.58,54.26,54.26,1600,51.063
2012-08-28,54.50,54.97,54.50,54.57,300,51.354
2012-08-27,54.51,54.51,54.50,54.50,000,51.289
2012-08-24,54.96,54.96,54.40,54.40,100,51.194
2012-08-23,54.75,54.97,54.32,54.97,1300,51.731
2012-08-22,54.50,54.50,54.25,54.25,300,51.053
2012-08-21,54.20,54.50,54.20,54.50,700,51.289
2012-08-20,54.22,54.50,54.12,54.12,500,50.931
2012-08-17,55.02,55.03,53.96,53.96,400,50.78
2012-08-16,54.75,54.98,53.99,54.98,100,51.74
2012-08-15,54.70,55.00,54.25,55.00,600,51.759
2012-08-14,54.98,54.98,53.96,53.96,200,50.78
2012-08-13,54.60,54.60,53.99,53.99,100,50.809
2012-08-10,54.51,54.51,54.49,54.49,200,51.279
2012-08-09,55.74,55.74,53.51,53.51,1400,50.357
2012-08-08,55.59,55.59,55.59,55.59,000,52.314
2012-08-07,55.95,55.95,54.77,54.95,500,51.712
2012-08-06,55.41,55.85,54.84,55.10,1600,51.853
2012-08-03,56.24,56.34,55.80,56.34,100,53.02
2012-08-02,56.80,56.80,54.81,55.65,1100,52.371
2012-08-01,56.15,56.82,56.15,56.82,2400,53.472
2012-07-31,56.09,56.09,55.99,55.99,000,52.691
2012-07-30,56.17,56.17,55.80,55.80,200,52.512
2012-07-27,56.24,56.24,55.00,55.50,2200,52.23
2012-07-26,56.30,56.30,56.30,56.30,000,52.983
2012-07-25,56.39,56.39,55.51,56.30,200,52.983
2012-07-24,55.04,55.20,55.04,55.20,900,51.947
2012-07-23,55.66,55.70,55.60,55.70,500,52.418
2012-07-20,56.22,56.22,55.65,55.65,2900,52.371
2012-07-19,56.75,57.22,56.21,56.21,600,52.898
2012-07-18,56.26,56.79,56.00,56.79,500,53.444
2012-07-17,56.26,56.26,55.80,56.00,200,52.70
2012-07-16,56.00,56.20,55.62,56.00,1100,52.70
2012-07-13,55.80,55.80,55.50,55.50,100,52.23
2012-07-12,55.99,56.26,54.67,56.26,2200,52.945
2012-07-11,56.17,56.17,54.98,55.06,1100,51.816
2012-07-10,55.83,55.83,55.45,55.45,600,52.183
2012-07-09,55.16,55.82,54.70,55.50,1500,52.23
2012-07-06,57.00,57.00,55.16,55.55,2400,51.646
2012-07-05,56.60,57.30,56.16,57.00,1400,52.994
2012-07-04,56.78,57.94,56.60,56.60,2200,52.622
2012-07-03,56.20,56.80,55.77,55.77,200,51.851
2012-07-02,57.21,57.21,56.20,56.20,700,52.25
2012-06-29,55.51,57.20,55.51,57.20,700,53.18
2012-06-28,54.90,54.90,54.50,54.80,600,50.949
2012-06-27,55.50,55.50,54.80,54.80,100,50.949
2012-06-26,55.00,55.51,55.00,55.51,1000,51.609
2012-06-25,54.90,55.21,53.80,55.00,1000,51.135
2012-06-22,54.80,55.29,54.50,55.29,400,51.404
2012-06-21,55.00,55.10,55.00,55.10,100,51.228
2012-06-20,55.40,56.03,54.80,55.00,4500,51.135
2012-06-19,54.40,55.50,54.40,55.50,2200,51.60
2012-06-18,54.01,54.20,54.01,54.20,600,50.391
2012-06-15,53.40,54.01,53.40,54.01,1900,50.214
2012-06-14,53.41,53.50,53.40,53.50,900,49.74
2012-06-13,53.80,53.80,53.40,53.41,1200,49.657
2012-06-12,53.68,54.00,53.46,53.80,2100,50.019
2012-06-11,54.50,55.07,52.97,52.97,3700,49.247
2012-06-08,54.00,54.00,53.46,53.46,100,49.703
2012-06-07,53.20,54.90,53.20,54.18,2000,50.372
2012-06-06,52.15,52.80,52.15,52.31,2200,48.634
2012-06-05,50.71,52.06,50.71,52.06,1200,48.401
2012-06-04,53.18,53.18,50.55,50.67,1600,47.109
2012-06-01,53.77,53.77,52.70,53.25,1200,49.508
2012-05-31,53.35,53.77,53.03,53.77,1200,49.991
2012-05-30,53.49,53.49,53.49,53.49,100,49.731
2012-05-29,52.47,53.49,52.00,53.49,2800,49.731
2012-05-28,51.88,51.88,51.62,51.62,1000,47.992
2012-05-25,52.25,53.00,51.82,52.30,1600,48.625
2012-05-24,52.25,52.25,51.81,51.81,200,48.169
2012-05-23,53.20,53.20,51.81,52.17,800,48.504
2012-05-22,52.49,53.20,52.13,52.98,1800,49.257
2012-05-21,53.50,53.50,51.75,51.75,4700,48.113
2012-05-18,52.69,53.20,52.69,53.20,500,49.461
2012-05-17,53.54,53.54,53.54,53.54,000,49.777
2012-05-16,52.61,53.60,52.60,53.54,1100,49.777
2012-05-15,53.70,53.70,52.61,53.00,500,49.275
2012-05-14,53.00,53.17,52.60,53.00,1800,49.275
2012-05-11,51.49,52.70,51.49,52.00,6300,48.346
2012-05-10,52.27,52.27,50.24,51.00,1300,47.416
2012-05-09,54.50,54.50,50.31,52.27,13500,48.597
2012-05-08,54.90,54.90,53.89,53.89,1100,50.103
2012-05-07,54.89,54.90,54.40,54.90,400,51.042
2012-05-04,55.47,55.47,55.47,55.47,000,51.572
2012-05-03,55.47,55.47,55.47,55.47,000,51.572
2012-05-02,55.22,55.22,54.46,54.46,900,50.633
2012-05-01,56.00,56.00,56.00,56.00,000,52.065
2012-04-30,56.29,56.50,56.00,56.00,1500,52.065
2012-04-27,55.22,56.29,55.03,55.03,700,51.163
2012-04-26,56.24,56.30,56.00,56.30,1200,52.343
2012-04-25,55.16,56.10,54.36,56.10,900,52.158
2012-04-24,55.18,55.20,55.18,55.20,700,51.321
2012-04-23,55.58,55.60,54.05,54.05,800,50.252
2012-04-20,55.52,55.71,54.99,55.71,1000,51.795
2012-04-19,55.89,56.00,55.52,56.00,1300,52.065
2012-04-18,55.84,55.84,54.52,55.70,900,51.786
2012-04-17,54.78,54.78,54.70,54.71,000,50.865
2012-04-16,54.99,55.29,54.80,55.29,1000,51.404
2012-04-13,56.34,56.34,55.16,55.16,500,51.284
2012-04-12,55.16,56.00,55.16,56.00,300,52.065
2012-04-11,55.80,56.50,55.57,55.57,900,51.665
2012-04-10,56.90,56.90,56.90,56.90,100,52.901
2012-04-09,57.50,57.50,57.50,57.50,000,53.459
2012-04-06,57.50,57.50,57.50,57.50,000,53.459
2012-04-05,57.50,57.50,57.50,57.50,000,53.459
2012-04-04,57.50,57.50,57.50,57.50,300,53.459
2012-04-03,57.20,57.50,57.20,57.50,100,53.459
2012-04-02,57.80,58.06,57.20,57.45,1200,53.413
2012-03-30,57.00,58.25,57.00,57.40,1300,53.366
2012-03-29,56.60,56.60,55.88,55.88,200,51.953
2012-03-28,53.65,57.00,53.26,57.00,4500,52.994
2012-03-27,54.83,54.84,53.30,53.40,1700,49.647
2012-03-26,55.00,55.00,54.00,54.40,2200,50.577
2012-03-23,54.97,54.97,53.92,54.50,1200,50.67
2012-03-22,54.90,54.93,54.01,54.93,1200,51.07
2012-03-21,53.97,54.51,53.97,54.51,100,50.679
2012-03-20,54.90,54.90,53.97,53.97,1500,50.177
2012-03-19,54.90,54.91,53.98,54.85,1200,50.995
2012-03-16,54.00,54.82,53.80,54.75,1700,50.902
2012-03-15,54.00,54.31,53.53,54.00,1300,50.205
2012-03-14,53.99,53.99,53.04,53.95,1500,50.159
2012-03-13,54.70,54.70,53.99,54.00,1200,50.205
2012-03-12,54.63,55.00,54.63,54.95,2000,51.088
2012-03-09,54.39,54.95,54.00,54.75,2100,50.902
2012-03-08,57.27,58.05,53.12,53.80,13300,50.019
2012-03-07,56.50,58.35,56.50,58.35,2300,54.249
2012-03-06,56.40,58.00,55.23,58.00,3900,53.924
2012-03-05,57.20,57.76,56.69,56.70,500,52.715
2012-03-02,56.66,57.81,56.66,57.50,600,53.459
2012-03-01,57.24,57.84,57.05,57.84,500,53.775
2012-02-29,56.24,57.30,56.24,57.25,700,53.227
2012-02-28,56.01,56.24,55.40,56.20,1900,52.25
2012-02-27,58.50,58.50,55.82,56.04,3100,52.102
2012-02-24,59.88,59.88,58.49,58.50,1600,54.389
2012-02-23,58.40,59.69,58.40,59.69,1700,55.495
2012-02-22,58.70,58.70,58.50,58.50,200,54.389
2012-02-21,58.49,58.50,57.94,58.02,500,53.943
2012-02-20,58.34,59.00,57.93,58.00,1500,53.924
2012-02-17,56.70,58.00,56.70,57.75,2900,53.692
2012-02-16,57.26,57.26,57.12,57.13,200,53.115
2012-02-15,58.85,58.85,57.25,57.25,800,53.227
2012-02-14,55.70,59.00,55.70,58.90,3200,54.761
2012-02-13,56.19,56.20,55.46,56.20,900,52.25
2012-02-10,55.89,56.20,55.11,55.21,800,51.33
2012-02-09,55.51,56.50,54.75,56.38,2400,52.418
2012-02-08,55.69,57.50,54.52,54.52,4600,50.689
2012-02-07,56.00,56.00,54.90,54.90,1500,51.042
2012-02-06,55.00,56.00,54.50,56.00,3000,52.065
2012-02-03,55.98,55.99,54.78,54.78,7300,50.93
2012-02-02,52.01,59.00,51.01,56.00,14100,52.065
2012-02-01,51.92,52.70,51.92,52.70,700,48.996
2012-01-31,51.25,52.75,51.00,51.60,4300,47.974
2012-01-30,50.86,51.25,50.50,51.25,1500,47.648
2012-01-27,49.55,50.56,49.55,50.12,700,46.598
2012-01-26,49.90,50.60,49.80,50.55,1800,46.998
2012-01-25,50.01,50.20,49.80,49.80,400,46.30
2012-01-24,50.05,50.25,49.80,50.22,1300,46.691
2012-01-23,50.50,50.50,50.02,50.45,500,46.905
2012-01-20,49.38,50.63,49.38,50.01,2400,46.496
2012-01-19,51.50,51.73,49.50,49.50,2300,46.021
2012-01-18,51.94,51.95,51.93,51.94,600,48.29
2012-01-17,51.21,51.89,51.21,51.38,200,47.769
2012-01-16,51.40,51.75,50.52,51.75,1200,48.113
2012-01-13,51.55,52.49,51.49,51.49,2200,47.871
2012-01-12,52.00,52.73,51.81,52.53,900,48.838
2012-01-11,51.91,52.00,51.91,52.00,000,48.346
2012-01-10,52.30,52.30,51.91,51.91,600,48.262
2012-01-09,52.30,52.30,52.00,52.00,1200,48.346
2012-01-06,52.50,52.50,52.00,52.00,1100,48.346
2012-01-05,51.80,51.80,51.80,51.80,100,48.16
2012-01-04,52.18,52.18,52.18,52.18,200,48.513
2012-01-03,51.22,52.00,51.22,51.34,600,47.732
2012-01-02,52.00,52.00,51.24,51.24,100,47.639
2011-12-30,52.25,53.31,51.71,52.00,300,48.346
2011-12-29,52.70,53.00,52.30,53.00,500,49.275
2011-12-28,51.90,52.99,51.70,51.70,700,48.067
2011-12-27,53.32,53.32,51.70,52.30,2000,48.625
2011-12-26,54.90,54.90,54.90,54.90,000,51.042
2011-12-23,50.75,54.90,50.25,54.90,3800,51.042
2011-12-22,49.00,50.49,49.00,49.90,9500,46.393
2011-12-21,50.31,50.31,48.07,48.55,2400,45.138
2011-12-20,51.35,51.35,48.93,50.29,2600,46.756
2011-12-19,53.85,53.85,51.53,51.90,2800,48.253
2011-12-16,54.77,54.77,53.56,53.70,1800,49.926
2011-12-15,54.85,54.85,53.32,53.32,2100,49.573
2011-12-14,54.55,54.55,53.60,53.62,2500,49.852
2011-12-13,54.79,54.80,54.00,54.00,400,50.205
2011-12-12,54.33,55.00,54.33,55.00,100,51.135
2011-12-09,53.00,54.00,53.00,54.00,000,50.205
2011-12-08,52.02,53.66,52.02,53.65,2900,49.88
2011-12-07,52.01,52.01,52.00,52.00,800,48.346
2011-12-06,52.00,52.61,52.00,52.60,1100,48.903
2011-12-05,52.48,52.48,51.85,52.48,300,48.792
2011-12-02,51.75,52.00,51.75,52.00,000,48.346
2011-12-01,52.70,52.70,51.75,52.42,700,48.736
2011-11-30,51.05,52.15,51.05,51.97,1500,48.318
2011-11-29,51.98,52.00,51.50,52.00,3500,48.346
2011-11-28,50.20,52.00,50.20,51.96,1100,48.308
2011-11-25,50.25,51.14,49.995,50.63,4400,47.072
2011-11-24,52.99,52.99,49.00,50.00,4700,46.486
2011-11-23,52.90,52.90,52.00,52.45,200,48.764
2011-11-22,53.31,53.50,52.00,52.00,15500,48.346
2011-11-21,52.51,52.74,52.51,52.71,2200,49.006
2011-11-18,53.45,53.45,52.51,52.51,1600,48.82
2011-11-17,53.00,54.01,52.54,53.47,600,49.712
2011-11-16,53.05,53.89,53.00,53.00,100,49.275
2011-11-15,54.90,54.90,53.00,53.00,1200,49.275
2011-11-14,55.42,56.61,54.05,54.90,2100,51.042
2011-11-11,52.00,55.10,51.26,54.99,3000,51.126
2011-11-10,51.00,52.00,51.00,51.80,1300,48.16
2011-11-09,50.80,52.00,50.80,52.00,500,48.346
2011-11-08,49.50,51.35,49.105,50.70,4200,47.137
2011-11-07,50.30,50.30,49.10,49.10,1000,45.649
2011-11-04,49.90,50.30,49.07,50.30,100,46.765
2011-11-03,49.50,49.50,47.505,49.00,1900,45.556
2011-11-02,53.00,53.00,49.505,49.505,2800,46.026
2011-11-01,52.57,52.57,50.65,51.80,300,48.16
2011-10-31,50.39,53.00,49.505,53.00,3700,49.275
2011-10-28,48.68,49.80,48.50,49.80,2000,46.30
2011-10-27,48.00,49.345,47.505,48.015,4700,44.641
2011-10-26,47.505,47.99,47.505,47.505,400,44.167
2011-10-25,47.505,48.00,47.50,47.50,500,44.162
2011-10-24,47.515,50.09,47.515,48.81,4600,45.38
2011-10-21,47.58,48.92,47.58,47.815,600,44.455
2011-10-20,48.45,48.505,47.50,47.63,900,44.283
2011-10-19,47.26,50.53,47.26,48.00,2200,44.627
2011-10-18,46.50,47.27,46.50,47.20,500,43.883
2011-10-17,46.50,47.30,46.30,46.50,2000,43.232
2011-10-14,49.00,49.935,46.25,46.25,3600,43.00
2011-10-13,49.97,49.97,48.84,48.84,500,45.408
2011-10-12,51.80,51.80,49.75,49.75,1500,46.254
2011-10-11,52.94,53.20,51.80,51.80,500,48.16
2011-10-10,51.25,52.63,51.25,51.86,600,48.215
2011-10-07,52.10,52.10,51.16,51.21,100,47.611
2011-10-06,51.80,51.80,51.80,51.80,000,48.16
2011-10-05,52.00,52.00,51.00,51.00,800,47.416
2011-10-04,51.97,51.97,51.00,51.00,1600,47.416
2011-10-03,51.00,52.00,51.00,51.00,700,47.416
2011-09-30,52.00,52.00,51.00,51.00,1900,47.416
2011-09-29,48.90,51.50,48.90,51.50,3200,47.881
2011-09-28,47.315,48.90,47.25,48.90,700,45.464
2011-09-27,48.37,48.77,47.70,48.00,2800,44.627
2011-09-26,47.99,48.20,47.31,47.565,6100,44.222
2011-09-23,48.03,48.10,46.90,46.94,5500,43.641
2011-09-22,47.50,48.025,47.00,48.025,500,44.65
2011-09-21,47.48,47.50,47.475,47.50,1200,44.162
2011-09-20,47.48,47.48,46.95,47.48,000,44.143
2011-09-19,45.80,47.475,44.11,47.475,500,44.139
2011-09-16,47.30,47.90,46.51,47.49,1200,44.153
2011-09-15,46.40,47.00,46.40,47.00,500,43.697
2011-09-14,46.15,46.15,45.135,45.655,1600,42.447
2011-09-13,45.165,46.505,44.63,44.64,1600,41.503
2011-09-12,46.40,46.50,43.80,44.35,3700,41.233
2011-09-09,47.805,47.815,46.81,46.81,000,43.52
2011-09-08,47.68,47.795,46.905,47.795,500,44.436
2011-09-07,47.385,47.675,46.40,47.675,1100,44.325
2011-09-06,48.99,48.99,46.855,46.855,1000,43.562
2011-09-05,49.50,49.93,48.60,48.715,1100,45.292
2011-09-02,50.29,50.29,49.41,49.985,000,46.472
2011-09-01,50.59,50.59,49.53,49.99,1100,46.477
2011-08-31,48.35,50.14,48.35,49.99,17000,46.477
2011-08-30,47.61,48.97,47.61,48.95,2400,45.51
2011-08-29,48.70,48.70,47.60,47.60,1300,44.255
2011-08-26,49.30,49.30,46.00,47.00,4200,43.697
2011-08-25,49.70,50.09,49.09,49.30,800,45.835
2011-08-24,50.25,50.25,48.45,50.00,500,46.486
2011-08-23,51.35,51.35,49.06,49.06,600,45.612
2011-08-22,50.50,50.50,49.00,49.50,7400,46.021
2011-08-19,53.30,53.30,50.00,51.17,5100,47.574
2011-08-18,54.99,54.99,53.50,53.53,700,49.768
2011-08-17,56.70,56.70,54.18,54.18,1500,50.372
2011-08-16,57.00,57.00,55.34,56.17,1700,52.223
2011-08-15,57.50,59.00,56.99,57.00,4100,52.994
2011-08-12,55.08,56.50,54.41,55.93,3900,51.999
2011-08-11,56.00,56.00,53.43,53.43,800,49.675
2011-08-10,57.99,57.99,52.09,53.76,8500,49.982
2011-08-09,49.00,54.00,48.00,53.22,9800,49.48
2011-08-08,50.00,53.50,48.50,50.25,4800,46.719
2011-08-05,51.99,52.98,46.00,52.90,9400,49.182
2011-08-04,53.92,54.03,52.99,53.77,3300,49.991
2011-08-03,53.60,54.77,52.40,53.50,3600,49.74
2011-08-02,58.00,58.00,54.01,54.06,6100,50.261
2011-08-01,60.01,61.40,57.23,57.23,5000,53.208
2011-07-29,58.21,63.50,57.70,59.00,4700,54.854
2011-07-28,116.50,116.50,115.00,115.15,1000,53.529
2011-07-27,118.90,123.00,116.85,116.85,3100,54.319
2011-07-26,113.90,119.00,113.60,118.90,10100,55.272
2011-07-25,112.95,113.30,112.95,113.30,700,52.669
2011-07-22,110.40,112.35,109.75,112.35,1700,52.227
2011-07-21,110.80,111.00,109.50,110.05,4100,51.158
2011-07-20,111.20,113.25,111.00,111.80,1300,51.972
2011-07-19,114.35,114.65,111.20,113.00,700,52.529
2011-07-18,113.70,116.40,112.50,114.40,1900,53.18
2011-07-15,118.45,118.45,113.85,116.45,1200,54.133
2011-07-14,123.00,123.00,116.90,118.20,4600,54.947
2011-07-13,119.70,121.00,119.70,119.90,600,55.737
2011-07-12,119.70,121.80,119.70,120.50,4900,56.016
2011-07-11,123.10,125.00,120.10,122.75,1500,57.062
2011-07-08,126.10,126.60,119.80,126.60,6900,57.606
2011-07-07,124.60,126.40,122.85,126.40,4500,57.515
2011-07-06,123.00,123.25,122.50,123.25,2600,56.081
2011-07-05,120.05,127.50,119.75,121.60,5700,55.331
2011-07-04,118.05,125.50,118.05,122.00,4900,55.513
2011-07-01,113.50,116.35,112.30,116.35,6200,52.942
2011-06-30,108.05,117.15,108.05,112.30,4700,51.099
2011-06-29,108.00,108.00,107.00,107.00,300,48.687
2011-06-28,106.20,107.90,104.95,107.90,1700,49.097
2011-06-27,105.85,105.85,104.50,104.50,500,47.55
2011-06-24,107.95,107.95,105.85,105.85,900,48.164
2011-06-23,107.70,107.70,107.70,107.70,000,49.006
2011-06-22,109.00,109.00,107.00,107.00,2000,48.687
2011-06-21,110.00,110.00,108.50,108.50,1100,49.37
2011-06-20,109.65,111.00,109.00,109.00,1500,49.597
2011-06-17,108.65,109.50,107.45,109.00,3000,49.597
2011-06-16,106.05,108.65,104.00,108.65,4300,49.438
2011-06-15,105.75,105.75,103.70,103.80,400,47.231
2011-06-14,105.75,105.75,103.75,105.35,2500,47.937
2011-06-13,103.35,105.75,103.35,105.75,1800,48.119
2011-06-10,101.90,104.00,101.90,103.35,7400,47.026
2011-06-09,101.00,101.00,97.50,100.85,3500,45.889
2011-06-08,101.00,101.00,99.31,100.85,300,45.889
2011-06-07,100.90,101.50,100.85,101.40,1200,46.139
2011-06-06,101.00,101.00,101.00,101.00,1700,45.957
2011-06-03,101.50,101.50,101.00,101.00,2900,45.957
2011-06-02,102.10,102.10,101.50,101.50,400,46.185
2011-06-01,102.15,102.50,102.00,102.00,1000,46.412
2011-05-31,101.50,103.25,101.50,102.50,4400,46.64
2011-05-30,100.10,102.50,100.00,102.50,3200,46.64
2011-05-27,100.90,101.35,100.00,101.00,2800,45.957
2011-05-26,99.50,100.85,97.50,100.70,2900,45.821
2011-05-25,99.99,99.99,96.78,99.49,2600,45.27
2011-05-24,100.50,100.50,98.91,100.00,100,45.502
2011-05-23,101.70,101.70,99.41,100.00,800,45.502
2011-05-20,102.00,102.00,99.40,101.30,1200,46.094
2011-05-19,101.50,101.90,100.95,101.90,800,46.367
2011-05-18,101.50,101.85,100.20,101.85,1600,46.344
2011-05-17,101.50,101.50,100.00,101.50,500,46.185
2011-05-16,101.80,101.80,99.65,101.15,1600,46.025
2011-05-13,102.50,102.50,99.61,100.45,800,45.707
2011-05-12,102.00,102.00,100.00,101.50,600,46.185
2011-05-11,102.00,102.00,100.10,102.00,1400,46.412
2011-05-10,102.00,102.00,100.45,101.50,1000,46.185
2011-05-09,101.50,102.00,100.60,102.00,1000,46.412
2011-05-06,102.10,102.35,100.70,102.35,800,46.571
2011-05-05,102.50,102.50,101.60,101.80,600,46.321
2011-05-04,102.90,102.90,101.75,102.20,200,46.503
2011-05-03,102.30,103.25,100.55,102.50,1800,46.64
2011-05-02,103.00,103.00,101.05,101.70,400,46.276
2011-04-29,103.30,103.30,101.50,103.00,300,46.867
2011-04-28,104.00,104.00,100.00,102.40,3500,46.594
2011-04-27,104.15,104.20,101.20,103.05,3700,46.89
2011-04-26,104.00,104.20,102.50,104.20,300,47.413
2011-04-21,104.00,104.15,102.50,102.50,1200,46.64
2011-04-20,104.20,104.20,102.55,103.25,500,46.981
2011-04-19,104.00,104.00,102.75,102.75,400,46.753
2011-04-18,105.10,105.95,102.50,102.50,1000,46.64
2011-04-15,105.50,106.50,103.85,106.50,100,48.46
2011-04-14,103.95,105.75,103.50,103.50,600,47.095
2011-04-13,103.00,105.50,103.00,103.45,800,47.072
2011-04-12,103.10,105.50,103.00,103.20,1400,46.958
2011-04-11,104.00,104.00,102.00,102.60,1500,46.685
2011-04-08,102.60,102.60,102.00,102.00,700,46.412
2011-04-07,101.45,101.45,100.85,100.85,200,45.889
2011-04-06,101.00,101.85,99.41,100.00,7500,45.502
2011-04-05,99.50,100.90,98.51,100.30,1500,45.639
2011-04-04,97.50,98.50,97.50,98.00,1500,44.592
2011-04-01,96.00,99.20,95.52,97.50,1100,44.365
2011-03-31,97.50,97.50,94.70,94.70,600,43.091
2011-03-30,96.78,97.50,94.93,97.50,3800,44.365
2011-03-29,96.00,96.69,94.30,94.30,2200,42.909
2011-03-28,95.05,96.00,95.01,95.01,1100,43.232
2011-03-25,97.50,97.50,95.01,95.01,3000,43.232
2011-03-24,98.00,98.90,96.01,96.05,2200,43.705
2011-03-23,96.50,97.48,95.02,97.25,1200,44.251
2011-03-22,96.70,96.70,95.01,95.01,3000,43.232
2011-03-21,94.00,96.70,92.20,96.70,11600,44.001
2011-03-18,95.50,97.80,86.77,89.60,22200,40.77
2011-03-17,101.00,101.40,97.00,97.00,7900,44.137
2011-03-16,101.50,101.95,100.10,100.10,2000,45.548
2011-03-15,102.50,103.80,101.00,102.80,5200,46.776
2011-03-14,102.00,102.00,100.60,100.60,2600,45.775
2011-03-11,103.00,103.00,102.00,102.00,1200,46.412
2011-03-10,103.00,103.70,103.00,103.00,400,46.867
2011-03-09,105.00,105.90,103.00,103.00,800,46.867
2011-03-08,105.00,105.00,103.00,103.00,700,46.867
2011-03-07,104.25,105.05,104.25,105.00,400,47.777
2011-03-04,103.80,106.50,103.80,106.50,100,48.46
2011-03-03,103.30,106.50,103.30,104.00,800,47.322
2011-03-02,104.00,105.05,103.30,103.30,4500,47.004
2011-03-01,104.40,105.00,104.40,105.00,2500,47.777
2011-02-28,104.25,105.05,103.10,105.05,3900,47.80
2011-02-25,105.20,106.95,103.95,103.95,2400,47.299
2011-02-24,104.80,106.95,104.80,105.90,1500,48.187
2011-02-23,107.25,107.25,103.25,106.50,2100,48.46
2011-02-22,109.50,109.90,107.05,107.25,1300,48.801
2011-02-21,111.45,111.45,109.00,110.00,1800,50.052
2011-02-18,110.00,111.50,108.15,111.10,2200,50.553
2011-02-17,109.30,109.30,108.15,108.15,600,49.211
2011-02-16,108.15,110.00,108.15,110.00,1500,50.052
2011-02-15,106.30,110.00,106.30,110.00,4900,50.052
2011-02-14,104.05,107.00,104.05,106.30,1800,48.369
2011-02-11,105.00,105.00,103.55,103.75,500,47.208
2011-02-10,105.00,105.50,104.50,104.50,2100,47.55
2011-02-09,106.05,110.00,105.00,105.00,3100,47.777
2011-02-08,105.00,106.20,104.40,105.70,5100,48.096
2011-02-07,99.25,109.05,99.25,105.05,4900,47.80
2011-02-04,98.00,98.61,97.00,98.61,2300,44.87
2011-02-03,98.00,98.00,97.00,98.00,2300,44.592
2011-02-02,98.00,98.00,97.00,97.90,100,44.547
2011-02-01,98.00,98.00,97.97,98.00,200,44.592
2011-01-31,97.00,98.00,97.00,98.00,1300,44.592
2011-01-28,98.00,98.00,96.84,96.84,800,44.064
2011-01-27,98.15,98.15,97.00,98.00,1300,44.592
2011-01-26,98.98,98.98,96.65,96.84,3100,44.064
2011-01-25,99.00,99.79,97.50,97.60,1300,44.41
2011-01-24,98.23,99.66,97.82,99.66,2100,45.347
2011-01-21,97.50,99.04,96.32,96.32,1300,43.828
2011-01-20,98.50,99.25,97.00,97.87,2200,44.533
2011-01-19,99.90,99.90,97.70,98.50,300,44.82
2011-01-18,98.30,98.50,96.93,98.50,1000,44.82
2011-01-17,98.50,98.50,97.90,97.90,300,44.547
2011-01-14,98.60,98.60,96.02,98.45,500,44.797
2011-01-13,98.00,98.57,97.47,98.50,1900,44.82
2011-01-12,98.00,98.56,96.50,97.80,1900,44.501
2011-01-11,99.00,99.29,96.71,98.50,1700,44.82
2011-01-10,99.57,99.58,98.50,98.50,300,44.82
2011-01-07,99.63,99.63,97.62,99.14,1900,45.111
2011-01-06,99.75,100.85,98.91,98.91,1000,45.006
2011-01-05,102.50,103.00,100.40,100.40,3000,45.684
2011-01-04,101.65,103.95,99.50,101.05,9000,45.98
2011-01-03,99.00,99.84,99.00,99.50,500,45.275
2010-12-30,100.30,100.30,98.81,99.50,400,45.275
2010-12-29,98.75,101.50,98.75,100.50,1100,45.73
2010-12-28,99.50,99.99,99.40,99.40,900,45.229
2010-12-27,99.50,99.50,98.06,99.25,2700,45.161
2010-12-23,97.55,99.50,97.55,98.01,2100,44.597
2010-12-22,97.25,99.39,97.25,99.39,1400,45.225
2010-12-21,94.59,99.50,94.59,99.50,3900,45.275
2010-12-20,91.10,95.29,91.10,95.29,8700,43.359
2010-12-17,91.19,92.79,91.10,91.30,1800,41.543
2010-12-16,91.55,91.60,91.06,91.10,2900,41.452
2010-12-15,93.95,93.95,91.95,92.28,1100,41.989
2010-12-14,95.30,96.67,92.78,92.78,2000,42.217
2010-12-13,95.04,96.41,95.04,95.30,2900,43.364
2010-12-10,94.80,96.11,94.23,95.04,1400,43.245
2010-12-09,98.67,98.67,95.00,95.00,1300,43.227
2010-12-08,97.50,99.19,97.00,97.00,3300,44.137
2010-12-07,96.00,98.75,95.00,98.75,11800,44.933
2010-12-06,91.30,98.70,90.51,97.00,3400,44.137
2010-12-03,88.53,92.00,88.53,90.02,1300,40.961
2010-12-02,87.00,90.08,87.00,90.08,1600,40.988
2010-12-01,87.90,89.28,87.56,87.56,3700,39.842
2010-11-30,85.80,88.78,85.50,88.78,3700,40.397
2010-11-29,87.00,87.00,86.00,86.00,2800,39.132
2010-11-26,86.20,86.97,86.20,86.51,1800,39.364
2010-11-25,85.80,86.85,85.80,86.05,2000,39.155
2010-11-24,85.75,87.00,85.75,86.87,1300,39.528
2010-11-23,87.00,87.00,86.00,86.00,900,39.132
2010-11-22,85.70,86.94,85.70,86.94,1600,39.56
2010-11-19,85.05,86.99,85.05,85.70,500,38.995
2010-11-18,84.80,86.79,84.56,85.50,1100,38.904
2010-11-17,85.00,85.50,84.86,85.25,800,38.791
2010-11-16,84.84,85.26,84.84,85.11,300,38.727
2010-11-15,83.70,85.75,83.01,85.00,2900,38.677
2010-11-12,84.50,84.50,83.00,83.50,2800,37.994
2010-11-11,84.00,84.01,83.25,83.50,3400,37.994
2010-11-10,85.20,85.20,84.10,84.10,700,38.267
2010-11-09,84.80,86.19,84.15,84.15,2100,38.29
2010-11-08,84.10,86.28,84.10,84.80,2300,38.586
2010-11-05,81.00,85.10,81.00,84.25,14600,38.336
2010-11-04,80.01,81.34,80.01,80.70,3500,36.72
2010-11-03,80.98,81.26,78.76,79.40,11900,36.129
2010-11-02,80.21,80.95,79.80,80.30,1800,36.538
2010-11-01,78.20,80.98,78.20,80.74,4500,36.738
2010-10-29,79.20,79.49,78.11,78.80,2100,35.856
2010-10-28,77.40,79.28,77.40,79.17,4100,36.024
2010-10-27,79.21,79.50,77.06,78.30,8600,35.628
2010-10-26,79.93,79.99,78.01,79.49,3400,36.17
2010-10-25,74.95,79.28,74.93,79.00,11400,35.947
2010-10-22,73.20,74.75,73.20,74.17,5500,33.749
2010-10-21,73.45,74.17,73.00,73.00,19500,33.217
2010-10-20,74.02,74.49,72.90,73.74,9700,33.553
2010-10-19,74.75,74.75,73.51,74.50,8700,33.899
2010-10-18,73.00,75.19,73.00,74.44,3200,33.872
2010-10-15,73.60,73.60,72.51,73.00,800,33.217
2010-10-14,73.60,73.60,72.85,73.00,15600,33.217
2010-10-13,72.70,73.60,72.29,73.59,9100,33.485
2010-10-12,72.25,72.90,71.21,72.69,3700,33.076
2010-10-11,72.09,72.22,71.80,72.22,2900,32.862
2010-10-08,72.09,72.09,72.00,72.09,500,32.802
2010-10-07,72.10,72.10,72.00,72.00,800,32.762
2010-10-06,72.15,72.15,71.04,72.10,1400,32.807
2010-10-05,71.98,73.00,71.03,71.70,18600,32.625
2010-10-04,72.30,72.30,71.60,71.98,1000,32.752
2010-10-01,72.40,73.44,72.00,72.30,2300,32.898
2010-09-30,70.00,72.50,69.73,72.29,14400,32.893
2010-09-29,67.85,69.81,67.00,69.60,3200,31.669
2010-09-28,67.70,67.70,66.59,67.48,200,30.705
2010-09-27,67.26,67.64,66.81,67.20,2200,30.577
2010-09-24,67.20,67.28,67.01,67.28,4700,30.614
2010-09-23,67.40,67.40,66.10,67.00,3000,30.486
2010-09-22,68.28,68.28,67.57,67.60,400,30.759
2010-09-21,67.59,67.59,67.25,67.25,5200,30.60
2010-09-20,68.24,68.24,67.25,67.25,300,30.60
2010-09-17,66.99,67.56,66.75,67.48,4500,30.705
2010-09-16,70.00,70.00,67.00,67.00,4900,30.486
2010-09-15,69.73,69.95,69.73,69.95,500,31.829
2010-09-14,69.43,69.73,69.00,69.67,600,31.701
2010-09-13,68.00,69.16,68.00,69.16,600,31.469
2010-09-10,67.80,68.50,66.80,68.50,2100,31.169
2010-09-09,68.00,68.00,67.86,68.00,500,30.941
2010-09-08,69.20,69.20,67.72,68.10,900,30.987
2010-09-07,69.36,69.59,68.86,68.86,1000,31.333
2010-09-06,69.21,69.60,68.03,69.60,800,31.669
2010-09-03,69.49,69.49,67.72,69.17,200,31.474
2010-09-02,69.19,69.23,67.92,69.23,1200,31.501
2010-09-01,69.22,69.22,67.86,69.00,400,31.396
2010-08-31,68.99,69.14,67.86,69.14,000,31.46
2010-08-30,69.45,69.45,67.63,68.87,400,31.337
2010-08-27,68.99,68.99,68.97,68.97,000,31.383
2010-08-26,69.00,69.00,68.25,69.00,400,31.396
2010-08-25,69.30,69.30,68.20,68.20,800,31.032
2010-08-24,70.22,70.22,68.62,69.49,400,31.619
2010-08-23,70.70,70.70,70.00,70.05,1900,31.874
2010-08-20,71.44,71.83,70.11,71.60,1600,32.58
2010-08-19,71.89,71.89,70.50,71.66,2500,32.607
2010-08-18,71.91,71.92,70.51,71.70,500,32.625
2010-08-17,71.99,71.99,71.99,71.99,000,32.757
2010-08-16,71.97,71.97,71.97,71.97,000,32.748
2010-08-13,71.49,71.50,71.44,71.50,000,32.534
2010-08-12,70.00,71.00,70.00,71.00,400,32.307
2010-08-11,71.95,71.95,70.00,70.00,1400,31.851
2010-08-10,71.40,71.52,71.20,71.20,1100,32.398
2010-08-09,72.30,72.30,71.50,71.50,500,32.534
2010-08-06,72.90,72.90,71.39,71.39,700,32.484
2010-08-05,73.25,73.25,71.33,71.33,100,32.457
2010-08-04,73.01,73.01,71.51,72.39,200,32.939
2010-08-03,71.21,72.81,71.21,72.04,900,32.78
2010-08-02,72.45,73.05,72.30,73.05,300,33.239
2010-07-30,71.75,73.03,71.75,73.03,1700,33.23
2010-07-29,73.50,73.50,71.75,72.91,300,33.176
2010-07-28,73.53,73.53,72.50,72.50,000,32.989
2010-07-27,72.56,72.56,71.00,72.09,3300,32.802
2010-07-26,71.87,73.60,71.87,73.60,700,33.49
2010-07-23,72.71,72.71,72.62,72.62,000,33.044
2010-07-22,71.09,71.80,71.01,71.10,800,32.352
2010-07-21,71.22,71.22,71.22,71.22,000,32.407
2010-07-20,71.40,72.56,70.05,70.05,1400,31.874
2010-07-19,70.50,72.44,69.76,70.15,3800,31.92
2010-07-16,74.00,74.00,73.00,73.00,600,33.217
2010-07-15,73.74,73.74,73.74,73.74,400,33.553
2010-07-14,75.50,75.50,73.68,73.74,800,33.553
2010-07-13,74.44,75.22,74.42,74.42,500,33.863
2010-07-12,76.00,76.00,74.45,74.45,500,33.876
2010-07-09,75.64,77.00,75.64,76.99,300,35.032
2010-07-08,75.40,76.33,75.39,76.33,400,34.732
2010-07-07,75.35,75.38,74.99,75.37,400,34.295
2010-07-06,74.49,75.40,73.74,75.40,600,34.309
2010-07-05,75.00,75.39,73.72,73.72,2700,33.544
2010-07-02,76.50,76.98,76.30,76.98,900,35.028
2010-07-01,76.00,76.99,76.00,76.99,600,35.032
2010-06-30,76.10,76.50,75.33,75.85,500,34.513
2010-06-29,76.00,76.98,74.77,76.50,2400,34.809
2010-06-28,75.00,75.00,74.71,74.71,000,33.995
2010-06-25,76.05,76.05,74.80,75.54,300,34.372
2010-06-24,75.96,76.00,74.21,75.69,1300,34.441
2010-06-23,74.00,75.00,73.80,75.00,1800,34.127
2010-06-22,74.51,74.51,72.50,74.00,1100,33.672
2010-06-21,76.00,76.91,73.67,75.96,2000,34.563
2010-06-18,75.57,76.22,75.00,76.01,700,34.586
2010-06-17,74.00,76.75,74.00,76.75,2100,34.923
2010-06-16,72.98,75.74,72.98,73.10,1300,33.262
2010-06-15,73.00,73.00,71.95,71.95,900,32.739
2010-06-14,72.70,73.25,72.70,73.14,800,33.28
2010-06-11,70.25,73.25,69.90,73.25,1800,33.33
2010-06-10,68.95,69.75,68.01,69.75,1400,31.738
2010-06-09,67.32,69.00,67.32,69.00,1300,31.396
2010-06-08,67.35,68.99,65.55,65.55,900,29.827
2010-06-07,68.80,69.30,68.30,68.30,300,31.078
2010-06-04,68.50,69.50,68.50,68.50,2700,31.169
2010-06-03,67.50,68.55,67.40,68.55,900,31.192
2010-06-02,69.28,69.28,67.00,67.00,1300,30.486
2010-06-01,67.39,68.35,66.00,68.35,1700,31.101
2010-05-31,67.43,67.44,67.00,67.39,900,30.664
2010-05-28,66.37,67.32,65.25,66.90,5200,30.441
2010-05-27,63.55,67.69,63.55,65.35,4200,29.736
2010-05-26,63.45,64.41,62.69,63.86,2800,29.058
2010-05-25,62.52,63.54,61.61,62.90,1200,28.621
2010-05-24,63.50,63.76,62.53,63.29,1300,28.798
2010-05-21,65.00,65.98,60.00,62.52,5400,28.448
2010-05-20,65.10,66.30,65.00,65.77,2600,29.927
2010-05-19,67.80,67.80,64.00,66.00,5800,30.031
2010-05-18,67.40,67.40,66.69,66.69,1100,30.345
2010-05-17,67.99,67.99,66.70,66.70,2000,30.35
2010-05-14,67.58,68.77,67.05,67.99,6000,30.937
2010-05-13,68.89,69.00,67.56,68.78,1900,31.296
2010-05-12,68.00,69.00,66.92,68.88,9500,31.342
2010-05-11,68.50,68.50,63.22,67.00,16700,30.486
2010-05-10,71.50,71.75,67.85,67.85,4500,30.873
2010-05-07,71.49,71.49,67.00,69.00,4400,31.396
2010-05-06,71.56,72.97,69.03,71.08,4600,32.343
2010-05-05,73.98,73.98,71.61,72.00,1700,32.762
2010-05-04,74.00,74.44,73.01,73.99,800,33.667
2010-05-03,74.18,74.18,73.60,74.13,900,33.731
2010-04-30,74.46,74.53,74.11,74.26,600,33.79
2010-04-29,74.40,74.40,73.10,74.00,1300,33.672
2010-04-28,77.00,77.48,70.65,75.15,6400,34.195
2010-04-27,77.49,77.50,76.06,77.42,700,35.228
2010-04-26,76.80,78.01,76.80,77.50,000,35.264
2010-04-23,76.38,76.90,75.01,76.85,2000,34.968
2010-04-22,77.34,77.34,75.00,75.79,900,34.486
2010-04-21,77.25,78.27,76.15,76.15,900,34.65
2010-04-20,76.60,77.45,75.01,77.25,1400,35.15
2010-04-19,76.50,76.93,74.50,75.70,2600,34.445
2010-04-16,76.50,77.00,75.14,76.15,2200,34.65
2010-04-15,78.55,78.55,76.81,76.85,1200,34.968
2010-04-14,79.89,79.89,78.50,78.90,2300,35.901
2010-04-13,79.90,79.90,79.46,79.88,700,36.347
2010-04-12,80.00,80.00,79.49,79.88,1200,36.347
2010-04-09,78.00,79.00,77.15,79.00,3900,35.947
2010-04-08,78.59,78.59,77.27,77.85,1300,35.423
2010-04-07,78.69,78.89,77.01,78.47,2100,35.706
2010-04-06,80.25,81.84,76.20,77.00,9600,35.037
2010-04-01,79.25,80.50,79.01,80.00,2400,36.402
2010-03-31,78.80,83.09,78.80,80.50,5300,36.629
2010-03-30,73.40,79.00,73.40,77.55,5200,35.287
2010-03-29,69.76,74.25,69.50,73.99,8100,33.667
2010-03-26,68.50,70.00,68.40,70.00,2800,31.851
2010-03-25,70.48,70.49,68.50,68.50,800,31.169
2010-03-24,70.57,70.57,68.59,70.49,700,32.074
2010-03-23,70.55,70.55,68.53,70.54,700,32.097
2010-03-22,70.25,70.30,68.80,68.80,1700,31.305
2010-03-19,69.70,70.12,68.81,69.50,1200,31.624
2010-03-18,70.20,70.98,69.93,70.98,500,32.297
2010-03-17,70.70,70.99,70.00,70.98,600,32.297
2010-03-16,70.48,70.70,69.04,70.70,2000,32.17
2010-03-15,70.24,70.48,69.80,70.48,500,32.07
2010-03-12,68.77,70.21,68.50,70.20,1000,31.943
2010-03-11,70.64,70.64,68.80,68.80,900,31.305
2010-03-10,70.00,70.70,69.03,70.64,1600,32.143
2010-03-09,68.50,70.70,68.50,69.37,6100,31.565
2010-03-08,66.50,68.48,66.50,68.48,10000,31.16
2010-03-05,66.10,66.10,65.20,66.08,500,30.068
2010-03-04,65.00,66.12,64.60,66.12,800,30.086
2010-03-03,66.07,66.07,65.00,65.00,100,29.576
2010-03-02,64.80,65.90,64.50,65.90,1200,29.986
2010-03-01,65.15,66.98,64.20,64.20,2300,29.212
2010-02-26,66.97,66.97,65.45,66.00,1200,30.031
2010-02-25,67.65,68.36,65.56,66.00,3700,30.031
2010-02-24,68.40,68.40,68.38,68.40,000,31.123
2010-02-23,68.44,68.44,68.40,68.40,100,31.123
2010-02-22,67.70,68.44,66.93,68.44,200,31.142
2010-02-19,68.00,68.37,67.79,68.37,2000,31.11
2010-02-18,68.00,68.00,67.90,67.90,000,30.896
2010-02-17,67.98,68.00,66.00,67.99,2900,30.937
2010-02-16,67.98,67.98,67.50,67.97,500,30.928
2010-02-15,67.99,67.99,67.98,67.99,400,30.937
2010-02-12,67.98,67.99,67.98,67.99,200,30.937
2010-02-11,67.88,67.99,67.00,67.99,1200,30.937
2010-02-10,67.24,67.50,67.00,67.00,1500,30.486
2010-02-09,67.00,67.00,66.01,66.99,1400,30.482
2010-02-08,67.81,67.81,67.25,67.25,1100,30.60
2010-02-05,67.00,68.00,67.00,68.00,1700,30.941
2010-02-04,69.95,69.99,66.90,66.90,4200,30.441
2010-02-03,69.11,70.00,68.50,70.00,4900,31.851
2010-02-02,66.09,70.00,66.00,68.99,6600,31.392
2010-02-01,64.42,66.09,64.42,66.09,2000,30.072
2010-01-29,64.88,65.50,63.71,64.10,1200,29.167
2010-01-28,65.09,65.58,65.00,65.58,100,29.84
2010-01-27,65.40,65.59,63.95,65.00,1500,29.576
2010-01-26,65.76,65.78,64.10,65.00,1200,29.576
2010-01-25,65.90,65.90,64.50,65.88,200,29.977
2010-01-22,66.45,66.70,64.11,65.99,2900,30.027
2010-01-21,68.45,68.68,65.97,65.97,2900,30.018
2010-01-20,68.09,68.78,67.00,68.39,5400,31.119
2010-01-19,64.30,68.36,63.50,67.96,6500,30.923
2010-01-18,67.70,67.70,64.00,64.20,2000,29.212
2010-01-15,67.00,67.00,65.56,65.56,2000,29.831
2010-01-14,67.02,67.02,65.51,67.00,200,30.486
2010-01-13,66.79,67.01,65.24,67.01,2200,30.491
2010-01-12,66.80,66.94,65.22,65.25,2100,29.69
2010-01-11,65.80,67.02,65.20,65.50,2900,29.804
2010-01-08,65.50,66.84,65.20,66.00,2300,30.031
2010-01-07,65.50,67.00,65.16,67.00,1500,30.486
2010-01-06,67.47,67.47,65.00,67.04,4200,30.505
2010-01-05,67.80,67.87,66.25,67.48,2500,30.705
2010-01-04,70.45,70.45,67.00,67.01,3600,30.491
2009-12-30,69.50,69.80,67.52,68.83,2400,31.319
2009-12-29,69.89,69.89,69.00,69.50,800,31.624
2009-12-28,69.89,69.89,68.99,69.89,3200,31.801
2009-12-23,70.40,70.40,68.70,69.90,1600,31.806
2009-12-22,71.00,71.00,68.00,69.90,2500,31.806
2009-12-21,70.50,70.90,70.01,70.90,2400,32.261
2009-12-18,70.44,70.50,69.39,70.50,800,32.079
2009-12-17,70.00,70.43,69.15,70.43,600,32.047
2009-12-16,69.50,70.40,69.00,70.40,1900,32.034
2009-12-15,69.00,69.00,67.40,68.88,800,31.342
2009-12-14,69.30,69.30,69.29,69.30,100,31.533
2009-12-11,69.30,69.47,68.00,69.18,1300,31.478
2009-12-10,68.01,68.77,67.50,68.50,3100,31.169
2009-12-09,68.00,68.00,67.30,68.00,2600,30.941
2009-12-08,66.66,68.50,65.99,68.00,2500,30.941
2009-12-07,67.35,67.99,66.50,67.76,500,30.832
2009-12-04,68.39,68.39,66.55,68.05,1000,30.964
2009-12-03,66.76,68.12,66.58,68.12,200,30.996
2009-12-02,68.79,68.79,67.21,68.52,4600,31.178
2009-12-01,68.68,68.88,67.10,68.88,2700,31.342
2009-11-30,68.30,68.63,66.50,67.21,4400,30.582
2009-11-27,63.01,68.09,62.00,67.59,9700,30.755
2009-11-26,66.24,66.24,63.01,64.25,5500,29.235
2009-11-25,66.56,67.20,65.00,66.28,2600,30.159
2009-11-24,66.00,67.00,65.01,65.57,3400,29.836
2009-11-23,66.87,67.24,66.20,67.24,1700,30.596
2009-11-20,67.98,67.98,66.06,66.87,900,30.427
2009-11-19,68.50,68.50,67.00,67.74,800,30.823
2009-11-18,68.44,68.59,68.00,68.59,800,31.21
2009-11-17,68.00,68.37,67.60,68.28,600,31.069
2009-11-16,68.00,68.05,67.00,67.89,1800,30.891
2009-11-13,66.05,68.00,66.05,67.00,4400,30.486
2009-08-17,55.00,56.80,55.00,56.80,1600,25.845
2008-12-23,54.40,56.64,54.40,55.50,2100,25.254
2008-12-22,52.03,54.33,52.03,54.33,300,24.721
2008-12-19,52.00,52.00,51.10,51.10,300,23.252
2008-12-18,52.50,52.50,52.00,52.00,000,23.661
2008-12-16,52.80,52.80,52.80,52.80,000,24.025
2008-12-15,53.00,53.00,52.00,52.00,3900,23.661
2008-12-11,48.01,48.01,46.25,47.50,1000,21.614
2008-12-09,48.60,48.60,48.60,48.60,000,22.114
2008-12-08,48.60,48.60,47.50,47.50,000,21.614
2008-12-04,46.80,48.62,46.80,48.62,000,22.123
2008-12-02,48.60,48.60,48.60,48.60,000,22.114
2008-11-28,47.50,49.25,47.50,49.25,000,22.41
2008-11-26,48.90,48.90,48.90,48.90,000,22.251
2008-11-25,48.75,48.75,48.75,48.75,000,22.182
2008-11-21,48.90,48.90,48.90,48.90,000,22.251
2008-11-19,50.29,50.29,50.29,50.29,000,22.883
2008-11-17,50.30,50.30,50.30,50.30,000,22.888
2008-11-14,50.30,50.30,50.30,50.30,000,22.888
2008-11-13,48.60,49.56,48.50,49.56,400,22.551
2008-11-12,51.50,51.50,49.50,50.30,800,22.888
2008-11-11,49.00,51.30,49.00,51.30,100,23.343
2008-11-07,50.12,50.60,50.12,50.60,000,23.024
2008-11-05,51.70,52.00,51.70,52.00,600,23.661
2008-11-04,51.40,51.40,51.40,51.40,500,23.388
2008-11-03,51.35,51.35,51.35,51.35,000,23.365
2008-10-31,51.00,51.50,49.80,51.50,1100,23.434
2008-10-29,51.45,51.45,51.45,51.45,000,23.411
2008-10-28,51.45,51.45,51.45,51.45,000,23.411
2008-10-24,51.00,51.50,51.00,51.50,000,23.434
2008-10-23,50.95,50.95,50.95,50.95,000,23.183
2008-10-22,50.95,50.95,50.95,50.95,000,23.183
2008-10-21,50.95,50.95,50.95,50.95,000,23.183
2008-10-20,51.85,51.85,50.00,50.95,000,23.183
2008-10-17,52.00,52.00,52.00,52.00,000,23.661
2008-10-16,51.95,51.95,51.95,51.95,000,23.638
2008-10-15,50.11,50.40,49.50,50.40,800,22.933
2008-10-14,51.20,53.00,49.00,53.00,2100,24.116
2008-10-13,48.10,50.89,48.10,50.89,800,23.156
2008-10-10,47.90,47.90,47.90,47.90,000,21.796
2008-10-09,47.90,47.90,46.00,46.60,500,21.204
2008-10-08,47.90,47.90,46.00,47.90,200,21.796
2008-10-07,48.10,48.10,48.10,48.10,100,21.887
2008-10-06,48.10,48.10,48.10,48.10,400,21.887
2008-10-01,52.00,52.00,52.00,52.00,100,23.661
2008-09-30,53.00,53.75,53.00,53.75,600,24.457
2008-09-29,51.98,52.00,51.98,52.00,600,23.661
2008-09-25,52.08,52.09,52.08,52.09,400,23.702
2008-09-24,51.95,51.95,51.80,51.80,800,23.57
2008-09-23,53.29,53.54,53.00,53.28,100,24.244
2008-09-22,53.67,53.67,53.67,53.67,000,24.421
2008-09-17,52.25,53.80,52.25,53.80,100,24.48
2008-09-16,53.90,53.90,53.70,53.80,700,24.48
2008-09-15,54.72,55.30,54.72,55.30,400,25.163
2008-09-11,55.48,56.85,55.48,56.85,000,25.868
2008-09-10,56.50,56.50,56.50,56.50,000,25.709
2008-09-09,55.46,56.50,55.25,56.50,1200,25.709
2008-09-08,54.71,55.73,54.71,55.73,1700,25.358
2008-09-05,55.00,55.00,53.70,53.70,700,24.435
2008-09-04,55.00,55.00,55.00,55.00,100,25.026
2008-09-03,56.20,56.20,55.20,55.20,000,25.117
2008-09-02,56.00,56.00,54.63,54.63,100,24.858
2008-09-01,55.58,55.58,55.58,55.58,000,25.29
2008-08-29,54.99,54.99,54.99,54.99,000,25.022
2008-08-28,54.97,54.97,54.97,54.97,300,25.013
2008-08-26,54.09,54.87,54.09,54.87,400,24.967
2008-08-25,54.99,54.99,54.99,54.99,000,25.022
2008-08-22,54.99,54.99,54.99,54.99,000,25.022
2008-08-19,55.25,55.25,55.25,55.25,200,25.14
2008-07-25,59.40,59.40,59.40,59.40,000,27.028
2008-07-23,59.80,59.80,59.80,59.80,000,27.21
2008-07-21,60.05,60.05,60.02,60.02,200,27.31
2008-07-17,60.18,60.18,60.18,60.18,000,27.383
2008-07-16,58.55,59.66,58.55,59.66,000,27.147
2008-07-15,60.83,60.99,59.00,60.00,1200,27.301
2008-07-14,60.66,60.84,60.00,60.84,500,27.684
2008-07-11,60.75,62.50,60.75,62.50,100,28.439
2008-07-10,59.35,62.50,59.35,62.50,1700,28.439
2008-07-09,59.85,59.85,59.85,59.85,000,27.233
2008-07-08,61.00,61.00,59.70,61.00,200,27.756
2008-07-07,60.63,61.10,60.63,61.10,100,27.802
2008-07-03,59.35,60.94,59.35,60.94,000,27.729
2008-07-02,61.26,61.36,59.30,59.30,600,26.983
2008-07-01,61.36,61.36,59.65,60.63,200,27.588
2008-06-30,62.30,62.30,60.20,60.63,1900,27.588
2008-06-27,64.20,64.20,64.20,64.20,000,29.212
2008-06-26,63.54,64.00,63.54,64.00,2300,29.121
2008-06-25,61.50,62.70,61.40,62.70,2800,28.53
2008-06-24,60.50,62.00,60.50,62.00,3100,28.211
2008-06-23,59.20,60.18,59.20,60.18,500,27.383
2008-06-20,59.12,59.12,59.00,59.00,000,26.846
2008-06-19,58.50,58.52,57.61,58.30,5300,26.528
2008-06-18,57.10,57.10,57.10,57.10,900,25.982
2008-06-16,57.22,57.22,57.14,57.14,13000,26.00
2008-06-13,58.99,59.16,58.99,59.16,000,26.919
2008-06-12,57.20,58.85,57.20,58.85,7900,26.778
2008-06-11,58.84,58.84,58.84,58.84,000,26.773
2008-06-10,57.16,57.16,57.15,57.15,7900,26.004
2008-06-06,57.35,57.35,57.35,57.35,000,26.095
2008-06-05,57.50,57.50,57.50,57.50,100,26.164
2008-06-03,57.50,58.70,57.50,58.70,1200,26.71
2008-05-30,59.60,59.60,57.99,58.00,1900,26.391
2008-05-28,58.50,61.49,58.50,61.49,1200,27.979
2008-05-27,58.50,59.90,58.50,59.90,400,27.256
2008-05-23,60.51,61.75,60.00,61.75,500,28.098
2008-05-21,61.00,61.50,61.00,61.50,100,27.984
2008-05-19,62.00,62.00,62.00,62.00,100,28.211
2008-05-16,61.50,61.50,61.50,61.50,000,27.984
2008-05-14,60.25,61.50,60.08,61.50,700,27.984
2008-05-13,62.00,62.33,61.70,61.70,000,28.075
2008-05-12,60.08,60.50,60.08,60.50,700,27.529
2008-05-09,59.00,60.12,58.95,60.12,1200,27.356
2008-05-08,59.00,59.00,57.50,59.00,600,26.846
2008-05-07,57.52,58.80,57.12,58.80,1200,26.755
2008-05-06,58.00,58.80,57.00,57.50,7200,26.164
2008-05-05,59.00,59.00,58.00,59.00,400,26.846
2008-05-02,58.00,58.60,57.90,58.60,800,26.664
2008-04-30,54.49,59.00,54.49,59.00,2500,26.846
2008-04-29,53.99,55.00,52.75,54.00,19100,24.571
2008-04-28,55.50,55.50,52.50,53.00,6300,24.116
2008-04-25,60.00,60.80,57.50,60.01,5600,27.306
2008-04-24,61.97,62.02,60.99,61.00,700,27.756
2008-04-23,64.01,64.99,61.30,61.30,2800,27.893
2008-04-18,66.39,66.39,66.39,66.39,000,30.209
2008-04-16,65.67,65.67,65.67,65.67,000,29.881
2008-04-15,66.73,66.73,65.34,65.34,400,29.731
2008-04-14,66.99,66.99,66.00,66.00,000,30.031
2008-04-11,67.55,68.00,66.50,66.50,1200,30.259
2008-04-10,70.10,70.10,66.00,67.17,1400,30.564
2008-04-09,70.49,70.50,70.49,70.50,100,32.079
2008-04-08,71.50,71.50,70.50,70.50,800,32.079
2008-04-07,70.50,72.60,70.50,72.60,200,33.035
2008-04-04,71.50,71.50,71.50,71.50,400,32.534
2008-03-31,73.50,73.50,72.80,73.50,400,33.444
2008-03-20,74.21,74.21,74.00,74.00,1400,33.672
2008-03-19,74.50,76.21,74.20,74.20,1600,33.763
2008-03-18,75.00,76.70,74.50,74.50,2900,33.899
2008-03-17,75.01,76.36,74.70,75.00,7500,34.127
2008-03-14,76.45,76.45,76.45,76.45,000,34.786
2008-03-10,75.00,75.00,75.00,75.00,100,34.127
2008-03-07,75.00,75.00,74.20,74.20,800,33.763
2008-02-27,74.00,74.00,74.00,74.00,200,33.672
2008-02-26,74.50,74.50,73.90,74.00,2800,33.672
2008-02-25,74.50,74.50,74.50,74.50,400,33.899
2008-02-22,74.50,74.50,74.50,74.50,000,33.899
2008-02-19,76.00,77.00,76.00,77.00,200,35.037
2008-02-18,76.75,76.75,76.75,76.75,000,34.923
2008-02-14,75.15,76.03,75.15,76.03,700,34.595
2008-02-13,72.00,73.76,72.00,73.76,800,33.562
2008-02-08,71.50,71.50,71.50,71.50,000,32.534
2008-02-06,74.00,74.00,74.00,74.00,000,33.672
2008-02-05,72.60,73.01,72.60,73.01,800,33.221
2008-02-01,72.60,73.69,72.60,73.69,400,33.531
2008-01-30,72.59,72.66,72.59,72.66,800,33.062
2008-01-29,72.00,72.50,71.50,72.01,1000,32.766
2008-01-28,73.10,73.10,73.10,73.10,1200,33.262
2008-01-25,71.50,72.86,71.50,72.86,4000,33.153
2008-01-24,71.50,72.00,71.34,72.00,900,32.762
2008-01-23,70.17,70.17,68.20,69.97,200,31.838
2008-01-22,70.94,71.43,70.00,70.00,000,31.851
2008-01-21,71.30,71.30,71.30,71.30,000,32.443
2008-01-18,70.00,71.30,70.00,71.30,1000,32.443
2008-01-17,72.00,72.53,69.68,69.68,300,31.706
2008-01-16,78.50,78.50,71.01,72.20,3400,32.853
2008-01-15,79.50,79.50,79.50,79.50,200,36.174
2008-01-14,79.10,79.10,79.10,79.10,000,35.992
2008-01-11,83.00,83.00,81.00,81.00,1000,36.857
2008-01-10,85.50,87.49,84.69,84.69,8800,38.536
2008-01-09,87.50,88.00,86.99,88.00,5400,40.042
2008-01-08,87.75,88.00,87.75,88.00,4000,40.042
2008-01-07,88.00,88.00,87.50,88.00,6800,40.042
2008-01-03,90.20,90.20,90.20,90.20,000,41.043
2007-12-28,87.50,89.20,87.50,89.20,100,40.588
