Date,Open,High,Low,Close,Volume,Adj Close
2016-10-27,18.175,18.28,18.025,18.20,4900,18.20
2016-10-26,18.205,18.245,17.95,18.15,11400,18.15
2016-10-25,18.00,18.42,18.00,18.30,16100,18.30
2016-10-24,18.38,18.38,17.80,17.97,11100,17.97
2016-10-21,18.22,18.345,18.12,18.22,10300,18.22
2016-10-20,17.655,18.25,17.655,18.25,8800,18.25
2016-10-19,17.59,17.82,17.375,17.65,7000,17.65
2016-10-18,18.00,18.05,17.495,17.75,7400,17.75
2016-10-17,18.04,18.04,17.665,17.99,4000,17.99
2016-10-14,17.99,18.12,17.755,18.025,16600,18.025
2016-10-13,17.925,18.00,17.725,17.90,25200,17.90
2016-10-12,18.00,18.25,17.945,18.09,2600,18.09
2016-10-11,18.23,18.33,17.995,18.07,9700,18.07
2016-10-10,18.10,18.315,17.96,18.065,8700,18.065
2016-10-07,18.51,18.51,18.10,18.19,6000,18.19
2016-10-06,18.665,18.665,18.34,18.34,21600,18.34
2016-10-05,18.135,18.625,17.88,18.44,16300,18.44
2016-10-04,18.32,18.435,17.865,18.30,69300,18.30
2016-10-03,18.29,18.29,18.29,18.29,000,18.29
2016-09-30,17.30,18.315,17.185,18.29,47700,18.29
2016-09-29,18.785,18.785,17.30,18.175,60800,18.175
2016-09-28,18.95,19.185,18.805,18.96,25000,18.96
2016-09-27,18.915,18.915,18.265,18.87,13800,18.87
2016-09-26,19.20,19.20,18.395,19.05,26300,19.05
2016-09-23,19.00,19.64,18.955,19.405,40100,19.405
2016-09-22,18.70,19.00,18.68,18.95,8600,18.95
2016-09-21,18.82,18.82,18.51,18.51,2200,18.51
2016-09-20,18.505,18.77,18.505,18.58,9200,18.58
2016-09-19,18.50,18.655,18.38,18.50,17400,18.50
2016-09-16,18.475,18.565,18.40,18.50,25500,18.50
2016-09-15,18.50,18.585,18.215,18.50,41800,18.50
2016-09-14,18.50,18.55,18.41,18.50,34200,18.50
2016-09-13,18.00,19.04,17.98,18.62,66000,18.62
2016-09-12,18.00,18.27,17.97,17.99,13800,17.99
2016-09-09,18.10,18.20,17.94,18.09,23500,18.09
2016-09-08,18.255,18.56,18.05,18.20,57300,18.20
2016-09-07,17.50,18.20,17.50,18.10,54700,18.10
2016-09-06,17.135,17.70,17.135,17.51,22900,17.51
2016-09-05,17.00,17.59,16.95,17.255,65600,17.255
2016-09-02,16.47,17.055,16.365,17.00,70100,17.00
2016-09-01,16.23,16.42,16.23,16.355,26100,16.355
2016-08-31,16.25,16.325,16.105,16.21,17800,16.21
2016-08-30,16.30,16.445,16.06,16.205,9500,16.205
2016-08-29,16.465,16.48,16.16,16.30,17200,16.30
2016-08-26,16.40,16.54,16.275,16.40,34900,16.40
2016-08-25,16.55,16.55,16.275,16.385,24300,16.385
2016-08-24,16.49,16.52,16.355,16.52,28300,16.52
2016-08-23,16.20,16.505,16.20,16.50,22400,16.50
2016-08-22,16.095,16.50,15.80,16.195,50500,16.195
2016-08-19,16.00,16.325,15.30,16.00,74800,16.00
2016-08-18,15.90,16.055,15.80,16.00,71500,16.00
2016-08-17,15.955,16.00,15.655,15.90,20500,15.90
2016-08-16,15.795,15.95,15.515,15.95,48800,15.95
2016-08-15,16.13,16.13,15.50,16.00,56200,16.00
2016-08-12,16.02,16.02,15.845,16.00,72400,16.00
2016-08-11,16.215,16.215,15.81,16.00,191200,16.00
2016-08-10,16.29,16.345,15.805,16.145,215500,16.145
2016-08-09,16.24,16.40,16.15,16.40,28100,16.40
2016-08-08,16.035,16.445,16.03,16.23,47100,16.23
2016-08-05,16.30,16.30,16.03,16.07,22200,16.07
2016-08-04,16.30,16.485,16.16,16.185,17400,16.185
2016-08-02,16.52,16.645,16.10,16.52,11900,16.52
2016-08-01,16.73,16.985,16.565,16.565,28200,16.565
2016-07-29,16.645,16.70,16.50,16.70,24200,16.70
2016-07-28,16.30,16.625,16.10,16.50,22700,16.50
2016-07-27,16.515,16.515,16.25,16.265,11800,16.265
2016-07-26,16.70,16.75,16.105,16.29,24900,16.29
2016-07-25,16.65,17.00,16.315,16.445,25200,16.445
2016-07-22,16.47,16.635,16.20,16.375,18200,16.375
2016-07-21,17.29,17.29,16.10,16.215,73700,16.215
2016-07-20,17.30,17.30,17.10,17.26,19400,17.26
2016-07-19,17.315,17.35,17.185,17.26,27000,17.26
2016-07-18,17.89,17.89,16.725,17.12,72800,17.12
2016-07-15,18.98,18.98,18.61,18.785,7000,18.785
2016-07-14,18.865,18.865,18.425,18.80,6400,18.80
2016-07-13,18.425,18.925,18.24,18.685,12200,18.685
2016-07-12,18.45,18.45,17.915,18.105,12900,18.105
2016-07-11,17.62,18.50,17.62,18.245,5300,18.245
2016-07-08,17.65,17.795,17.06,17.615,6900,17.615
2016-07-07,17.50,17.625,17.14,17.36,15600,17.36
2016-07-06,17.90,17.90,17.005,17.57,25800,17.57
2016-07-05,18.165,18.405,17.695,18.16,9700,18.16
2016-07-04,19.08,19.08,18.36,18.36,10900,18.36
2016-07-01,18.68,18.995,18.68,18.825,10200,18.825
2016-06-30,18.635,19.00,18.625,19.00,14600,19.00
2016-06-29,18.10,18.91,18.10,18.55,32200,18.55
2016-06-28,17.575,19.18,17.52,18.075,80200,18.075
2016-06-27,17.775,18.005,17.135,17.44,18000,17.44
2016-06-24,17.385,17.875,17.11,17.645,16000,17.645
2016-06-23,18.935,19.17,18.295,18.295,35900,18.295
2016-06-22,18.70,18.92,18.40,18.71,52100,18.71
2016-06-21,18.75,18.76,18.395,18.395,30400,18.395
2016-06-20,18.50,18.83,18.50,18.695,21400,18.695
2016-06-17,17.99,18.725,17.935,18.725,310500,18.725
2016-06-16,18.50,18.515,17.93,17.93,20600,17.93
2016-06-15,18.795,18.795,18.49,18.65,18900,18.65
2016-06-14,19.30,19.30,18.60,18.60,33000,18.60
2016-06-13,19.70,19.70,19.00,19.00,15900,19.00
2016-06-10,19.95,20.295,19.445,20.10,98700,20.10
2016-06-09,20.34,20.34,20.00,20.15,29700,20.15
2016-06-08,20.22,20.22,19.995,20.135,27900,20.135
2016-06-07,20.01,20.16,19.975,20.16,28700,20.16
2016-06-06,20.00,20.35,19.965,20.19,26200,20.19
2016-06-03,19.585,20.105,19.585,19.875,16900,19.875
2016-06-02,20.29,20.30,19.76,19.98,14500,19.98
2016-06-01,19.695,20.33,19.695,20.00,16500,20.00
2016-05-31,20.50,20.50,19.905,20.065,12000,20.065
2016-05-30,20.35,20.35,19.72,20.05,40200,20.05
2016-05-27,19.99,20.35,19.855,20.35,41600,20.35
2016-05-26,19.80,20.00,19.61,19.77,22100,19.77
2016-05-25,19.70,19.795,19.60,19.70,16700,19.70
2016-05-24,19.50,19.70,19.40,19.70,28700,19.70
2016-05-23,19.20,19.555,19.20,19.50,43700,19.50
2016-05-20,19.00,19.415,19.00,19.415,91700,19.415
2016-05-19,18.905,19.11,18.585,19.00,26100,19.00
2016-05-18,19.20,19.20,18.41,19.08,34700,19.08
2016-05-17,19.00,19.395,18.925,19.20,8700,19.20
2016-05-16,19.20,19.20,19.20,19.20,000,19.20
2016-05-13,19.525,19.69,18.70,19.20,43700,19.20
2016-05-12,19.475,19.825,19.25,19.70,36900,19.70
2016-05-11,19.055,19.50,18.925,19.435,18500,19.435
2016-05-10,19.35,19.40,18.705,18.725,13800,18.725
2016-05-09,20.20,20.66,19.415,19.415,17700,19.415
2016-05-06,20.15,20.15,19.88,20.15,8500,20.15
2016-05-05,20.10,20.52,20.095,20.31,7900,20.31
2016-05-04,20.01,20.90,19.60,20.10,51000,20.10
2016-05-03,20.30,20.30,19.905,20.17,14900,20.17
2016-05-02,19.91,20.67,19.90,20.30,26900,20.30
2016-04-29,19.00,19.91,18.80,19.90,38700,19.90
2016-04-28,19.095,19.095,18.645,18.95,25400,18.95
2016-04-27,19.00,19.14,18.60,19.11,10300,19.11
2016-04-26,19.00,19.00,18.76,19.00,7000,19.00
2016-04-25,18.51,18.94,18.51,18.75,14000,18.75
2016-04-22,18.80,18.80,18.00,18.285,21300,18.285
2016-04-21,16.655,19.24,16.455,18.805,139700,18.805
2016-04-20,16.30,16.60,16.24,16.355,14500,16.355
2016-04-19,16.355,16.40,16.105,16.33,18200,16.33
2016-04-18,16.37,16.415,16.175,16.25,6400,16.25
2016-04-15,16.225,16.435,16.14,16.155,6400,16.155
2016-04-14,16.30,16.455,16.19,16.285,9200,16.285
2016-04-13,16.40,16.50,16.05,16.40,31600,16.40
2016-04-12,16.12,16.295,16.075,16.275,5300,16.275
2016-04-11,16.155,16.395,16.155,16.20,6100,16.20
2016-04-08,16.40,16.50,16.195,16.445,15100,16.445
2016-04-07,16.49,16.49,16.125,16.25,3100,16.25
2016-04-06,16.32,16.75,16.105,16.41,18200,16.41
2016-04-05,16.30,16.375,16.00,16.225,12400,16.225
2016-04-04,16.025,16.625,16.025,16.225,16700,16.225
2016-04-01,16.00,16.28,15.63,15.795,17500,15.795
2016-03-31,16.255,16.85,16.03,16.10,29200,16.10
2016-03-30,16.605,16.855,16.015,16.20,40200,16.20
2016-03-29,17.30,17.30,16.62,16.62,11300,16.62
2016-03-28,17.21,17.21,17.21,17.21,000,17.21
2016-03-25,17.21,17.21,17.21,17.21,000,17.21
2016-03-24,17.215,17.445,16.915,17.21,31800,17.21
2016-03-23,16.85,17.79,16.35,17.525,52000,17.525
2016-03-22,16.60,16.94,16.355,16.755,10700,16.755
2016-03-21,16.705,17.235,15.84,17.105,20600,17.105
2016-03-18,16.675,17.105,16.675,17.09,14800,17.09
2016-03-17,16.96,17.23,16.555,16.76,22000,16.76
2016-03-16,16.84,17.17,16.84,16.91,11500,16.91
2016-03-15,16.80,17.145,16.675,16.99,12000,16.99
2016-03-14,16.54,17.00,16.50,17.00,4600,17.00
2016-03-11,16.45,16.55,16.03,16.125,14000,16.125
2016-03-10,16.58,16.74,16.025,16.185,26100,16.185
2016-03-09,16.72,16.955,16.285,16.29,7000,16.29
2016-03-08,17.10,17.275,16.23,16.365,19400,16.365
2016-03-07,17.48,17.65,17.06,17.355,11700,17.355
2016-03-04,16.79,17.485,16.79,17.40,7200,17.40
2016-03-03,17.40,17.65,16.20,16.76,17500,16.76
2016-03-02,18.00,18.15,17.00,17.37,27800,17.37
2016-03-01,17.645,17.995,17.48,17.905,21900,17.905
2016-02-29,17.00,17.50,16.82,17.50,7700,17.50
2016-02-26,17.20,17.225,16.525,17.10,14200,17.10
2016-02-25,16.205,17.585,16.205,16.90,10300,16.90
2016-02-24,16.35,16.35,15.775,15.98,5700,15.98
2016-02-23,17.445,17.75,16.255,16.255,27500,16.255
2016-02-22,17.38,17.49,17.10,17.305,39600,17.305
2016-02-19,17.09,17.315,17.005,17.07,8900,17.07
2016-02-18,15.945,17.77,15.945,17.40,15800,17.40
2016-02-17,15.205,15.825,15.20,15.665,3800,15.665
2016-02-16,15.335,15.56,15.005,15.15,15800,15.15
2016-02-15,15.99,16.095,15.435,15.60,21000,15.60
2016-02-12,15.71,15.93,15.10,15.16,26200,15.16
2016-02-11,15.20,16.805,14.95,15.445,32000,15.445
2016-02-10,14.80,15.95,14.595,15.00,31900,15.00
2016-02-09,15.50,15.665,14.78,14.90,22700,14.90
2016-02-08,16.56,17.335,15.35,15.60,37200,15.60
2016-02-05,16.93,17.29,16.52,16.52,3500,16.52
2016-02-04,16.50,17.30,16.20,16.91,9500,16.91
2016-02-03,16.79,16.79,16.22,16.50,29400,16.50
2016-02-02,16.70,16.98,16.60,16.60,9700,16.60
2016-02-01,16.62,17.12,16.565,16.565,7400,16.565
2016-01-29,17.305,17.515,16.93,16.93,11100,16.93
2016-01-28,17.495,17.495,17.00,17.00,9600,17.00
2016-01-27,17.55,17.60,17.12,17.31,5900,17.31
2016-01-26,17.00,17.70,16.695,17.50,7800,17.50
2016-01-25,17.20,18.345,16.83,16.97,13900,16.97
2016-01-22,17.20,17.45,16.955,17.105,88100,17.105
2016-01-21,17.00,17.20,16.80,16.95,9000,16.95
2016-01-20,17.50,17.71,16.63,17.015,36600,17.015
2016-01-19,17.90,17.90,17.265,17.50,28300,17.50
2016-01-18,17.80,17.80,17.43,17.50,11000,17.50
2016-01-15,18.30,18.625,17.40,17.50,51400,17.50
2016-01-14,19.47,19.55,18.225,18.50,32200,18.50
2016-01-13,20.00,20.00,19.505,19.55,52500,19.55
2016-01-12,20.00,20.00,19.61,19.80,14200,19.80
2016-01-11,19.305,19.90,19.30,19.70,21400,19.70
2016-01-08,20.05,20.095,19.40,19.40,8600,19.40
2016-01-07,20.02,20.025,19.675,19.70,27200,19.70
2016-01-06,20.50,20.50,20.165,20.20,6400,20.20
2016-01-05,20.35,20.50,20.00,20.50,15700,20.50
2016-01-04,20.14,20.30,19.90,20.30,11000,20.30
2016-01-01,20.135,20.135,20.135,20.135,000,20.135
2015-12-31,20.135,20.135,20.135,20.135,000,20.135
2015-12-30,20.515,20.845,19.90,20.135,57200,20.135
2015-12-29,20.79,20.80,20.475,20.65,8200,20.65
2015-12-28,20.99,20.99,20.415,20.825,6900,20.825
2015-12-25,20.97,20.97,20.97,20.97,000,20.97
2015-12-24,20.97,20.97,20.97,20.97,000,20.97
2015-12-23,20.655,20.97,20.215,20.97,26100,20.97
2015-12-22,20.765,20.765,20.46,20.46,11100,20.46
2015-12-21,20.38,20.78,20.325,20.40,10900,20.40
2015-12-18,20.48,20.78,20.16,20.21,16200,20.21
2015-12-17,21.15,21.15,20.16,20.50,98500,20.50
2015-12-16,21.00,21.075,20.735,20.825,8800,20.825
2015-12-15,20.35,21.30,20.20,20.60,38500,20.60
2015-12-14,21.27,21.31,20.545,20.65,66900,20.65
2015-12-11,20.855,20.90,20.455,20.74,13000,20.74
2015-12-10,21.705,21.705,20.25,20.88,33700,20.88
2015-12-09,21.50,21.50,20.825,21.365,52700,21.365
2015-12-08,21.70,21.895,21.095,21.49,73800,21.49
2015-12-07,20.50,22.00,20.50,21.80,191500,21.80
2015-12-04,20.685,20.805,20.20,20.30,39500,20.30
2015-12-03,19.755,20.745,19.755,20.60,50300,20.60
2015-12-02,19.65,20.00,19.57,20.00,21100,20.00
2015-12-01,19.80,19.805,19.35,19.77,206300,19.77
2015-11-30,19.90,20.70,19.66,19.80,91300,19.80
2015-11-27,19.51,22.20,19.50,20.175,334600,20.175
2015-11-26,19.58,19.70,19.44,19.70,138700,19.70
2015-11-25,19.75,19.98,19.49,19.765,147500,19.765
2015-11-24,19.755,19.80,19.49,19.61,136800,19.61
2015-11-23,20.00,20.15,19.85,19.88,12800,19.88
2015-11-20,19.80,20.05,19.59,20.05,72500,20.05
2015-11-19,20.05,20.20,19.50,19.74,297100,19.74
2015-11-18,20.14,20.20,20.00,20.00,10600,20.00
2015-11-17,19.90,20.09,19.71,20.07,18400,20.07
2015-11-16,19.82,19.89,19.70,19.85,255300,19.85
2015-11-13,19.91,19.995,19.85,19.90,87000,19.90
2015-11-12,19.91,20.175,19.90,20.00,55600,20.00
2015-11-11,20.10,20.65,19.725,19.95,993700,19.95
2015-11-10,20.15,20.46,20.00,20.04,234200,20.04
2015-11-09,20.35,20.35,20.075,20.14,52300,20.14
2015-11-06,20.05,20.40,20.00,20.21,1756700,20.21
