Date,Open,High,Low,Close,Volume,Adj Close
2016-10-27,75.25,75.25,71.10,72.00,31900,72.00
2016-10-26,78.00,78.00,75.02,75.66,25200,75.66
2016-10-25,80.20,80.20,77.25,77.25,21000,77.25
2016-10-24,80.49,80.49,77.77,80.19,22600,80.19
2016-10-21,81.31,82.76,79.10,79.48,18700,79.48
2016-10-20,81.18,81.71,80.40,81.07,6500,81.07
2016-10-19,82.46,82.80,80.67,81.21,10400,81.21
2016-10-18,80.50,83.74,80.50,82.69,25700,82.69
2016-10-17,79.88,80.77,79.38,79.70,10800,79.70
2016-10-14,77.10,79.38,77.10,78.84,16800,78.84
2016-10-13,78.06,78.31,77.06,77.06,14200,77.06
2016-10-12,80.50,80.82,78.38,78.38,13900,78.38
2016-10-11,82.30,82.36,80.13,80.60,15400,80.60
2016-10-10,82.53,83.15,81.23,82.78,10800,82.78
2016-10-07,83.76,83.76,81.23,82.30,11100,82.30
2016-10-06,83.15,83.75,82.50,82.95,7400,82.95
2016-10-05,83.50,83.88,83.02,83.45,17200,83.45
2016-10-04,83.00,84.96,82.08,84.45,46900,84.45
2016-10-03,83.80,83.80,83.80,83.80,000,83.80
2016-09-30,82.61,83.80,78.50,83.80,31500,83.80
2016-09-29,82.90,85.74,82.60,83.12,20800,83.12
2016-09-28,81.05,82.89,81.05,82.28,12600,82.28
2016-09-27,82.77,82.82,80.69,80.98,18400,80.98
2016-09-26,82.04,83.10,81.56,82.16,22600,82.16
2016-09-23,83.30,83.30,82.00,82.24,9800,82.24
2016-09-22,80.42,83.30,79.90,83.29,19900,83.29
2016-09-21,80.67,81.29,79.80,79.85,14900,79.85
2016-09-20,80.90,81.42,80.51,80.72,5500,80.72
2016-09-19,81.00,81.35,80.63,80.87,10000,80.87
2016-09-16,78.47,80.73,78.15,80.73,14000,80.73
2016-09-15,78.15,79.08,78.15,78.55,19400,78.55
2016-09-14,78.99,79.34,76.34,78.15,16200,78.15
2016-09-13,78.97,79.93,78.31,78.38,17100,78.38
2016-09-12,78.20,79.56,75.24,78.75,30700,78.75
2016-09-09,82.36,82.36,78.89,79.27,28000,79.27
2016-09-08,85.48,86.00,82.56,83.47,12300,83.47
2016-09-07,84.33,86.01,84.00,86.00,20500,86.00
2016-09-06,83.30,84.96,82.84,84.55,23700,84.55
2016-09-05,81.12,83.14,81.12,83.14,24500,83.14
2016-09-02,79.98,81.57,78.60,81.40,17800,81.40
2016-09-01,79.10,79.93,77.55,79.65,29400,79.65
2016-08-31,82.20,82.20,78.50,79.10,28900,79.10
2016-08-30,82.99,83.56,81.41,82.10,14500,82.10
2016-08-29,81.58,82.87,81.07,82.50,7600,82.50
2016-08-26,82.11,82.92,81.03,81.90,31200,81.90
2016-08-25,83.50,84.49,82.50,82.50,15300,82.50
2016-08-24,84.45,84.45,83.45,83.76,14300,83.76
2016-08-23,84.19,85.52,84.12,84.48,8600,84.48
2016-08-22,87.24,87.26,84.00,84.00,14900,84.00
2016-08-19,87.21,87.74,85.51,86.99,8500,86.99
2016-08-18,84.89,88.01,84.19,87.10,14500,87.10
2016-08-17,86.00,86.25,84.01,84.10,19300,84.10
2016-08-16,85.80,88.00,83.62,86.10,32900,86.10
2016-08-15,88.70,88.70,85.77,86.60,19100,86.60
2016-08-12,89.38,89.43,87.50,88.59,8800,88.59
2016-08-11,89.42,89.62,88.52,89.45,10800,89.45
2016-08-10,90.00,90.89,88.51,89.30,9600,89.30
2016-08-09,89.40,90.89,87.69,90.40,17800,90.40
2016-08-08,91.00,91.00,88.81,89.55,16200,89.55
2016-08-05,91.50,92.41,90.09,90.46,14300,90.46
2016-08-04,91.99,92.73,89.75,91.27,14300,91.27
2016-08-03,88.52,89.86,86.61,89.54,24700,89.54
2016-08-02,92.20,92.91,86.60,88.30,90600,88.30
2016-08-01,97.50,98.42,90.60,93.08,54700,93.08
2016-07-29,96.50,97.00,95.46,97.00,14300,97.00
2016-07-28,95.20,96.50,95.18,96.49,11500,96.49
2016-07-27,94.80,95.98,93.50,95.90,21300,95.90
2016-07-26,94.30,94.95,92.59,94.29,9900,94.29
2016-07-25,94.57,95.00,93.12,93.91,9900,93.91
2016-07-22,92.80,94.90,92.30,94.08,8200,94.08
2016-07-21,95.20,95.50,92.00,93.40,13500,93.40
2016-07-20,94.07,96.14,90.99,95.20,29100,95.20
2016-07-19,89.97,94.88,89.06,93.99,32300,93.99
2016-07-18,88.50,92.23,88.47,89.75,24200,89.75
2016-07-15,87.87,88.75,84.57,88.39,22700,88.39
2016-07-14,87.70,88.50,87.11,88.50,12100,88.50
2016-07-13,86.10,88.01,85.88,87.10,13800,87.10
2016-07-12,86.71,87.78,85.36,86.60,13800,86.60
2016-07-11,86.40,87.99,86.40,87.00,9000,87.00
2016-07-08,84.40,85.73,82.70,85.22,9500,85.22
2016-07-07,83.52,85.10,83.52,84.70,7900,84.70
2016-07-06,80.86,84.34,80.76,82.80,20800,82.80
2016-07-05,84.30,84.30,80.44,82.00,24100,82.00
2016-07-04,87.38,87.69,84.02,84.46,23100,84.46
2016-07-01,85.60,87.47,85.60,87.47,16500,87.47
2016-06-30,84.40,85.88,83.50,85.59,14500,85.59
2016-06-29,82.66,84.50,82.66,83.72,11600,83.72
2016-06-28,79.85,82.09,79.31,80.91,14300,80.91
2016-06-27,82.34,83.97,76.82,77.12,33100,77.12
2016-06-24,74.23,84.47,70.20,82.17,84100,82.17
2016-06-23,85.64,86.48,83.11,85.17,25800,85.17
2016-06-22,86.70,87.76,84.17,86.40,14600,86.40
2016-06-21,85.00,89.10,85.00,86.22,27900,86.22
2016-06-20,82.72,85.24,82.72,85.24,24700,85.24
2016-06-17,82.77,82.77,79.78,80.80,12800,80.80
2016-06-16,82.63,83.30,78.60,79.54,28100,79.54
2016-06-15,80.20,85.29,80.09,84.90,34500,84.90
2016-06-14,80.97,80.97,78.11,79.65,51200,79.65
2016-06-13,81.00,82.97,79.11,81.81,39600,81.81
2016-06-10,92.50,92.50,85.30,86.55,32400,86.55
2016-06-09,93.50,93.50,90.05,92.50,22500,92.50
2016-06-08,91.90,93.29,91.90,92.51,19000,92.51
2016-06-07,88.99,93.30,88.99,91.87,27400,91.87
2016-06-06,89.44,89.44,87.44,88.82,13000,88.82
2016-06-03,89.44,89.44,87.06,88.20,16400,88.20
2016-06-02,85.45,89.91,85.45,89.45,22800,89.45
2016-06-01,86.50,87.30,82.23,86.34,21200,86.34
2016-05-31,86.49,87.49,85.58,87.25,49200,87.25
2016-05-30,88.00,88.49,86.47,87.13,15700,87.13
2016-05-27,85.82,87.93,84.83,87.74,16700,87.74
2016-05-26,85.10,85.10,83.91,85.10,14200,85.10
2016-05-25,84.52,85.50,83.92,84.55,18200,84.55
2016-05-24,85.00,85.35,83.80,85.22,20200,85.22
2016-05-23,82.50,85.00,82.36,84.79,31900,84.79
2016-05-20,79.79,82.23,78.83,82.23,32900,82.23
2016-05-19,80.00,80.42,77.06,80.14,10200,80.14
2016-05-18,78.68,80.10,78.08,79.06,30100,79.06
2016-05-17,80.00,80.49,77.18,79.75,19600,79.75
2016-05-16,79.50,79.50,79.50,79.50,000,79.50
2016-05-13,78.00,80.05,76.78,79.50,38100,79.50
2016-05-12,75.85,78.56,75.85,77.63,19700,77.63
2016-05-11,77.90,78.32,75.25,77.00,24500,77.00
2016-05-10,78.50,79.00,75.00,78.40,25700,78.40
2016-05-09,79.15,79.76,78.18,78.18,36900,78.18
2016-05-06,77.30,81.00,76.07,78.63,54700,78.63
2016-05-05,75.49,76.95,75.11,76.95,12300,76.95
2016-05-04,72.40,77.12,72.20,76.76,49000,76.76
2016-05-03,71.00,72.38,70.50,71.69,34200,71.69
2016-05-02,69.68,71.75,69.65,70.90,26100,70.90
2016-04-29,69.69,69.69,68.09,69.10,10600,69.10
2016-04-28,69.88,69.95,67.30,69.13,17100,69.13
2016-04-27,64.91,69.95,64.53,69.95,33600,69.95
2016-04-26,61.21,65.62,60.96,65.20,27900,65.20
2016-04-25,61.26,61.66,60.58,60.58,6800,60.58
2016-04-22,62.60,62.60,60.91,60.91,9700,60.91
2016-04-21,63.39,63.39,62.17,63.05,6800,63.05
2016-04-20,62.00,63.20,61.20,63.08,24000,63.08
2016-04-19,63.30,63.49,61.80,62.44,18700,62.44
2016-04-18,61.50,64.00,61.50,63.02,15900,63.02
2016-04-15,60.95,62.91,59.10,62.84,20100,62.84
2016-04-14,60.95,61.18,60.00,60.00,9600,60.00
2016-04-13,58.39,61.12,58.28,60.45,15800,60.45
2016-04-12,57.54,58.25,56.80,58.00,17300,58.00
2016-04-11,57.50,58.60,56.63,57.88,18300,57.88
2016-04-08,58.25,59.80,57.70,57.70,18000,57.70
2016-04-07,59.02,59.74,58.25,58.25,15700,58.25
2016-04-06,59.99,60.30,58.12,59.52,14000,59.52
2016-04-05,60.00,60.23,58.10,59.62,21300,59.62
2016-04-04,61.30,62.02,60.60,60.60,16800,60.60
2016-04-01,62.00,62.00,61.12,61.20,10100,61.20
2016-03-31,62.30,62.80,61.27,61.64,8000,61.64
2016-03-30,61.61,63.10,61.09,62.52,16000,62.52
2016-03-29,63.35,63.35,60.30,61.00,12900,61.00
2016-03-28,62.87,62.87,62.87,62.87,000,62.87
2016-03-25,62.87,62.87,62.87,62.87,000,62.87
2016-03-24,63.50,64.40,62.44,62.87,11700,62.87
2016-03-23,64.98,65.39,63.29,63.54,14400,63.54
2016-03-22,64.75,64.84,63.50,64.84,14200,64.84
2016-03-21,64.60,66.66,64.37,64.78,11200,64.78
2016-03-18,66.49,67.59,65.01,65.39,16600,65.39
2016-03-17,67.02,69.17,65.34,65.45,21000,65.45
2016-03-16,66.09,66.50,65.45,66.10,9200,66.10
2016-03-15,64.32,66.08,63.15,65.83,21500,65.83
2016-03-14,62.50,66.00,62.50,65.73,54700,65.73
2016-03-11,59.39,59.68,58.27,59.55,19900,59.55
2016-03-10,58.53,60.84,57.60,58.41,25500,58.41
2016-03-09,58.09,59.13,57.31,57.50,11600,57.50
2016-03-08,59.80,60.00,56.90,57.50,38200,57.50
2016-03-07,61.38,61.48,59.32,60.56,14900,60.56
2016-03-04,62.40,62.40,60.32,60.65,16100,60.65
2016-03-03,63.00,63.99,61.11,62.29,16400,62.29
2016-03-02,64.30,65.20,62.64,63.02,21300,63.02
2016-03-01,62.00,64.01,61.78,64.01,24700,64.01
2016-02-29,61.74,62.40,60.00,62.00,26900,62.00
2016-02-26,59.10,62.26,58.89,61.80,27800,61.80
2016-02-25,58.59,59.94,58.10,58.40,18300,58.40
2016-02-24,60.00,60.15,57.69,57.69,19900,57.69
2016-02-23,59.14,60.31,56.00,59.58,37900,59.58
2016-02-22,60.06,60.93,58.02,59.50,32800,59.50
2016-02-19,61.89,62.00,60.72,61.20,8400,61.20
2016-02-18,61.80,63.30,61.14,61.95,25800,61.95
2016-02-17,60.00,62.00,58.60,61.63,19500,61.63
2016-02-16,63.95,63.99,58.50,59.45,39700,59.45
2016-02-15,65.00,65.77,62.80,63.38,42200,63.38
2016-02-12,57.70,59.90,55.02,59.90,41200,59.90
2016-02-11,57.04,58.36,55.05,55.50,26600,55.50
2016-02-10,55.50,60.25,55.01,59.17,53900,59.17
2016-02-09,52.00,53.80,49.60,53.59,95600,53.59
2016-02-08,60.36,60.50,54.40,54.40,56200,54.40
2016-02-05,63.78,64.35,62.42,62.53,11200,62.53
2016-02-04,65.04,67.05,61.92,64.00,19500,64.00
2016-02-03,68.00,68.18,63.80,64.29,25600,64.29
2016-02-02,68.65,69.63,68.01,69.35,7300,69.35
2016-02-01,70.70,71.49,69.00,69.85,9700,69.85
2016-01-29,69.55,70.00,68.11,69.77,10600,69.77
2016-01-28,70.00,70.34,68.60,68.92,15800,68.92
2016-01-27,70.40,70.40,69.00,69.78,12000,69.78
2016-01-26,69.27,70.94,69.01,69.81,17100,69.81
2016-01-25,70.13,72.20,69.50,71.46,36200,71.46
2016-01-22,70.50,72.00,68.95,69.19,34300,69.19
2016-01-21,65.89,69.18,65.13,66.59,40900,66.59
2016-01-20,62.55,65.75,60.00,64.54,47000,64.54
2016-01-19,58.00,65.39,57.71,64.90,75900,64.90
2016-01-18,55.55,57.34,52.10,54.48,85200,54.48
2016-01-15,67.52,68.00,56.02,58.80,134600,58.80
2016-01-14,70.55,71.14,65.32,68.00,39300,68.00
2016-01-13,75.49,75.49,72.21,72.21,21200,72.21
2016-01-12,73.24,74.38,71.32,72.70,15200,72.70
2016-01-11,73.32,74.80,71.01,73.68,19800,73.68
2016-01-08,72.09,74.99,72.00,73.32,30500,73.32
2016-01-07,74.00,74.00,69.60,71.05,43500,71.05
2016-01-06,79.20,79.20,73.66,77.54,33700,77.54
2016-01-05,78.00,79.01,77.05,78.35,22500,78.35
2016-01-04,76.00,79.09,74.00,75.50,47900,75.50
2016-01-01,80.50,80.50,80.50,80.50,000,80.50
2015-12-31,80.50,80.50,80.50,80.50,000,80.50
2015-12-30,78.30,81.55,78.20,80.50,37700,80.50
2015-12-29,74.49,78.16,74.49,78.00,34400,78.00
2015-12-28,71.04,74.20,70.81,73.90,29300,73.90
2015-12-25,70.15,70.15,70.15,70.15,000,70.15
2015-12-24,70.15,70.15,70.15,70.15,000,70.15
2015-12-23,71.00,71.00,69.53,70.15,9700,70.15
2015-12-22,72.30,72.30,70.00,70.96,9300,70.96
2015-12-21,72.70,72.99,67.52,72.18,20200,72.18
2015-12-18,73.11,74.30,71.01,73.00,23500,73.00
2015-12-17,73.91,74.94,73.00,73.97,22400,73.97
2015-12-16,71.89,73.75,71.89,73.40,18600,73.40
2015-12-15,70.35,71.97,70.21,71.73,9800,71.73
2015-12-14,69.66,72.47,69.28,70.07,15300,70.07
2015-12-11,72.00,73.49,67.52,69.15,32800,69.15
2015-12-10,75.00,75.00,71.50,72.19,13300,72.19
2015-12-09,70.95,75.06,70.10,74.50,26700,74.50
2015-12-08,72.86,72.86,68.30,71.30,82200,71.30
2015-12-07,78.00,78.31,75.11,75.61,40100,75.61
2015-12-04,78.00,78.97,77.55,78.64,16800,78.64
2015-12-03,78.81,79.00,75.00,78.40,18700,78.40
2015-12-02,78.00,79.00,77.33,79.00,19700,79.00
2015-12-01,78.85,78.88,77.26,78.20,17700,78.20
2015-11-30,78.60,78.98,77.00,78.98,29900,78.98
2015-11-27,77.49,79.00,76.81,78.99,21800,78.99
2015-11-26,77.50,77.60,75.11,77.60,21500,77.60
2015-11-25,78.89,78.89,74.30,77.50,29100,77.50
2015-11-24,78.99,79.00,74.36,77.94,36200,77.94
2015-11-23,75.89,79.00,74.55,79.00,42400,79.00
2015-11-20,75.80,76.54,74.06,75.83,23400,75.83
2015-11-19,71.90,75.90,71.90,75.57,28600,75.57
2015-11-18,73.10,74.49,69.20,72.51,30400,72.51
2015-11-17,69.35,74.26,68.09,73.15,49500,73.15
2015-11-16,62.25,69.21,62.00,68.50,40600,68.50
2015-11-13,65.00,65.89,61.11,64.76,40000,64.76
2015-11-12,65.20,67.55,63.50,65.49,26400,65.49
2015-11-11,69.40,69.99,62.17,65.61,62900,65.61
2015-11-10,64.27,69.00,63.36,68.43,62300,68.43
2015-11-09,60.66,67.00,60.66,64.00,50900,64.00
2015-11-06,57.18,60.16,57.18,60.00,30200,60.00
2015-11-05,58.50,58.51,57.01,58.00,20400,58.00
2015-11-04,57.80,58.95,56.51,58.30,37200,58.30
2015-11-03,55.72,57.50,55.72,57.50,34300,57.50
2015-11-02,55.30,56.40,50.17,56.00,57800,56.00
2015-10-30,55.38,55.38,54.66,55.25,10900,55.25
2015-10-29,54.96,55.40,54.08,55.33,17800,55.33
2015-10-28,53.22,55.30,52.50,55.10,26700,55.10
2015-10-27,55.00,55.20,52.37,53.54,24700,53.54
2015-10-26,54.02,56.57,52.21,54.95,47200,54.95
2015-10-23,49.88,55.70,48.87,54.50,64900,54.50
2015-10-22,49.895,50.00,47.20,50.00,50700,50.00
2015-10-21,46.92,49.99,46.90,49.99,62800,49.99
2015-10-20,44.89,47.815,44.27,46.50,39000,46.50
2015-10-19,43.50,44.89,43.44,44.88,17900,44.88
2015-10-16,43.10,43.58,43.10,43.50,6100,43.50
2015-10-15,43.50,43.58,42.53,43.10,8500,43.10
2015-10-14,43.00,43.55,42.30,43.50,7400,43.50
2015-10-13,42.50,43.00,42.00,42.96,11800,42.96
2015-10-12,43.70,43.90,42.56,42.985,20000,42.985
2015-10-09,43.40,43.70,42.70,43.65,13500,43.65
2015-10-08,43.985,44.00,42.32,42.80,15200,42.80
2015-10-07,43.80,44.90,42.71,43.50,28800,43.50
2015-10-06,38.70,42.00,38.60,42.00,86700,42.00
2015-10-05,38.50,38.65,38.23,38.495,11300,38.495
2015-10-02,38.50,38.60,38.215,38.38,7200,38.38
2015-10-01,38.50,38.84,38.22,38.25,22400,38.25
2015-09-30,37.86,38.70,37.86,38.50,33100,38.50
2015-09-29,39.85,39.85,36.01,37.87,36300,37.87
2015-09-28,40.99,41.99,40.265,40.77,14400,40.77
2015-09-25,40.29,40.99,40.05,40.99,13200,40.99
2015-09-24,39.87,40.355,39.33,39.99,11800,39.99
2015-09-23,39.27,39.89,39.00,39.88,14100,39.88
2015-09-22,39.37,39.37,38.125,39.29,11000,39.29
2015-09-21,38.06,39.75,38.06,39.37,18100,39.37
2015-09-18,35.85,37.99,34.99,37.99,28700,37.99
2015-09-17,35.02,35.35,34.995,35.085,6900,35.085
2015-09-16,35.73,36.15,35.03,35.10,13400,35.10
2015-09-15,35.00,36.15,35.00,35.605,15900,35.605
2015-09-14,31.68,36.065,31.60,35.00,89800,35.00
2015-09-11,31.49,31.975,31.155,31.485,13300,31.485
2015-09-10,31.99,31.99,31.05,31.45,20700,31.45
2015-09-09,32.02,32.05,31.28,31.88,17400,31.88
2015-09-08,30.70,31.79,30.70,31.79,3300,31.79
2015-09-07,31.23,31.23,30.655,30.725,1100,30.725
2015-09-04,32.045,32.05,30.48,30.805,6100,30.805
2015-09-03,32.00,32.09,31.33,32.05,6100,32.05
2015-09-02,31.715,31.88,31.31,31.33,1300,31.33
2015-09-01,31.98,31.985,31.015,31.14,6000,31.14
2015-08-31,32.00,32.385,31.98,31.98,7700,31.98
2015-08-28,31.99,31.995,31.73,31.995,4100,31.995
2015-08-27,32.00,32.485,31.635,31.945,6900,31.945
2015-08-26,30.985,32.54,30.33,31.315,16100,31.315
2015-08-25,29.40,31.50,29.19,31.06,20600,31.06
2015-08-24,28.90,28.90,27.01,28.40,42200,28.40
2015-08-21,29.70,31.295,29.20,30.00,19500,30.00
2015-08-20,32.00,32.00,30.625,31.01,15200,31.01
2015-08-19,32.54,32.54,32.01,32.35,4200,32.35
2015-08-18,32.55,32.55,32.30,32.55,4900,32.55
2015-08-17,32.05,32.695,32.05,32.55,6200,32.55
2015-08-14,32.10,32.55,31.845,32.02,6800,32.02
2015-08-13,31.50,32.21,31.49,32.00,11200,32.00
2015-08-12,32.70,32.70,30.665,31.19,33700,31.19
2015-08-11,33.79,33.795,32.70,32.78,17000,32.78
2015-08-10,33.40,33.79,33.00,33.70,9700,33.70
2015-08-07,33.06,33.26,32.535,32.925,6900,32.925
2015-08-06,32.80,33.80,32.50,32.95,15300,32.95
2015-08-05,33.50,35.00,32.81,33.395,26000,33.395
2015-08-04,33.20,33.42,33.03,33.30,6500,33.30
2015-08-03,33.20,33.50,32.40,33.20,19400,33.20
2015-07-31,33.83,33.845,32.96,33.20,8200,33.20
2015-07-30,34.05,34.10,33.00,33.45,13600,33.45
2015-07-29,34.00,34.405,33.45,33.98,16900,33.98
2015-07-28,31.50,33.995,31.50,33.995,19300,33.995
2015-07-27,33.40,33.80,31.16,31.89,18500,31.89
2015-07-24,33.85,33.88,33.00,33.48,16400,33.48
2015-07-23,32.195,33.88,32.00,33.58,25600,33.58
2015-07-22,31.42,32.50,31.305,32.09,32100,32.09
2015-07-21,30.40,31.545,30.005,31.40,10200,31.40
2015-07-20,29.44,30.80,29.44,29.95,15700,29.95
2015-07-17,29.57,29.57,29.31,29.445,7300,29.445
2015-07-16,29.50,29.55,29.49,29.55,8700,29.55
2015-07-15,29.50,29.50,29.17,29.50,5200,29.50
2015-07-14,29.175,29.50,29.175,29.50,4800,29.50
2015-07-13,29.80,29.95,28.98,29.50,26800,29.50
2015-07-10,29.50,29.70,29.345,29.495,10800,29.495
2015-07-09,27.50,29.70,27.50,29.50,11300,29.50
2015-07-08,27.97,28.06,26.99,27.45,19000,27.45
2015-07-07,26.56,28.45,26.56,27.995,15900,27.995
2015-07-06,26.00,27.45,25.57,26.50,48100,26.50
2015-07-03,25.40,26.29,25.20,26.00,22300,26.00
2015-07-02,25.575,25.58,25.35,25.39,5000,25.39
2015-07-01,25.05,25.55,25.05,25.545,10000,25.545
2015-06-30,24.80,25.08,24.52,24.965,6000,24.965
2015-06-29,24.12,24.97,23.05,24.78,13900,24.78
2015-06-26,25.485,25.49,25.155,25.49,2400,25.49
2015-06-25,25.29,25.50,24.955,25.38,3300,25.38
2015-06-24,25.50,25.50,25.00,25.47,2400,25.47
2015-06-23,25.79,25.79,24.62,25.33,10600,25.33
2015-06-22,24.94,25.93,24.94,25.79,15100,25.79
2015-06-19,21.81,24.50,21.81,24.10,22300,24.10
2015-06-18,21.90,21.90,21.59,21.71,2100,21.71
2015-06-17,21.99,22.01,21.76,21.88,3500,21.88
2015-06-16,22.56,22.56,20.91,21.84,57700,21.84
2015-06-15,23.385,23.40,22.49,22.75,9600,22.75
2015-06-12,24.45,24.45,23.80,23.805,4200,23.805
2015-06-11,24.495,24.50,24.08,24.08,3200,24.08
2015-06-10,24.35,24.59,24.05,24.59,4600,24.59
2015-06-09,24.88,25.315,23.83,24.05,19400,24.05
2015-06-08,25.57,25.995,25.50,25.50,2700,25.50
2015-06-05,26.23,26.23,25.565,26.10,900,26.10
2015-06-04,26.02,26.035,25.50,25.905,5800,25.905
2015-06-03,26.01,26.245,25.85,26.24,6800,26.24
2015-06-02,26.39,26.39,25.855,26.25,5300,26.25
2015-06-01,26.325,26.325,25.85,26.20,5000,26.20
2015-05-29,25.99,26.47,25.85,26.29,11100,26.29
2015-05-28,25.84,25.97,25.50,25.96,10300,25.96
2015-05-27,25.88,25.88,25.65,25.80,6700,25.80
2015-05-26,25.69,25.99,25.515,25.52,18400,25.52
2015-05-25,25.30,25.30,25.30,25.30,000,25.30
2015-05-22,24.99,25.38,24.99,25.30,6800,25.30
2015-05-21,24.98,25.39,24.905,25.39,5000,25.39
2015-05-20,25.38,25.38,24.82,24.96,3600,24.96
2015-05-19,24.80,25.43,24.745,25.39,24400,25.39
2015-05-18,22.98,24.99,22.98,24.75,30900,24.75
2015-05-15,22.70,22.95,22.65,22.95,6000,22.95
2015-05-14,22.49,22.73,22.375,22.73,4000,22.73
2015-05-13,21.62,22.485,21.62,22.00,12300,22.00
2015-05-12,22.00,22.00,21.89,21.89,1200,21.89
2015-05-11,22.00,22.10,21.615,22.10,4700,22.10
2015-05-08,21.13,22.00,21.00,21.88,14300,21.88
2015-05-07,21.05,21.17,20.845,21.13,3500,21.13
2015-05-06,21.225,21.32,20.98,21.10,10800,21.10
2015-05-05,21.315,21.315,20.59,21.17,12300,21.17
2015-05-04,21.36,21.36,21.10,21.32,4300,21.32
2015-05-01,21.00,21.00,21.00,21.00,000,21.00
2015-04-30,21.39,21.39,20.83,21.00,4900,21.00
2015-04-29,21.50,21.50,20.665,21.00,5700,21.00
2015-04-28,22.81,22.81,21.58,21.58,6700,21.58
2015-04-27,22.955,23.005,22.605,22.815,2500,22.815
2015-04-24,23.05,23.195,22.81,22.99,4200,22.99
2015-04-23,23.50,23.50,22.70,23.02,7900,23.02
2015-04-22,23.00,23.55,22.78,23.55,5800,23.55
2015-04-21,22.69,23.695,22.355,22.69,14700,22.69
2015-04-20,21.795,22.675,21.79,22.535,4800,22.535
2015-04-17,22.505,22.505,21.60,21.85,5900,21.85
2015-04-16,22.00,22.80,21.94,22.80,5600,22.80
2015-04-15,22.00,22.85,22.00,22.25,4100,22.25
2015-04-14,23.10,23.345,21.71,22.405,8700,22.405
2015-04-13,22.18,24.25,22.00,23.11,14900,23.11
2015-04-10,21.85,22.20,21.54,22.20,9700,22.20
2015-04-09,20.85,21.80,20.48,21.54,15200,21.54
2015-04-08,20.14,20.65,19.995,20.50,6200,20.50
2015-04-07,20.85,20.85,20.11,20.70,6500,20.70
2015-04-06,20.98,20.98,20.98,20.98,000,20.98
2015-04-03,20.98,20.98,20.98,20.98,000,20.98
2015-04-02,20.55,21.515,20.25,20.98,13800,20.98
2015-04-01,19.64,20.75,19.635,20.55,23400,20.55
2015-03-31,19.54,19.635,19.395,19.635,12500,19.635
2015-03-30,19.44,19.54,19.255,19.54,13600,19.54
2015-03-27,19.25,19.41,19.25,19.40,4100,19.40
2015-03-26,19.01,19.40,19.01,19.30,3000,19.30
2015-03-25,19.335,19.48,19.00,19.25,5800,19.25
2015-03-24,18.30,19.49,18.30,19.215,15900,19.215
2015-03-23,18.30,18.30,18.23,18.30,6600,18.30
2015-03-20,18.15,18.30,18.15,18.285,9700,18.285
2015-03-19,18.30,18.34,18.04,18.115,6000,18.115
2015-03-18,18.04,18.35,18.04,18.35,5400,18.35
2015-03-17,18.50,18.60,17.80,18.04,11400,18.04
2015-03-16,18.69,18.79,18.40,18.49,8700,18.49
2015-03-13,18.26,18.70,18.26,18.445,12900,18.445
2015-03-12,18.095,18.30,18.00,18.20,16800,18.20
2015-03-11,16.96,18.25,16.955,17.98,39600,17.98
2015-03-10,16.25,16.99,16.25,16.99,13600,16.99
2015-03-09,16.30,16.40,16.11,16.40,9100,16.40
2015-03-06,15.79,16.36,15.79,16.07,9400,16.07
2015-03-05,15.455,15.79,15.355,15.79,6600,15.79
2015-03-04,15.495,15.68,15.33,15.675,2600,15.675
2015-03-03,15.50,15.68,15.455,15.53,3100,15.53
2015-03-02,15.285,15.50,15.25,15.50,12200,15.50
2015-02-27,15.29,15.29,15.16,15.26,2000,15.26
2015-02-26,15.25,15.25,15.15,15.245,2000,15.245
2015-02-25,15.295,15.295,15.055,15.285,12600,15.285
2015-02-24,15.03,15.295,15.03,15.205,1900,15.205
2015-02-23,14.95,15.48,14.625,15.02,14700,15.02
2015-02-20,14.23,14.85,14.20,14.765,23700,14.765
2015-02-19,14.195,14.20,14.195,14.20,2900,14.20
2015-02-18,14.095,14.20,14.00,14.20,11100,14.20
2015-02-17,14.35,14.35,14.00,14.245,4200,14.245
2015-02-16,14.31,14.375,14.31,14.35,700,14.35
2015-02-13,14.51,14.51,14.055,14.10,6600,14.10
2015-02-12,14.515,14.73,14.415,14.415,4300,14.415
2015-02-11,14.79,14.82,14.595,14.75,2600,14.75
2015-02-10,13.99,14.80,13.99,14.50,5300,14.50
2015-02-09,14.30,14.32,13.77,13.77,3500,13.77
2015-02-06,13.70,14.36,13.70,14.15,6800,14.15
2015-02-05,13.75,13.75,13.55,13.55,1700,13.55
2015-02-04,13.66,13.71,13.55,13.55,4900,13.55
2015-02-03,13.70,13.70,13.60,13.625,2500,13.625
2015-02-02,13.695,13.70,13.60,13.70,1100,13.70
2015-01-30,13.505,13.65,13.505,13.65,4400,13.65
2015-01-29,13.40,13.50,13.395,13.50,5200,13.50
2015-01-28,13.50,13.50,13.31,13.40,3100,13.40
2015-01-27,13.655,13.86,13.50,13.50,5700,13.50
2015-01-26,13.70,13.80,13.70,13.80,3100,13.80
2015-01-23,13.525,13.80,13.525,13.70,1600,13.70
2015-01-22,13.315,13.60,13.31,13.50,2800,13.50
2015-01-21,13.29,13.40,13.11,13.40,7000,13.40
2015-01-20,13.25,13.25,13.195,13.25,4200,13.25
2015-01-19,13.25,13.39,13.22,13.295,15900,13.295
2015-01-16,12.90,13.00,12.81,12.94,2500,12.94
2015-01-15,12.695,13.00,12.695,12.755,6900,12.755
2015-01-14,12.395,12.52,12.395,12.50,9700,12.50
2015-01-13,12.39,12.395,12.39,12.395,100,12.395
2015-01-12,12.395,12.395,12.39,12.39,100,12.39
2015-01-09,12.255,12.255,12.23,12.23,1200,12.23
2015-01-08,12.395,12.395,12.395,12.395,000,12.395
2015-01-07,12.365,12.40,12.22,12.395,1200,12.395
2015-01-06,12.30,12.395,12.25,12.395,500,12.395
2015-01-05,12.305,12.305,12.29,12.29,1100,12.29
2015-01-02,12.155,12.155,12.155,12.155,000,12.155
2015-01-01,12.155,12.155,12.155,12.155,000,12.155
2014-12-31,12.155,12.155,12.155,12.155,000,12.155
2014-12-30,12.27,12.355,12.155,12.155,100,12.155
2014-12-29,12.32,12.32,12.11,12.15,1800,12.15
2014-12-26,12.32,12.32,12.32,12.32,000,12.32
2014-12-25,12.32,12.32,12.32,12.32,000,12.32
2014-12-24,12.32,12.32,12.32,12.32,000,12.32
2014-12-23,12.32,12.32,12.32,12.32,300,12.32
2014-12-22,12.115,12.115,12.115,12.115,200,12.115
2014-12-19,12.12,12.12,12.12,12.12,500,12.12
2014-12-18,12.00,12.00,12.00,12.00,000,12.00
2014-12-17,12.00,12.00,12.00,12.00,700,12.00
2014-12-16,12.25,12.25,12.10,12.10,1200,12.10
2014-12-15,12.50,12.69,12.365,12.365,1700,12.365
2014-12-12,12.695,12.695,12.405,12.405,400,12.405
2014-12-11,12.60,12.60,12.50,12.50,400,12.50
2014-12-10,12.495,12.495,12.495,12.495,200,12.495
2014-12-09,12.44,12.705,12.44,12.50,1300,12.50
2014-12-08,12.10,12.39,12.10,12.39,3000,12.39
2014-12-05,12.00,12.00,12.00,12.00,300,12.00
2014-12-04,12.00,12.00,12.00,12.00,000,12.00
2014-12-03,12.09,12.09,12.00,12.00,800,12.00
2014-12-02,11.95,11.95,11.90,11.90,1000,11.90
2014-12-01,12.00,12.00,11.95,11.95,500,11.95
2014-11-28,12.17,12.17,12.00,12.00,1100,12.00
2014-11-27,12.17,12.18,12.17,12.18,300,12.18
2014-11-26,12.30,12.35,12.18,12.18,800,12.18
2014-11-25,12.50,12.50,12.37,12.37,300,12.37
2014-11-24,12.49,12.515,12.49,12.515,600,12.515
2014-11-21,12.41,12.495,12.40,12.495,1900,12.495
2014-11-20,12.25,12.41,12.25,12.41,300,12.41
2014-11-19,12.185,12.405,12.185,12.29,2400,12.29
2014-11-18,12.14,12.14,12.14,12.14,000,12.14
2014-11-17,12.14,12.14,12.14,12.14,000,12.14
2014-11-14,12.15,12.15,12.14,12.14,300,12.14
2014-11-13,12.00,12.20,12.00,12.19,300,12.19
2014-11-12,11.89,12.09,11.89,12.09,2100,12.09
2014-11-11,12.135,12.14,12.13,12.13,300,12.13
2014-11-10,12.13,12.13,12.13,12.13,200,12.13
2014-11-07,11.995,11.995,11.91,11.91,1000,11.91
2014-11-06,12.00,12.00,12.00,12.00,500,12.00
2014-11-05,11.99,12.08,11.89,12.08,1600,12.08
2014-11-04,11.99,12.00,11.99,12.00,500,12.00
2014-11-03,12.50,12.50,11.92,12.005,2900,12.005
2014-10-31,12.05,12.64,12.05,12.50,4700,12.50
2014-10-30,12.005,12.05,11.80,11.80,1800,11.80
2014-10-29,11.70,11.70,11.70,11.70,000,11.70
2014-10-28,11.70,11.70,11.70,11.70,000,11.70
2014-10-27,11.70,11.70,11.70,11.70,000,11.70
2014-10-24,11.95,11.955,11.95,11.95,1000,11.95
2014-10-23,11.975,12.00,11.975,12.00,1200,12.00
2014-10-22,11.70,11.775,11.70,11.775,1800,11.775
2014-10-21,11.565,11.565,11.565,11.565,000,11.565
2014-10-20,11.305,11.565,11.30,11.565,600,11.565
2014-10-17,11.00,11.565,11.00,11.40,3600,11.40
2014-10-16,11.28,11.28,11.02,11.02,1300,11.02
2014-10-15,10.75,11.39,10.75,11.31,3300,11.31
2014-10-14,10.50,10.70,10.50,10.70,1300,10.70
2014-10-13,10.54,10.55,10.54,10.55,9700,10.55
2014-10-10,11.20,11.20,10.67,10.67,4900,10.67
2014-10-09,11.355,11.36,11.355,11.36,1200,11.36
2014-10-08,11.115,11.125,10.67,11.125,4400,11.125
2014-10-07,11.50,11.51,11.19,11.19,2800,11.19
2014-10-06,11.495,11.495,11.495,11.495,000,11.495
2014-10-03,11.495,11.495,11.495,11.495,000,11.495
2014-10-02,11.60,11.60,11.495,11.495,300,11.495
2014-10-01,11.60,11.70,11.50,11.50,500,11.50
2014-09-30,11.70,11.70,11.535,11.62,200,11.62
2014-09-29,11.70,11.70,11.70,11.70,400,11.70
2014-09-26,11.80,11.80,11.505,11.505,3200,11.505
2014-09-25,12.09,12.09,12.09,12.09,200,12.09
2014-09-24,12.00,12.09,12.00,12.09,600,12.09
2014-09-23,12.05,12.05,12.05,12.05,200,12.05
2014-09-22,12.10,12.10,12.10,12.10,200,12.10
2014-09-19,11.80,12.105,11.80,12.105,600,12.105
2014-09-18,12.00,12.00,11.80,11.80,400,11.80
2014-09-17,12.175,12.18,12.00,12.00,400,12.00
2014-09-16,11.88,11.88,11.88,11.88,000,11.88
2014-09-15,12.00,12.00,11.84,11.88,800,11.88
2014-09-12,12.25,12.25,12.00,12.00,2000,12.00
2014-09-11,12.25,12.25,12.20,12.20,1300,12.20
2014-09-10,12.395,12.395,12.37,12.37,400,12.37
2014-09-09,12.35,12.40,12.35,12.395,1300,12.395
2014-09-08,12.06,12.06,12.06,12.06,000,12.06
2014-09-05,12.06,12.06,12.06,12.06,000,12.06
2014-09-04,12.35,12.55,12.06,12.06,2500,12.06
2014-09-03,12.20,12.20,12.20,12.20,1000,12.20
2014-09-02,12.00,12.17,12.00,12.10,1600,12.10
2014-09-01,12.00,12.00,12.00,12.00,600,12.00
2014-08-29,12.00,12.00,12.00,12.00,800,12.00
2014-08-28,12.00,12.025,12.00,12.00,900,12.00
2014-08-27,12.00,12.00,12.00,12.00,800,12.00
2014-08-26,12.055,12.055,12.005,12.005,2800,12.005
2014-08-25,12.00,12.00,12.00,12.00,800,12.00
2014-08-22,12.00,12.00,12.00,12.00,900,12.00
2014-08-21,12.105,12.105,12.00,12.00,1400,12.00
2014-08-20,12.10,12.105,11.56,12.105,5800,12.105
2014-08-19,12.04,12.04,12.03,12.03,900,12.03
2014-08-18,11.615,11.705,11.305,11.705,5000,11.705
2014-08-15,12.10,12.10,12.10,12.10,000,12.10
2014-08-14,12.00,12.10,12.00,12.10,700,12.10
2014-08-13,11.39,11.90,11.39,11.90,5700,11.90
2014-08-12,10.835,11.40,10.80,11.39,8500,11.39
2014-08-11,10.85,10.995,10.80,10.895,800,10.895
2014-08-08,10.66,10.70,10.66,10.70,200,10.70
2014-08-07,10.665,10.70,10.66,10.70,500,10.70
2014-08-06,11.02,11.03,10.74,10.75,10400,10.75
2014-08-05,11.70,11.70,11.11,11.47,7200,11.47
2014-08-04,11.72,12.165,11.70,12.10,7000,12.10
2014-08-01,12.36,12.36,10.41,11.495,5800,11.495
2014-07-31,12.76,12.885,12.57,12.57,1400,12.57
2014-07-30,12.785,13.02,12.71,13.02,1100,13.02
2014-07-29,12.90,13.00,12.90,13.00,200,13.00
2014-07-28,13.00,13.10,12.90,12.90,1200,12.90
2014-07-25,13.00,13.10,13.00,13.10,200,13.10
2014-07-24,13.11,13.11,13.095,13.10,800,13.10
2014-07-23,12.95,13.00,12.95,13.00,400,13.00
2014-07-22,13.10,13.10,13.08,13.08,300,13.08
2014-07-21,13.30,13.31,12.955,12.955,3900,12.955
2014-07-18,13.60,13.74,13.60,13.74,300,13.74
2014-07-17,13.71,13.71,13.57,13.57,800,13.57
2014-07-16,13.80,13.80,13.55,13.55,1400,13.55
2014-07-15,12.40,13.80,12.40,13.78,9800,13.78
2014-07-14,12.29,12.445,12.29,12.445,1200,12.445
2014-07-11,12.315,12.315,12.315,12.315,000,12.315
2014-07-10,12.30,12.315,12.30,12.315,1000,12.315
2014-07-09,12.29,12.29,12.29,12.29,600,12.29
2014-07-08,12.00,12.005,12.00,12.00,200,12.00
2014-07-07,12.20,12.25,12.08,12.25,700,12.25
2014-07-04,12.205,12.205,12.205,12.205,000,12.205
2014-07-03,12.00,12.205,12.00,12.205,1200,12.205
2014-07-02,12.00,12.00,12.00,12.00,000,12.00
2014-07-01,12.00,12.00,11.905,11.905,1000,11.905
2014-06-30,12.20,12.20,12.20,12.20,000,12.20
2014-06-27,12.20,12.20,12.20,12.20,000,12.20
2014-06-26,12.20,12.20,12.20,12.20,400,12.20
2014-06-25,12.02,12.32,11.955,12.32,300,12.32
2014-06-24,12.05,12.05,11.99,11.99,700,11.99
2014-06-23,12.26,12.26,12.26,12.26,400,12.26
2014-06-20,12.21,12.21,12.21,12.21,800,12.21
2014-06-19,12.295,12.295,12.21,12.21,500,12.21
2014-06-18,12.49,12.50,12.49,12.50,600,12.50
2014-06-17,12.345,12.75,12.275,12.34,3200,12.34
2014-06-16,12.23,12.23,12.01,12.01,2200,12.01
2014-06-13,12.74,12.74,12.40,12.60,2300,12.60
2014-06-12,12.31,12.49,12.21,12.49,1300,12.49
2014-06-11,13.24,13.24,12.12,12.30,5200,12.30
2014-06-10,13.50,14.10,13.00,13.30,6100,13.30
2014-06-09,12.90,13.44,12.895,13.44,2800,13.44
2014-06-06,12.735,13.165,12.735,12.895,1800,12.895
2014-06-05,12.90,13.00,12.62,13.00,3100,13.00
2014-06-04,12.66,12.90,12.62,12.90,1600,12.90
2014-06-03,12.50,12.625,12.50,12.625,1700,12.625
2014-06-02,12.295,12.57,12.205,12.525,2800,12.525
2014-05-30,12.405,12.50,12.00,12.00,19100,12.00
2014-05-29,11.895,11.995,11.81,11.81,2600,11.81
2014-05-28,11.56,11.90,11.56,11.75,2200,11.75
2014-05-27,10.99,11.54,10.99,11.54,4200,11.54
2014-05-26,10.76,10.99,10.76,10.76,2200,10.76
2014-05-23,10.33,10.80,10.33,10.545,5000,10.545
2014-05-22,10.10,10.10,10.10,10.10,000,10.10
2014-05-21,10.10,10.10,10.10,10.10,1000,10.10
2014-05-20,10.025,10.025,10.025,10.025,000,10.025
2014-05-19,10.005,10.025,10.005,10.025,100,10.025
2014-05-16,10.30,10.30,10.30,10.30,000,10.30
2014-05-15,10.05,10.30,10.00,10.30,2100,10.30
2014-05-14,10.35,10.35,10.35,10.35,000,10.35
2014-05-13,10.35,10.475,10.35,10.35,1100,10.35
2014-05-12,10.45,10.49,10.20,10.48,600,10.48
2014-05-09,10.305,10.49,10.20,10.20,1800,10.20
2014-05-08,10.13,10.26,10.13,10.26,1000,10.26
2014-05-07,10.255,10.255,10.25,10.25,2200,10.25
2014-05-06,10.49,10.49,10.18,10.49,3900,10.49
2014-05-05,9.32,10.425,9.31,10.425,10000,10.425
2014-05-02,9.00,9.00,8.82,8.999,2300,8.999
2014-05-01,9.00,9.00,9.00,9.00,000,9.00
2014-04-30,9.01,9.01,8.82,9.00,700,9.00
2014-04-29,9.01,9.01,9.01,9.01,100,9.01
2014-04-28,8.856,9.00,8.856,9.00,500,9.00
2014-04-25,9.00,9.00,9.00,9.00,000,9.00
2014-04-24,9.00,9.00,9.00,9.00,1300,9.00
2014-04-23,9.10,9.10,9.10,9.10,000,9.10
2014-04-22,9.10,9.10,9.10,9.10,000,9.10
2014-04-21,9.10,9.10,9.10,9.10,000,9.10
2014-04-18,9.10,9.10,9.10,9.10,000,9.10
2014-04-17,8.95,9.10,8.95,9.10,9000,9.10
2014-04-16,8.59,8.83,8.59,8.83,1800,8.83
2014-04-15,8.88,8.88,8.70,8.70,2000,8.70
2014-04-14,8.59,8.727,8.59,8.727,1700,8.727
2014-04-11,8.82,8.82,8.67,8.67,2000,8.67
2014-04-10,9.00,9.00,9.00,9.00,200,9.00
2014-04-09,8.88,8.88,8.88,8.88,000,8.88
2014-04-08,8.88,8.88,8.88,8.88,000,8.88
2014-04-07,9.00,9.00,9.00,9.00,000,9.00
2014-04-04,9.00,9.00,9.00,9.00,000,9.00
2014-04-03,9.00,9.00,9.00,9.00,000,9.00
2014-04-02,9.00,9.00,9.00,9.00,000,9.00
2014-04-01,9.00,9.00,9.00,9.00,000,9.00
2014-03-31,8.999,9.00,8.999,9.00,2000,9.00
2014-03-28,9.00,9.00,9.00,9.00,000,9.00
2014-03-27,9.00,9.00,9.00,9.00,000,9.00
2014-03-26,9.00,9.00,9.00,9.00,000,9.00
2014-03-25,9.00,9.00,9.00,9.00,000,9.00
2014-03-24,9.05,9.05,8.999,9.00,800,9.00
2014-03-21,9.238,9.238,9.238,9.238,000,9.238
2014-03-20,9.238,9.238,9.238,9.238,000,9.238
2014-03-19,9.238,9.238,9.238,9.238,000,9.238
2014-03-18,9.057,9.238,9.057,9.238,1400,9.238
2014-03-17,9.102,9.102,9.102,9.102,000,9.102
2014-03-14,9.102,9.102,9.102,9.102,900,9.102
2014-03-13,9.20,9.20,9.20,9.20,000,9.20
2014-03-12,9.20,9.20,9.20,9.20,000,9.20
2014-03-11,9.20,9.20,9.20,9.20,000,9.20
2014-03-10,9.107,9.107,9.106,9.106,500,9.106
2014-03-07,9.25,9.25,9.25,9.25,200,9.25
2014-03-06,9.31,9.31,9.31,9.31,000,9.31
2014-03-05,9.31,9.31,9.31,9.31,100,9.31
2014-03-04,9.154,9.154,9.154,9.154,500,9.154
2014-03-03,9.45,9.45,9.45,9.45,000,9.45
2014-02-28,9.45,9.45,9.45,9.45,000,9.45
2014-02-27,9.45,9.45,9.45,9.45,000,9.45
2014-02-26,9.36,9.45,9.36,9.45,100,9.45
2014-02-25,9.00,9.55,9.00,9.203,7700,9.203
2014-02-24,9.013,9.013,9.013,9.013,000,9.013
2014-02-21,9.00,9.013,9.00,9.013,2200,9.013
2014-02-20,8.703,8.703,8.703,8.703,000,8.703
2014-02-19,8.806,8.806,8.806,8.806,000,8.806
2014-02-18,8.651,9.074,8.65,9.074,1300,9.074
2014-02-17,8.90,8.90,8.721,8.78,4000,8.78
2014-02-14,9.10,9.10,9.10,9.10,000,9.10
2014-02-13,9.10,9.10,9.10,9.10,000,9.10
2014-02-12,9.10,9.10,9.10,9.10,1900,9.10
2014-02-11,9.172,9.172,9.172,9.172,000,9.172
2014-02-10,9.172,9.172,9.172,9.172,000,9.172
2014-02-07,9.35,9.35,9.09,9.172,900,9.172
2014-02-06,9.001,9.32,9.001,9.316,1600,9.316
2014-02-05,9.001,9.001,9.001,9.001,000,9.001
2014-02-04,9.001,9.001,9.001,9.001,000,9.001
2014-02-03,9.20,9.23,9.001,9.001,1800,9.001
2014-01-31,9.23,9.284,9.229,9.284,6100,9.284
2014-01-30,9.40,9.40,9.30,9.35,4900,9.35
2014-01-29,9.35,9.521,9.35,9.351,36600,9.351
2014-01-28,9.35,9.35,9.35,9.35,3600,9.35
2014-01-27,9.55,9.55,9.35,9.35,500,9.35
2014-01-24,9.43,9.55,9.351,9.351,3000,9.351
2014-01-23,9.65,9.65,9.60,9.60,100,9.60
2014-01-22,9.791,9.791,9.791,9.791,000,9.791
2014-01-21,9.791,9.791,9.791,9.791,000,9.791
2014-01-20,9.65,9.791,9.65,9.791,1100,9.791
2014-01-17,9.50,9.70,9.465,9.70,2800,9.70
2014-01-16,10.195,10.20,9.50,9.70,3500,9.70
2014-01-15,9.941,10.255,9.941,10.255,000,10.255
2014-01-14,10.25,10.25,9.91,10.20,1500,10.20
2014-01-13,10.19,10.30,9.84,10.30,1100,10.30
2014-01-10,10.30,10.30,10.30,10.30,600,10.30
2014-01-09,9.904,10.005,9.72,9.72,900,9.72
2014-01-08,9.832,9.832,9.832,9.832,000,9.832
2014-01-07,9.594,9.594,9.594,9.594,1100,9.594
2014-01-06,9.40,9.40,9.40,9.40,000,9.40
2014-01-03,9.60,9.611,9.30,9.30,5100,9.30
2014-01-02,9.651,9.651,9.651,9.651,000,9.651
2014-01-01,9.651,9.651,9.651,9.651,000,9.651
2013-12-31,9.651,9.651,9.651,9.651,000,9.651
2013-12-30,9.651,9.651,9.651,9.651,000,9.651
2013-12-27,9.70,9.70,9.681,9.681,1000,9.681
2013-12-26,9.80,9.80,9.80,9.80,000,9.80
2013-12-25,9.80,9.80,9.80,9.80,000,9.80
2013-12-24,9.80,9.80,9.80,9.80,000,9.80
2013-12-23,9.90,9.90,9.80,9.80,1400,9.80
2013-12-20,9.999,10.00,9.80,9.80,900,9.80
2013-12-19,9.999,10.00,9.999,10.00,300,10.00
2013-12-18,9.80,9.80,9.80,9.80,000,9.80
2013-12-17,9.80,9.80,9.80,9.80,000,9.80
2013-12-16,9.799,9.80,9.799,9.80,1400,9.80
2013-12-13,9.80,9.80,9.74,9.74,1800,9.74
2013-12-12,9.90,9.90,9.86,9.86,1000,9.86
2013-12-11,10.00,10.00,10.00,10.00,500,10.00
2013-12-10,10.00,10.00,10.00,10.00,000,10.00
2013-12-09,10.00,10.00,10.00,10.00,4100,10.00
2013-12-06,10.00,10.00,10.00,10.00,1000,10.00
2013-12-05,9.90,9.90,9.90,9.90,1000,9.90
2013-12-04,9.961,9.961,9.96,9.96,400,9.96
2013-12-03,10.15,10.15,10.005,10.005,300,10.005
2013-12-02,10.275,10.28,10.00,10.20,2000,10.20
2013-11-29,10.045,10.045,10.045,10.045,400,10.045
2013-11-28,10.00,10.00,10.00,10.00,1000,10.00
2013-11-27,10.035,10.035,10.035,10.035,000,10.035
2013-11-26,10.27,10.27,10.035,10.035,2000,10.035
2013-11-25,9.985,9.985,9.985,9.985,000,9.985
2013-11-22,10.295,10.295,10.295,10.295,100,10.295
2013-11-21,10.00,10.095,9.95,10.095,300,10.095
2013-11-20,10.155,10.155,10.15,10.15,1000,10.15
2013-11-19,10.395,10.395,10.30,10.395,1200,10.395
2013-11-18,9.90,10.64,9.90,10.46,4900,10.46
2013-11-15,9.809,9.99,9.75,9.99,5100,9.99
2013-11-14,9.60,9.638,9.60,9.61,300,9.61
2013-11-13,9.81,9.81,9.81,9.81,000,9.81
2013-11-12,9.80,9.81,9.70,9.81,1200,9.81
2013-11-11,9.799,9.80,9.79,9.80,2500,9.80
2013-11-08,9.531,9.72,9.531,9.72,5800,9.72
2013-11-07,9.31,9.525,9.31,9.35,3200,9.35
2013-11-06,9.475,9.475,9.475,9.475,000,9.475
2013-11-05,9.685,9.85,9.475,9.475,4700,9.475
2013-11-04,9.398,10.00,9.398,9.89,10300,9.89
2013-11-01,8.85,9.018,8.85,9.018,2900,9.018
2013-10-31,8.85,8.85,8.85,8.85,000,8.85
2013-10-30,8.97,8.97,8.97,8.97,000,8.97
2013-10-29,8.605,8.97,8.605,8.97,1400,8.97
2013-10-28,8.42,8.42,8.42,8.42,000,8.42
2013-10-25,8.349,8.42,8.23,8.42,4500,8.42
2013-10-24,8.30,8.30,8.30,8.30,000,8.30
2013-10-23,8.30,8.30,8.30,8.30,000,8.30
2013-10-22,8.276,8.30,8.276,8.30,100,8.30
2013-10-21,8.23,8.23,8.136,8.136,700,8.136
2013-10-18,8.14,8.14,8.14,8.14,000,8.14
2013-10-17,8.11,8.14,8.11,8.14,500,8.14
2013-10-16,8.099,8.099,8.099,8.099,000,8.099
2013-10-15,8.099,8.099,8.099,8.099,000,8.099
2013-10-14,8.098,8.099,8.098,8.099,1900,8.099
2013-10-11,8.18,8.18,8.10,8.10,200,8.10
2013-10-10,8.18,8.18,8.18,8.18,900,8.18
2013-10-09,8.115,8.115,8.115,8.115,000,8.115
2013-10-08,8.116,8.116,8.115,8.115,800,8.115
2013-10-07,8.391,8.391,8.11,8.345,2100,8.345
2013-10-04,8.12,8.12,8.12,8.12,000,8.12
2013-10-03,8.12,8.12,8.12,8.12,000,8.12
2013-10-02,8.12,8.12,8.12,8.12,000,8.12
2013-10-01,8.12,8.12,8.12,8.12,000,8.12
2013-09-30,8.101,8.12,8.101,8.12,1500,8.12
2013-09-27,8.39,8.39,8.39,8.39,000,8.39
2013-09-26,8.18,8.39,8.18,8.39,1200,8.39
2013-09-25,8.00,8.00,8.00,8.00,000,8.00
2013-09-24,8.00,8.00,8.00,8.00,000,8.00
2013-09-23,8.20,8.20,8.00,8.00,3400,8.00
2013-09-20,8.39,8.39,8.39,8.39,000,8.39
2013-09-19,8.201,8.201,8.201,8.201,000,8.201
2013-09-18,8.201,8.201,8.201,8.201,000,8.201
2013-09-17,8.202,8.202,8.201,8.201,2300,8.201
2013-09-16,8.30,8.30,8.202,8.202,2500,8.202
2013-09-13,8.31,8.31,8.31,8.31,1400,8.31
2013-09-12,8.31,8.31,8.31,8.31,000,8.31
2013-09-11,8.31,8.31,8.31,8.31,000,8.31
2013-09-10,8.25,8.31,8.25,8.31,2000,8.31
2013-09-09,8.218,8.25,8.10,8.10,4500,8.10
2013-09-06,7.971,7.971,7.97,7.97,1400,7.97
2013-09-05,8.248,8.25,8.248,8.25,1600,8.25
2013-09-04,8.207,8.207,8.207,8.207,500,8.207
2013-09-03,8.073,8.073,8.073,8.073,000,8.073
2013-09-02,8.00,8.073,8.00,8.073,600,8.073
2013-08-30,8.082,8.082,8.082,8.082,100,8.082
2013-08-29,8.00,8.00,8.00,8.00,000,8.00
2013-08-28,8.00,8.00,8.00,8.00,000,8.00
2013-08-27,8.001,8.001,8.00,8.00,100,8.00
2013-08-26,8.024,8.024,8.00,8.00,2800,8.00
2013-08-23,8.20,8.20,8.20,8.20,900,8.20
2013-08-22,8.036,8.05,8.036,8.05,800,8.05
2013-08-21,8.01,8.01,8.01,8.01,000,8.01
2013-08-20,8.01,8.01,8.01,8.01,000,8.01
2013-08-19,8.01,8.01,8.01,8.01,000,8.01
2013-08-16,8.01,8.01,8.01,8.01,500,8.01
2013-08-15,8.15,8.15,8.15,8.15,000,8.15
2013-08-14,8.15,8.15,8.15,8.15,000,8.15
2013-08-13,8.131,8.15,8.08,8.15,5500,8.15
2013-08-12,8.351,8.351,8.20,8.20,3200,8.20
2013-08-09,8.20,8.20,8.20,8.20,000,8.20
2013-08-08,8.20,8.20,8.20,8.20,000,8.20
2013-08-07,8.19,8.20,8.10,8.20,2300,8.20
2013-08-06,8.25,8.25,8.25,8.25,300,8.25
2013-08-05,8.50,8.50,8.50,8.50,300,8.50
2013-08-02,8.50,8.50,8.50,8.50,6300,8.50
2013-08-01,8.621,8.621,8.62,8.62,3800,8.62
2013-07-31,8.50,8.50,8.42,8.42,2600,8.42
2013-07-30,8.59,8.60,8.40,8.40,6800,8.40
2013-07-29,8.49,8.50,8.49,8.50,1800,8.50
2013-07-26,8.206,8.49,8.206,8.23,2700,8.23
2013-07-25,8.30,8.30,8.30,8.30,000,8.30
2013-07-24,8.22,8.30,8.22,8.30,2000,8.30
2013-07-23,7.85,8.004,7.85,8.00,10500,8.00
2013-07-22,8.20,8.20,7.92,7.92,1800,7.92
2013-07-19,8.11,8.14,8.11,8.14,300,8.14
2013-07-18,8.01,8.01,8.01,8.01,000,8.01
2013-07-17,8.01,8.01,8.01,8.01,500,8.01
2013-07-16,7.591,7.90,7.591,7.691,2500,7.691
2013-07-15,7.64,7.64,7.639,7.639,000,7.639
2013-07-12,7.80,7.80,7.80,7.80,000,7.80
2013-07-11,7.45,7.80,7.22,7.80,22100,7.80
2013-07-10,7.22,7.22,7.22,7.22,000,7.22
2013-07-09,7.30,7.30,7.30,7.30,000,7.30
2013-07-08,7.30,7.30,7.30,7.30,000,7.30
2013-07-05,7.30,7.30,7.30,7.30,000,7.30
2013-07-04,7.30,7.30,7.30,7.30,000,7.30
2013-07-03,7.30,7.30,7.30,7.30,000,7.30
2013-07-02,7.30,7.30,7.30,7.30,600,7.30
2013-07-01,7.20,7.20,7.20,7.20,000,7.20
2013-06-28,7.20,7.20,7.20,7.20,000,7.20
2013-06-27,7.20,7.20,7.20,7.20,000,7.20
2013-06-26,7.20,7.20,7.20,7.20,000,7.20
2013-06-25,7.20,7.20,7.20,7.20,000,7.20
2013-06-24,7.20,7.20,7.20,7.20,000,7.20
2013-06-21,7.47,7.47,7.47,7.47,000,7.47
2013-06-20,7.10,7.47,7.10,7.47,4000,7.47
2013-06-19,7.373,7.373,7.373,7.373,100,7.373
2013-06-18,7.131,7.131,7.131,7.131,000,7.131
2013-06-17,7.15,7.15,7.131,7.131,600,7.131
2013-06-14,7.47,7.47,7.47,7.47,000,7.47
2013-06-13,7.47,7.47,7.47,7.47,000,7.47
2013-06-12,7.47,7.47,7.47,7.47,000,7.47
2013-06-11,7.46,7.47,7.46,7.47,2000,7.47
2013-06-10,7.48,7.48,7.48,7.48,100,7.48
2013-06-07,7.42,7.42,7.42,7.42,000,7.42
2013-06-06,7.40,7.40,7.40,7.40,200,7.40
2013-06-05,7.15,7.15,7.15,7.15,1000,7.15
2013-06-04,7.499,7.499,7.499,7.499,000,7.499
2013-06-03,7.151,7.499,7.151,7.499,5000,7.499
2013-05-31,7.379,7.379,7.379,7.379,000,7.379
2013-05-30,7.15,7.379,7.15,7.379,100,7.379
2013-05-29,7.28,7.28,7.28,7.28,000,7.28
2013-05-28,7.28,7.28,7.28,7.28,000,7.28
2013-05-27,7.16,7.16,7.16,7.16,000,7.16
2013-05-24,7.16,7.16,7.16,7.16,000,7.16
2013-05-23,7.16,7.16,7.16,7.16,000,7.16
2013-05-22,7.16,7.16,7.16,7.16,100,7.16
2013-05-21,7.45,7.50,7.20,7.50,8300,7.50
2013-05-20,7.21,7.37,7.21,7.37,200,7.37
2013-05-17,7.27,7.27,7.27,7.27,1300,7.27
2013-05-16,7.15,7.15,7.15,7.15,000,7.15
2013-05-15,7.15,7.15,7.15,7.15,700,7.15
2013-05-14,7.15,7.15,7.15,7.15,000,7.15
2013-05-13,7.40,7.40,6.97,7.15,6600,7.15
2013-05-10,7.225,7.225,7.07,7.209,1500,7.209
2013-05-09,7.498,7.498,7.498,7.498,000,7.498
2013-05-08,7.498,7.498,7.498,7.498,000,7.498
2013-05-07,7.98,7.98,7.498,7.498,2400,7.498
2013-05-06,7.51,7.51,7.51,7.51,000,7.51
2013-05-03,7.75,7.75,7.75,7.75,200,7.75
2013-05-02,7.51,7.51,7.51,7.51,000,7.51
2013-05-01,7.51,7.51,7.51,7.51,000,7.51
2013-04-30,7.51,7.51,7.51,7.51,500,7.51
2013-04-29,7.50,7.50,7.50,7.50,000,7.50
2013-04-26,7.50,7.50,7.50,7.50,000,7.50
2013-04-25,7.60,7.60,7.54,7.54,400,7.54
2013-04-24,7.931,7.931,7.931,7.931,000,7.931
2013-04-23,7.711,7.98,7.60,7.931,3500,7.931
2013-04-22,7.711,7.711,7.711,7.711,000,7.711
2013-04-19,8.00,8.00,8.00,8.00,000,8.00
2013-04-18,8.00,8.00,8.00,8.00,000,8.00
2013-04-17,8.00,8.00,8.00,8.00,000,8.00
2013-04-16,8.00,8.00,8.00,8.00,000,8.00
2013-04-15,7.999,7.999,7.999,7.999,300,7.999
2013-04-12,7.812,7.812,7.75,7.75,1000,7.75
2013-04-11,7.90,7.90,7.81,7.81,400,7.81
2013-04-10,7.81,7.81,7.81,7.81,000,7.81
2013-04-09,7.81,7.81,7.81,7.81,100,7.81
2013-04-08,7.81,7.999,7.81,7.811,300,7.811
2013-04-05,7.85,8.00,7.85,8.00,100,8.00
2013-04-04,8.144,8.144,8.144,8.144,000,8.144
2013-04-03,7.88,8.144,7.88,8.144,300,8.144
2013-04-02,8.00,8.00,8.00,8.00,1300,8.00
2013-04-01,8.30,8.30,8.30,8.30,000,8.30
2013-03-29,8.30,8.30,8.30,8.30,000,8.30
2013-03-28,8.396,8.396,8.30,8.30,100,8.30
2013-03-27,8.30,8.30,8.30,8.30,000,8.30
2013-03-26,8.00,8.396,7.92,8.30,900,8.30
2013-03-25,8.267,8.267,8.267,8.267,000,8.267
2013-03-22,8.197,8.197,8.197,8.197,000,8.197
2013-03-21,8.20,8.20,8.197,8.197,100,8.197
2013-03-20,8.10,8.10,8.10,8.10,000,8.10
2013-03-19,8.10,8.10,8.10,8.10,000,8.10
2013-03-18,8.10,8.10,8.10,8.10,400,8.10
2013-03-15,8.30,8.399,8.10,8.10,600,8.10
2013-03-14,8.363,8.363,8.363,8.363,000,8.363
2013-03-13,8.10,8.369,8.10,8.369,100,8.369
2013-03-12,8.424,8.424,8.424,8.424,000,8.424
2013-03-11,8.36,8.424,8.20,8.424,1500,8.424
2013-03-08,8.36,8.36,8.36,8.36,000,8.36
2013-03-07,8.361,8.361,8.36,8.36,500,8.36
2013-03-06,8.423,8.423,8.423,8.423,500,8.423
2013-03-05,8.351,8.351,8.351,8.351,500,8.351
2013-03-04,8.20,8.20,8.20,8.20,400,8.20
2013-03-01,8.497,8.497,8.201,8.201,2300,8.201
2013-02-28,8.402,8.498,8.402,8.498,2200,8.498
2013-02-27,8.351,8.351,8.351,8.351,000,8.351
2013-02-26,8.351,8.351,8.351,8.351,000,8.351
2013-02-25,8.35,8.351,8.35,8.351,1700,8.351
2013-02-22,8.298,8.298,8.298,8.298,000,8.298
2013-02-21,8.35,8.35,8.35,8.35,000,8.35
2013-02-20,8.35,8.35,8.35,8.35,000,8.35
2013-02-19,8.11,8.11,8.11,8.11,800,8.11
2013-02-18,8.11,8.11,8.11,8.11,100,8.11
2013-02-15,8.24,8.454,8.24,8.454,000,8.454
2013-02-14,8.496,8.496,8.496,8.496,000,8.496
2013-02-13,8.496,8.496,8.496,8.496,000,8.496
2013-02-12,8.496,8.496,8.496,8.496,000,8.496
2013-02-11,8.24,8.445,8.24,8.445,2100,8.445
2013-02-08,8.242,8.49,8.241,8.49,300,8.49
2013-02-07,8.488,8.488,8.488,8.488,000,8.488
2013-02-06,8.24,8.488,8.24,8.488,000,8.488
2013-02-05,8.49,8.49,8.49,8.49,000,8.49
2013-02-04,8.242,8.242,8.242,8.242,000,8.242
2013-02-01,8.242,8.242,8.242,8.242,000,8.242
2013-01-31,8.24,8.478,8.24,8.478,000,8.478
2013-01-30,8.488,8.488,8.488,8.488,000,8.488
2013-01-29,8.242,8.488,8.242,8.488,100,8.488
2013-01-28,8.49,8.49,8.49,8.49,1000,8.49
2013-01-25,8.11,8.401,8.11,8.20,1000,8.20
2013-01-24,8.391,8.391,8.391,8.391,000,8.391
2013-01-23,8.391,8.391,8.391,8.391,000,8.391
2013-01-22,8.391,8.391,8.391,8.391,000,8.391
2013-01-21,8.11,8.30,8.11,8.30,800,8.30
2013-01-18,8.112,8.112,8.111,8.111,900,8.111
2013-01-17,8.30,8.30,8.30,8.30,000,8.30
2013-01-16,8.30,8.30,8.30,8.30,000,8.30
2013-01-15,8.15,8.30,8.11,8.11,000,8.11
2013-01-14,8.45,8.45,8.45,8.45,100,8.45
2013-01-11,8.40,8.50,8.40,8.45,1400,8.45
2013-01-10,8.29,8.29,8.29,8.29,000,8.29
2013-01-09,8.29,8.29,8.29,8.29,300,8.29
2013-01-08,8.10,8.10,8.10,8.10,300,8.10
2013-01-07,8.03,8.10,8.03,8.10,1200,8.10
2013-01-04,7.982,7.982,7.982,7.982,000,7.982
2013-01-03,8.00,8.205,7.87,7.982,1800,7.982
2013-01-02,8.00,8.00,8.00,8.00,000,8.00
2013-01-01,8.50,8.50,8.50,8.50,000,8.50
2012-12-31,8.50,8.50,8.50,8.50,000,8.50
2012-12-28,8.17,8.50,8.17,8.50,200,8.50
2012-12-27,8.50,8.50,8.50,8.50,000,8.50
2012-12-26,8.50,8.50,8.50,8.50,000,8.50
2012-12-25,8.50,8.50,8.50,8.50,000,8.50
2012-12-24,8.50,8.50,8.50,8.50,000,8.50
2012-12-21,8.497,8.50,8.19,8.50,300,8.50
2012-12-20,8.497,8.497,8.497,8.497,000,8.497
2012-12-19,8.402,8.402,8.402,8.402,200,8.402
2012-12-18,8.30,8.30,8.30,8.30,000,8.30
2012-12-17,8.30,8.30,8.30,8.30,100,8.30
2012-12-14,8.15,8.15,8.15,8.15,000,8.15
2012-12-13,8.15,8.15,8.15,8.15,000,8.15
2012-12-12,8.15,8.15,8.15,8.15,000,8.15
2012-12-11,8.15,8.15,8.15,8.15,1000,8.15
2012-12-10,8.00,8.00,8.00,8.00,1500,8.00
2012-12-07,7.75,8.00,7.75,7.90,1000,7.90
2012-12-06,7.75,7.75,7.75,7.75,500,7.75
2012-12-05,7.75,7.75,7.75,7.75,4700,7.75
2012-12-04,7.60,7.60,7.60,7.60,700,7.60
2012-12-03,7.75,7.75,7.75,7.75,000,7.75
2012-11-30,7.75,7.75,7.75,7.75,1000,7.75
2012-11-29,7.72,7.72,7.72,7.72,300,7.72
2012-11-28,7.719,7.719,7.719,7.719,1500,7.719
2012-11-27,7.75,7.75,7.75,7.75,000,7.75
2012-11-26,7.718,7.75,7.441,7.75,200,7.75
2012-11-23,7.80,8.00,7.70,7.718,3100,7.718
2012-11-22,8.05,8.05,8.05,8.05,000,8.05
2012-11-21,7.802,8.05,7.802,8.05,000,8.05
2012-11-20,7.801,7.801,7.801,7.801,000,7.801
2012-11-19,8.011,8.011,8.011,8.011,800,8.011
2012-11-16,8.50,8.50,8.011,8.011,200,8.011
2012-11-15,8.201,8.201,8.20,8.20,1300,8.20
2012-11-14,8.33,8.50,8.25,8.50,100,8.50
2012-11-13,8.33,8.50,8.33,8.50,400,8.50
2012-11-12,8.499,8.499,8.33,8.33,700,8.33
2012-11-09,8.703,8.703,8.703,8.703,000,8.703
2012-11-08,8.703,8.703,8.50,8.50,1200,8.50
2012-11-07,8.503,8.55,8.50,8.55,3100,8.55
2012-11-06,8.702,8.75,8.55,8.55,5400,8.55
2012-11-05,9.22,9.22,8.70,8.70,14800,8.70
2012-11-02,9.499,9.499,9.499,9.499,000,9.499
2012-11-01,9.499,9.499,9.499,9.499,000,9.499
2012-10-31,9.16,9.499,9.16,9.499,300,9.499
2012-10-30,9.595,9.595,9.595,9.595,000,9.595
2012-10-29,9.001,9.595,9.001,9.595,3800,9.595
2012-10-26,9.25,9.25,9.25,9.25,1300,9.25
2012-10-25,9.051,9.051,9.05,9.05,1800,9.05
2012-10-24,9.35,9.35,9.05,9.05,4400,9.05
2012-10-23,9.70,9.70,9.70,9.70,000,9.70
2012-10-22,9.841,10.00,9.70,9.70,3800,9.70
2012-10-19,9.55,9.684,9.55,9.684,2700,9.684
2012-10-18,8.866,10.00,8.866,9.719,4700,9.719
2012-10-17,8.762,8.824,8.61,8.731,5300,8.731
2012-10-16,8.50,8.716,8.50,8.61,7200,8.61
2012-10-15,8.50,8.543,8.30,8.361,3200,8.361
2012-10-12,8.21,9.00,8.21,8.40,5100,8.40
2012-10-11,8.701,9.103,8.48,9.103,20400,9.103
2012-10-10,8.61,8.61,8.61,8.61,100,8.61
2012-10-09,8.87,8.87,8.766,8.80,7200,8.80
2012-10-08,9.15,9.202,9.15,9.202,300,9.202
2012-10-05,9.07,9.07,8.95,8.95,9200,8.95
2012-10-04,9.25,9.25,9.10,9.10,1500,9.10
2012-10-03,9.58,9.58,9.58,9.58,000,9.58
2012-10-02,9.58,9.58,9.58,9.58,200,9.58
2012-10-01,9.25,9.58,9.25,9.58,200,9.58
2012-09-28,9.30,9.30,9.30,9.30,1000,9.30
2012-09-27,9.60,9.60,9.30,9.30,700,9.30
2012-09-26,9.60,9.60,9.35,9.60,600,9.60
2012-09-25,9.50,9.60,9.50,9.60,800,9.60
2012-09-24,9.41,9.41,9.41,9.41,000,9.41
2012-09-21,9.202,9.41,9.10,9.41,400,9.41
2012-09-20,9.00,9.00,9.00,9.00,100,9.00
2012-09-19,9.10,9.10,9.10,9.10,000,9.10
2012-09-18,9.10,9.10,9.10,9.10,500,9.10
2012-09-17,9.10,9.10,9.10,9.10,1200,9.10
2012-09-14,9.15,9.35,9.15,9.30,2700,9.30
2012-09-13,8.40,9.131,8.40,9.131,6500,9.131
2012-09-12,8.466,8.466,8.35,8.35,1500,8.35
2012-09-11,8.248,8.248,8.248,8.248,000,8.248
2012-09-10,8.351,8.373,8.248,8.248,3000,8.248
2012-09-07,8.60,8.652,8.60,8.652,1000,8.652
2012-09-06,8.15,8.50,8.15,8.50,3000,8.50
2012-09-05,8.351,8.351,8.351,8.351,300,8.351
2012-09-04,8.825,8.825,8.825,8.825,000,8.825
2012-09-03,8.825,8.825,8.825,8.825,000,8.825
2012-08-31,8.825,8.825,8.825,8.825,000,8.825
2012-08-30,8.60,8.60,8.60,8.60,000,8.60
2012-08-29,8.824,8.824,8.55,8.60,200,8.60
2012-08-28,8.50,8.824,8.50,8.508,200,8.508
2012-08-27,8.368,8.442,8.368,8.442,300,8.442
2012-08-24,8.368,8.368,8.368,8.368,000,8.368
2012-08-23,8.19,8.368,8.19,8.368,1300,8.368
2012-08-22,8.81,8.81,8.507,8.507,000,8.507
2012-08-21,8.50,8.50,8.01,8.50,4600,8.50
2012-08-20,8.20,8.497,8.19,8.497,1300,8.497
2012-08-17,8.40,8.50,8.32,8.50,1200,8.50
2012-08-16,8.50,8.699,8.22,8.63,000,8.63
2012-08-15,8.39,8.599,8.30,8.50,1800,8.50
2012-08-14,8.824,8.824,8.51,8.70,2900,8.70
2012-08-13,8.899,9.00,8.389,8.80,1300,8.80
2012-08-10,8.90,8.90,8.35,8.60,4400,8.60
2012-08-09,9.10,9.10,8.90,8.90,1100,8.90
2012-08-08,9.10,9.11,9.10,9.10,700,9.10
2012-08-07,9.15,9.30,9.10,9.10,4500,9.10
2012-08-06,8.95,9.15,8.90,9.10,1300,9.10
2012-08-03,8.90,9.20,8.90,9.10,4000,9.10
2012-08-02,8.85,8.85,8.85,8.85,000,8.85
2012-08-01,9.00,9.00,8.85,8.85,2700,8.85
2012-07-31,9.199,9.199,8.90,8.90,1500,8.90
2012-07-30,9.199,9.199,9.198,9.199,1800,9.199
2012-07-27,9.199,9.199,9.187,9.199,2500,9.199
2012-07-26,9.199,9.199,9.199,9.199,2100,9.199
2012-07-25,9.199,9.20,9.195,9.20,1000,9.20
2012-07-24,9.199,9.199,8.90,9.195,1200,9.195
2012-07-23,9.20,9.25,9.10,9.10,3100,9.10
2012-07-20,9.469,9.469,9.20,9.45,2000,9.45
2012-07-19,9.47,9.47,9.469,9.469,1500,9.469
2012-07-18,9.435,9.48,9.354,9.48,2700,9.48
2012-07-17,9.46,9.468,9.437,9.437,1600,9.437
2012-07-16,9.468,9.468,9.468,9.468,1000,9.468
2012-07-13,9.488,9.488,9.488,9.488,1000,9.488
2012-07-12,9.379,9.499,9.379,9.49,2700,9.49
2012-07-11,9.098,9.38,9.098,9.38,1100,9.38
2012-07-10,9.38,9.50,9.38,9.498,2000,9.498
2012-07-09,9.58,9.58,9.58,9.58,000,9.58
2012-07-06,10.15,10.15,8.95,9.58,6800,9.58
2012-07-05,10.13,10.13,10.00,10.00,2000,10.00
2012-07-04,10.36,10.36,10.35,10.35,1200,10.35
2012-07-03,9.90,10.10,9.90,10.10,2500,10.10
2012-07-02,9.90,10.135,9.77,10.12,1400,10.12
2012-06-29,10.10,10.50,10.10,10.15,4500,10.15
2012-06-28,10.15,10.15,9.95,10.15,2300,10.15
2012-06-27,10.07,10.145,10.00,10.145,1800,10.145
2012-06-26,10.05,10.06,10.045,10.06,1900,10.06
2012-06-25,9.90,10.40,9.701,9.701,3600,9.701
2012-06-22,9.999,9.999,9.999,9.999,1000,9.999
2012-06-21,10.35,10.35,9.83,10.11,4600,10.11
2012-06-20,10.20,10.35,10.10,10.35,7700,10.35
2012-06-19,10.50,10.50,10.20,10.20,1900,10.20
2012-06-18,10.15,10.50,10.15,10.50,1800,10.50
2012-06-15,10.60,10.60,10.19,10.19,2300,10.19
2012-06-14,10.885,10.885,10.60,10.60,1800,10.60
2012-06-13,10.895,10.90,10.885,10.885,1400,10.885
2012-06-12,11.00,11.00,10.78,10.905,4600,10.905
2012-06-11,10.815,10.815,10.65,10.65,2300,10.65
2012-06-08,10.535,10.501,10.501,10.501,300,10.501
2012-06-07,10.535,10.535,10.50,10.50,1800,10.50
2012-06-06,10.525,10.525,10.525,10.525,1000,10.525
2012-06-05,10.90,10.90,10.57,10.57,2200,10.57
2012-06-04,11.36,11.36,10.52,10.90,4300,10.90
2012-06-01,11.69,11.745,11.68,11.70,6200,11.70
2012-05-31,11.75,11.75,11.465,11.69,3500,11.69
2012-05-30,12.00,12.145,11.615,11.615,6300,11.615
2012-05-29,11.90,12.145,11.855,12.145,4900,12.145
2012-05-28,11.70,11.90,11.70,11.90,2700,11.90
2012-05-25,10.655,11.90,10.655,11.90,21800,11.90
2012-05-24,10.145,10.585,10.00,10.585,23700,10.585
2012-05-23,10.065,10.08,10.065,10.08,1600,10.08
2012-05-22,9.80,10.095,9.80,10.08,2600,10.08
2012-05-21,10.14,10.14,10.14,10.14,1000,10.14
2012-05-18,10.225,10.225,9.88,10.15,2300,10.15
2012-05-17,10.00,10.235,10.00,10.235,1000,10.235
2012-05-16,10.26,10.26,9.91,10.245,1100,10.245
2012-05-15,10.45,10.45,10.00,10.26,1800,10.26
2012-05-14,10.50,10.50,10.00,10.00,3200,10.00
2012-05-11,10.60,10.70,10.305,10.305,4100,10.305
2012-05-10,10.84,10.84,10.50,10.50,2200,10.50
2012-05-09,10.70,10.70,10.50,10.50,1300,10.50
2012-05-08,10.85,10.85,10.50,10.70,4100,10.70
2012-05-07,10.88,10.88,10.515,10.75,2200,10.75
2012-05-04,11.00,11.00,10.75,10.75,2000,10.75
2012-05-03,11.26,11.26,11.19,11.19,900,11.19
2012-05-02,10.90,11.34,10.65,11.34,10500,11.34
2012-05-01,10.995,10.995,10.995,10.995,000,10.995
2012-04-30,10.885,11.00,10.885,10.995,900,10.995
2012-04-27,10.70,10.895,10.51,10.80,2200,10.80
2012-04-26,11.08,11.08,10.80,10.80,3700,10.80
2012-04-25,10.745,11.45,10.745,11.45,9000,11.45
2012-04-24,10.105,10.505,10.105,10.505,4400,10.505
2012-04-23,10.00,10.20,9.999,10.20,8000,10.20
2012-04-20,10.25,10.25,10.03,10.03,1600,10.03
2012-04-19,9.906,10.25,9.89,10.25,10000,10.25
2012-04-18,9.80,9.89,9.80,9.89,2100,9.89
2012-04-17,9.299,9.62,9.299,9.62,10100,9.62
2012-04-16,9.30,9.30,9.064,9.299,1000,9.299
2012-04-13,9.36,9.36,9.36,9.36,300,9.36
2012-04-12,9.23,9.23,9.23,9.23,700,9.23
2012-04-11,8.80,9.234,8.80,9.234,1800,9.234
2012-04-10,8.70,8.849,8.70,8.75,700,8.75
2012-04-09,8.651,8.651,8.651,8.651,000,8.651
2012-04-06,8.651,8.651,8.651,8.651,000,8.651
2012-04-05,8.65,8.651,8.65,8.651,200,8.651
2012-04-04,8.562,8.62,8.562,8.62,500,8.62
2012-04-03,8.85,8.85,8.60,8.60,1300,8.60
2012-04-02,8.30,8.85,8.25,8.85,26100,8.85
2012-03-30,8.25,8.26,8.20,8.20,5400,8.20
2012-03-29,8.299,8.299,8.22,8.22,2500,8.22
2012-03-28,8.261,8.401,8.102,8.25,5100,8.25
2012-03-27,8.25,8.297,8.25,8.297,1600,8.297
2012-03-26,8.249,8.25,8.249,8.25,5600,8.25
2012-03-23,8.20,8.20,8.20,8.20,400,8.20
2012-03-22,8.25,8.30,8.20,8.20,10000,8.20
2012-03-21,8.25,8.25,8.15,8.15,1800,8.15
2012-03-20,8.001,8.25,8.001,8.25,11300,8.25
2012-03-19,8.199,8.199,7.941,8.00,2600,8.00
2012-03-16,8.387,8.387,8.00,8.00,1200,8.00
2012-03-15,8.389,8.389,8.389,8.389,000,8.389
2012-03-14,8.20,8.20,8.20,8.20,900,8.20
2012-03-13,8.38,8.399,8.30,8.399,1600,8.399
2012-03-12,8.396,8.396,8.36,8.396,500,8.396
2012-03-09,8.388,8.388,8.35,8.35,1500,8.35
2012-03-08,8.389,8.389,8.389,8.389,800,8.389
2012-03-07,8.389,8.399,8.389,8.399,400,8.399
2012-03-06,8.00,8.40,8.00,8.40,1900,8.40
2012-03-05,7.999,8.149,7.95,8.149,1200,8.149
2012-03-02,7.998,7.998,7.86,7.998,2200,7.998
2012-03-01,7.819,7.998,7.819,7.998,3700,7.998
2012-02-29,7.60,7.799,7.51,7.799,2200,7.799
2012-02-28,7.60,7.788,7.60,7.788,1600,7.788
2012-02-27,7.652,7.652,7.60,7.60,1400,7.60
2012-02-24,7.60,7.85,7.60,7.75,5100,7.75
2012-02-23,7.75,7.75,7.551,7.551,1500,7.551
2012-02-22,7.80,7.80,7.80,7.80,3700,7.80
2012-02-21,7.85,7.89,7.85,7.89,300,7.89
2012-02-20,7.889,7.89,7.88,7.88,1400,7.88
2012-02-17,7.86,7.89,7.86,7.89,1100,7.89
2012-02-16,7.85,7.85,7.85,7.85,000,7.85
2012-02-15,7.85,7.85,7.85,7.85,000,7.85
2012-02-14,7.999,7.999,7.999,7.999,000,7.999
2012-02-13,7.999,7.999,7.999,7.999,000,7.999
2012-02-10,7.999,7.999,7.999,7.999,000,7.999
2012-02-09,7.85,7.85,7.85,7.85,300,7.85
2012-02-08,8.07,8.07,8.07,8.07,000,8.07
2012-02-07,8.07,8.07,8.07,8.07,000,8.07
2012-02-06,8.07,8.07,8.07,8.07,300,8.07
2012-02-03,8.198,8.198,8.198,8.198,100,8.198
2012-02-02,7.84,8.00,7.84,7.977,400,7.977
2012-02-01,8.239,8.239,7.36,7.90,4000,7.90
2012-01-31,7.902,8.101,7.902,8.101,1100,8.101
2012-01-30,7.99,8.101,7.99,7.99,1300,7.99
2012-01-27,8.143,8.24,7.872,7.999,300,7.999
2012-01-26,8.143,8.143,8.143,8.143,000,8.143
2012-01-25,8.00,8.143,8.00,8.143,300,8.143
2012-01-24,8.226,8.226,8.226,8.226,000,8.226
2012-01-23,8.101,8.239,7.952,7.952,1300,7.952
2012-01-20,8.125,8.24,8.002,8.002,700,8.002
2012-01-19,8.00,8.00,8.00,8.00,000,8.00
2012-01-18,8.05,8.219,8.05,8.219,100,8.219
2012-01-17,7.995,7.995,7.45,7.995,4400,7.995
2012-01-16,7.449,8.00,7.449,8.00,6600,8.00
2012-01-13,7.499,7.499,7.35,7.45,300,7.45
2012-01-12,7.35,7.40,7.35,7.35,1400,7.35
2012-01-11,7.347,7.347,7.347,7.347,000,7.347
2012-01-10,7.247,7.349,7.051,7.347,3800,7.347
2012-01-09,7.249,7.249,7.249,7.249,700,7.249
2012-01-06,7.00,7.15,7.00,7.15,1300,7.15
2012-01-05,7.249,7.249,7.249,7.249,1000,7.249
2012-01-04,7.249,7.249,7.249,7.249,000,7.249
2012-01-03,7.20,7.20,7.20,7.20,000,7.20
2012-01-02,7.20,7.20,7.20,7.20,000,7.20
2011-12-30,7.20,7.20,7.199,7.20,1200,7.20
2011-12-29,7.065,7.065,6.995,6.995,1000,6.995
2011-12-28,7.25,7.299,7.10,7.10,2200,7.10
2011-12-27,7.20,7.40,7.20,7.30,2200,7.30
2011-12-26,7.128,7.128,7.128,7.128,000,7.128
2011-12-23,7.09,7.20,7.09,7.128,13000,7.128
2011-12-22,6.95,7.001,6.95,7.001,1800,7.001
2011-12-21,7.20,7.20,7.20,7.20,000,7.20
2011-12-20,6.95,7.20,6.95,7.20,2000,7.20
2011-12-19,6.99,7.20,6.99,7.20,1400,7.20
2011-12-16,7.30,7.30,7.30,7.30,000,7.30
2011-12-15,7.30,7.30,7.30,7.30,000,7.30
2011-12-14,7.30,7.30,7.30,7.30,000,7.30
2011-12-13,7.30,7.30,7.30,7.30,000,7.30
2011-12-12,7.20,7.39,7.20,7.205,3300,7.205
2011-12-09,7.34,7.34,7.34,7.34,000,7.34
2011-12-08,7.34,7.34,7.34,7.34,000,7.34
2011-12-07,7.15,7.34,7.15,7.34,2400,7.34
2011-12-06,7.34,7.34,7.15,7.15,000,7.15
2011-12-05,7.34,7.34,7.299,7.299,000,7.299
2011-12-02,7.34,7.34,7.34,7.34,000,7.34
2011-12-01,7.34,7.34,7.34,7.34,100,7.34
2011-11-30,7.21,7.21,7.21,7.21,100,7.21
2011-11-29,7.15,7.15,7.15,7.15,700,7.15
2011-11-28,7.15,7.15,7.15,7.15,000,7.15
2011-11-25,7.15,7.15,7.15,7.15,000,7.15
2011-11-24,7.15,7.15,7.15,7.15,100,7.15
2011-11-23,7.048,7.20,7.00,7.00,4200,7.00
2011-11-22,7.01,7.10,7.00,7.05,11400,7.05
2011-11-21,7.22,7.22,7.00,7.00,7100,7.00
2011-11-18,7.45,7.45,7.399,7.40,31700,7.40
2011-11-17,7.55,7.55,7.55,7.55,000,7.55
2011-11-16,7.55,7.55,7.55,7.55,000,7.55
2011-11-15,7.55,7.55,7.26,7.40,4200,7.40
2011-11-14,7.595,7.595,7.40,7.40,2000,7.40
2011-11-11,7.75,7.75,7.40,7.425,5500,7.425
2011-11-10,7.45,7.749,7.41,7.60,5800,7.60
2011-11-09,7.55,7.55,7.55,7.55,000,7.55
2011-11-08,8.199,8.199,8.199,8.199,000,8.199
2011-11-07,8.20,8.20,8.20,8.20,000,8.20
2011-11-03,8.20,8.20,8.20,8.20,000,8.20
2011-11-01,7.711,8.198,7.711,8.198,400,8.198
2011-10-31,8.239,8.239,7.70,8.199,2900,8.199
2011-10-28,8.239,8.239,8.239,8.239,000,8.239
2011-10-27,8.00,8.24,7.519,8.24,900,8.24
2011-10-26,7.55,7.996,7.261,7.899,3600,7.899
2011-10-25,7.71,7.997,7.50,7.778,16400,7.778
2011-10-24,7.80,8.00,7.71,8.00,100,8.00
2011-10-21,7.71,8.00,7.71,8.00,300,8.00
2011-10-20,7.93,8.00,7.93,8.00,000,8.00
2011-10-19,7.45,8.00,7.45,8.00,2300,8.00
2011-10-18,7.70,8.00,7.65,8.00,700,8.00
2011-10-17,7.999,8.00,7.65,8.00,900,8.00
2011-10-14,7.801,7.999,7.80,7.999,1200,7.999
2011-10-13,8.00,8.00,8.00,8.00,000,8.00
2011-10-12,7.90,8.141,7.849,8.00,5100,8.00
2011-10-11,7.90,7.90,7.62,7.90,100,7.90
2011-10-10,7.75,7.90,7.59,7.90,1700,7.90
2011-10-07,7.889,7.89,7.75,7.75,3000,7.75
2011-10-06,7.61,7.90,7.61,7.90,200,7.90
2011-10-05,7.799,7.999,7.799,7.90,7500,7.90
2011-10-04,7.80,7.85,7.80,7.85,1300,7.85
2011-10-03,8.24,8.24,7.75,8.24,300,8.24
2011-09-30,7.80,7.85,7.80,7.85,700,7.85
2011-09-29,8.239,8.239,8.189,8.189,000,8.189
2011-09-28,8.09,8.09,8.09,8.09,000,8.09
2011-09-27,8.24,8.24,8.24,8.24,000,8.24
2011-09-26,8.24,8.24,8.024,8.024,000,8.024
2011-09-23,8.10,8.10,7.76,7.81,1300,7.81
2011-09-21,8.00,8.18,8.00,8.18,000,8.18
2011-09-20,8.19,8.19,8.19,8.19,000,8.19
2011-09-19,8.25,8.25,8.25,8.25,000,8.25
2011-09-16,7.99,7.99,7.904,7.968,3000,7.968
2011-09-15,8.227,8.25,8.128,8.128,400,8.128
2011-09-14,8.30,8.30,8.30,8.30,000,8.30
2011-09-13,8.248,8.248,8.248,8.248,000,8.248
2011-09-09,8.149,8.249,8.149,8.249,100,8.249
2011-09-08,8.00,8.148,8.00,8.148,200,8.148
2011-09-07,8.198,8.25,8.15,8.15,000,8.15
2011-09-06,8.15,8.25,8.15,8.25,400,8.25
2011-09-05,8.50,8.50,8.50,8.50,000,8.50
2011-09-01,8.142,8.142,8.142,8.142,700,8.142
2011-08-31,7.889,8.25,7.889,8.25,100,8.25
2011-08-30,8.249,8.249,8.249,8.249,000,8.249
2011-08-26,8.50,8.50,8.50,8.50,000,8.50
2011-08-25,8.10,8.50,8.10,8.50,300,8.50
2011-08-24,8.50,8.50,8.50,8.50,000,8.50
2011-08-23,8.05,8.50,8.05,8.50,000,8.50
2011-08-22,8.50,8.50,8.50,8.50,000,8.50
2011-08-18,8.50,8.50,8.50,8.50,000,8.50
2011-08-17,8.25,8.50,8.25,8.50,100,8.50
2011-08-16,8.10,8.30,8.10,8.30,100,8.30
2011-08-15,7.15,8.00,7.15,8.00,200,8.00
2011-08-11,8.30,8.30,7.80,7.999,1200,7.999
2011-08-10,8.40,8.40,8.00,8.00,1300,8.00
2011-08-09,8.54,8.54,8.00,8.45,1200,8.45
2011-08-08,9.00,9.32,9.00,9.32,000,9.32
2011-08-05,9.00,9.00,9.00,9.00,000,9.00
2011-08-04,9.042,9.042,8.74,8.848,500,8.848
2011-08-03,8.883,8.883,8.71,8.883,3300,8.883
2011-08-02,8.868,8.908,8.868,8.908,100,8.908
2011-08-01,8.72,8.80,8.72,8.80,2800,8.80
2011-07-29,8.792,8.82,8.70,8.72,10700,8.72
2011-07-28,8.90,8.919,8.72,8.83,3400,8.83
2011-07-27,8.722,9.00,8.72,9.00,5700,9.00
2011-07-26,8.73,8.99,8.73,8.942,000,8.942
2011-07-22,9.077,9.077,8.75,9.068,1700,9.068
2011-07-20,9.00,9.077,9.00,9.077,800,9.077
2011-07-19,8.98,8.98,8.711,8.979,100,8.979
2011-07-18,8.712,8.98,8.712,8.98,800,8.98
2011-07-15,8.98,8.98,8.98,8.98,000,8.98
2011-07-14,8.98,8.98,8.98,8.98,000,8.98
2011-07-12,8.70,9.00,8.70,8.999,1000,8.999
2011-07-11,8.73,9.10,8.73,9.10,200,9.10
2011-07-08,9.099,9.099,8.76,9.087,2800,9.087
2011-07-07,8.95,9.108,8.95,9.099,600,9.099
2011-07-06,8.989,8.989,8.989,8.989,000,8.989
2011-07-05,9.148,9.148,8.90,8.90,1800,8.90
2011-07-04,9.12,9.15,9.00,9.099,600,9.099
2011-07-01,9.119,9.119,9.05,9.05,700,9.05
2011-06-30,9.00,9.119,9.00,9.119,1100,9.119
2011-06-29,8.99,9.119,8.99,9.119,500,9.119
2011-06-28,9.196,9.196,8.991,9.176,2100,9.176
2011-06-27,9.148,9.148,9.148,9.148,000,9.148
2011-06-24,9.048,9.191,9.048,9.17,4600,9.17
2011-06-23,8.90,9.02,8.90,9.02,100,9.02
2011-06-22,9.025,9.025,8.40,9.02,4900,9.02
2011-06-21,8.805,9.10,8.70,9.10,1600,9.10
2011-06-20,9.00,9.35,9.00,9.35,1000,9.35
2011-06-17,9.60,9.60,8.00,9.236,15700,9.236
2011-06-16,10.555,10.935,9.00,9.12,264100,9.12
2011-06-15,10.55,10.93,10.55,10.93,100,10.93
2011-06-14,10.975,10.975,10.605,10.935,1000,10.935
2011-06-13,10.66,11.00,10.605,10.975,100,10.975
2011-06-10,11.00,11.00,11.00,11.00,000,11.00
2011-06-09,10.72,11.055,10.665,11.055,800,11.055
2011-06-08,10.555,10.93,10.555,10.93,400,10.93
2011-06-07,10.63,10.935,10.54,10.935,1600,10.935
2011-06-06,10.80,10.90,10.80,10.90,200,10.90
2011-06-03,10.80,10.80,10.60,10.60,1000,10.60
2011-06-01,11.24,11.24,10.71,10.71,500,10.71
2011-05-31,11.22,11.225,11.22,11.225,200,11.225
2011-05-30,11.485,11.485,10.60,11.00,2500,11.00
2011-05-27,11.19,11.485,11.19,11.485,200,11.485
2011-05-25,11.19,11.19,11.19,11.19,000,11.19
2011-05-24,10.855,10.855,10.855,10.855,200,10.855
2011-05-23,10.93,11.33,10.93,11.19,300,11.19
2011-05-20,11.06,11.40,11.04,11.04,500,11.04
2011-05-19,11.07,11.47,11.07,11.47,200,11.47
2011-05-18,11.07,11.485,11.07,11.485,300,11.485
2011-05-17,11.00,11.485,11.00,11.485,44100,11.485
2011-05-16,11.07,11.47,11.07,11.23,1000,11.23
2011-05-13,11.48,11.485,11.14,11.48,1400,11.48
2011-05-12,11.49,11.49,11.45,11.45,10000,11.45
2011-05-11,11.205,11.55,11.205,11.49,82300,11.49
2011-05-10,11.11,11.11,11.11,11.11,100,11.11
2011-05-09,10.725,11.105,10.675,11.105,4200,11.105
2011-05-06,10.775,10.775,10.50,10.50,500,10.50
2011-05-05,10.80,10.80,10.795,10.80,1300,10.80
2011-05-04,11.08,11.08,9.35,10.745,8600,10.745
2011-05-03,11.22,11.30,11.10,11.285,1000,11.285
2011-05-02,11.30,11.395,11.075,11.35,1100,11.35
2011-04-29,11.475,11.475,11.14,11.30,1400,11.30
2011-04-28,11.50,11.50,11.27,11.27,1100,11.27
2011-04-27,11.26,11.495,11.26,11.26,1000,11.26
2011-04-26,11.50,11.50,11.445,11.445,600,11.445
2011-04-21,11.40,11.425,11.385,11.405,2600,11.405
2011-04-20,11.41,11.50,11.205,11.35,4700,11.35
2011-04-19,11.15,11.56,11.00,11.00,3600,11.00
2011-04-15,11.445,11.65,11.445,11.65,100,11.65
2011-04-14,11.02,11.03,11.02,11.02,1900,11.02
2011-04-13,10.395,11.22,10.395,11.00,9600,11.00
2011-04-12,10.205,10.39,10.20,10.39,800,10.39
2011-04-11,10.15,10.39,10.115,10.20,200,10.20
2011-04-08,10.40,10.40,10.30,10.30,100,10.30
2011-04-07,10.21,10.23,10.15,10.23,400,10.23
2011-04-06,10.225,10.225,10.21,10.21,400,10.21
2011-04-05,10.35,10.465,10.21,10.22,2800,10.22
2011-04-04,9.80,9.80,9.80,9.80,000,9.80
2011-04-01,10.01,10.01,9.90,9.90,4500,9.90
2011-03-31,10.05,10.05,10.00,10.00,2500,10.00
2011-03-30,9.752,10.00,9.75,10.00,7700,10.00
2011-03-29,10.27,10.27,9.75,10.00,15100,10.00
2011-03-28,10.205,10.25,10.055,10.08,900,10.08
2011-03-25,9.85,10.08,9.75,10.08,3200,10.08
2011-03-24,9.75,9.75,9.75,9.75,200,9.75
2011-03-23,9.811,9.92,9.81,9.92,2000,9.92
2011-03-22,9.72,9.731,9.72,9.731,300,9.731
2011-03-21,9.70,10.00,9.15,10.00,1600,10.00
2011-03-18,10.10,10.10,10.07,10.07,300,10.07
2011-03-17,10.00,10.10,9.70,9.70,2100,9.70
2011-03-16,10.03,10.20,10.03,10.20,200,10.20
2011-03-15,10.50,10.945,9.45,10.25,2900,10.25
2011-03-14,11.00,11.50,10.85,11.50,2100,11.50
2011-03-11,11.08,11.50,11.08,11.50,000,11.50
2011-03-10,11.50,11.50,11.50,11.50,000,11.50
2011-03-09,11.105,11.105,11.105,11.105,500,11.105
2011-03-08,11.30,11.30,11.30,11.30,200,11.30
2011-03-07,11.70,11.83,11.24,11.24,1600,11.24
2011-03-04,11.70,11.83,11.50,11.83,1200,11.83
2011-03-03,11.95,11.95,11.95,11.95,000,11.95
2011-03-02,11.95,11.95,11.895,11.90,600,11.90
2011-03-01,11.505,11.95,11.505,11.90,4400,11.90
2011-02-28,11.88,11.88,11.53,11.53,700,11.53
2011-02-25,11.835,11.835,11.835,11.835,600,11.835
2011-02-24,11.86,11.86,11.515,11.515,000,11.515
2011-02-23,11.88,11.88,11.53,11.60,1100,11.60
2011-02-22,11.885,11.885,11.885,11.885,000,11.885
2011-02-21,11.65,11.89,11.65,11.89,600,11.89
2011-02-18,11.65,11.89,11.65,11.89,200,11.89
2011-02-17,11.89,11.89,11.75,11.89,800,11.89
2011-02-16,11.805,11.89,11.60,11.89,4200,11.89
2011-02-15,11.69,11.805,11.60,11.785,500,11.785
2011-02-14,11.69,11.69,11.69,11.69,100,11.69
2011-02-11,11.685,11.685,11.40,11.61,2100,11.61
2011-02-10,11.495,11.70,11.495,11.51,600,11.51
2011-02-09,11.495,11.495,11.495,11.495,000,11.495
2011-02-08,11.30,11.49,11.30,11.30,1500,11.30
2011-02-07,11.30,11.30,11.135,11.135,200,11.135
2011-02-04,11.465,11.465,11.30,11.30,200,11.30
2011-02-03,11.42,11.49,11.145,11.22,900,11.22
2011-02-02,11.50,11.50,11.11,11.42,3600,11.42
2011-02-01,11.50,11.79,11.50,11.79,2300,11.79
2011-01-31,11.79,11.79,11.405,11.60,2800,11.60
2011-01-28,11.00,11.785,10.90,11.695,2500,11.695
2011-01-27,10.68,11.00,10.35,10.35,3100,10.35
2011-01-26,11.19,11.19,10.32,10.32,1100,10.32
2011-01-25,11.75,11.75,11.185,11.185,4700,11.185
2011-01-24,11.755,11.755,11.755,11.755,000,11.755
2011-01-21,11.865,11.865,11.75,11.75,1100,11.75
2011-01-20,11.88,11.88,11.80,11.88,1100,11.88
2011-01-19,11.75,11.755,11.75,11.755,1000,11.755
2011-01-18,11.61,11.80,11.61,11.755,1300,11.755
2011-01-17,11.32,11.48,11.32,11.48,1700,11.48
2011-01-14,10.75,11.135,10.75,11.135,6200,11.135
2011-01-13,10.55,10.55,10.55,10.55,000,10.55
2011-01-12,10.035,10.44,10.035,10.44,3100,10.44
2011-01-11,10.345,10.39,10.345,10.39,100,10.39
2011-01-10,10.35,10.35,10.08,10.08,1200,10.08
2011-01-07,10.21,10.44,10.21,10.30,15300,10.30
2011-01-06,9.68,10.00,9.68,10.00,1700,10.00
2011-01-05,9.68,9.68,9.68,9.68,000,9.68
2011-01-04,9.428,9.55,9.337,9.55,3100,9.55
2011-01-03,9.399,9.399,9.00,9.399,3700,9.399
2010-12-30,9.50,9.50,9.154,9.412,1900,9.412
2010-12-29,9.46,9.494,9.46,9.494,2400,9.494
2010-12-28,9.25,9.465,9.25,9.465,1700,9.465
2010-12-27,9.25,9.25,9.25,9.25,000,9.25
2010-12-23,9.30,9.502,9.273,9.502,1500,9.502
2010-12-22,9.10,9.10,9.10,9.10,100,9.10
2010-12-21,9.30,9.30,9.254,9.254,900,9.254
2010-12-20,9.05,9.29,9.00,9.201,3600,9.201
2010-12-17,8.801,9.118,8.80,9.04,5000,9.04
2010-12-16,8.999,9.029,8.999,9.029,400,9.029
2010-12-15,9.00,9.029,8.766,9.029,400,9.029
2010-12-14,8.73,8.922,8.711,8.922,400,8.922
2010-12-13,8.899,8.899,8.71,8.899,500,8.899
2010-12-10,8.998,8.998,8.70,8.899,1300,8.899
2010-12-09,8.974,8.974,8.974,8.974,700,8.974
2010-12-08,9.00,9.00,9.00,9.00,100,9.00
2010-12-07,8.80,8.901,8.80,8.901,1300,8.901
2010-12-06,8.699,8.80,8.411,8.80,1900,8.80
2010-12-03,8.699,8.70,8.699,8.70,1700,8.70
2010-12-02,8.27,8.69,8.27,8.652,2500,8.652
2010-12-01,8.049,8.311,8.011,8.311,5300,8.311
2010-11-30,7.90,8.20,7.87,8.088,6700,8.088
2010-11-29,8.30,8.30,8.02,8.118,5900,8.118
2010-11-26,8.881,8.881,8.00,8.409,10100,8.409
2010-11-25,9.13,9.154,8.891,9.154,1200,9.154
2010-11-24,8.80,9.13,8.80,9.13,1100,9.13
2010-11-23,9.001,9.039,8.801,9.00,2600,9.00
2010-11-22,9.288,9.424,9.102,9.289,2000,9.289
2010-11-19,9.20,9.33,8.842,9.33,1600,9.33
2010-11-18,9.40,9.40,8.80,9.20,3800,9.20
2010-11-17,9.35,9.506,9.35,9.506,100,9.506
2010-11-16,9.35,9.43,9.35,9.43,600,9.43
2010-11-15,9.499,9.499,9.35,9.35,100,9.35
2010-11-12,9.45,9.506,9.35,9.506,1000,9.506
2010-11-10,9.687,9.687,9.42,9.50,1000,9.50
2010-11-09,9.72,9.75,9.58,9.67,3900,9.67
2010-11-08,9.85,9.85,9.85,9.85,100,9.85
2010-11-05,9.90,9.90,9.58,9.848,1100,9.848
2010-11-04,9.499,9.80,9.499,9.75,3900,9.75
2010-11-03,9.40,9.499,9.30,9.40,1200,9.40
2010-11-02,9.40,9.40,9.40,9.40,100,9.40
2010-11-01,9.25,9.40,9.25,9.40,600,9.40
2010-10-29,9.25,9.40,9.20,9.25,2700,9.25
2010-10-28,9.40,9.40,9.40,9.40,100,9.40
2010-10-27,9.499,9.499,9.24,9.40,1900,9.40
2010-10-26,9.499,9.50,9.19,9.50,300,9.50
2010-10-25,9.47,9.50,9.47,9.50,400,9.50
2010-10-22,9.60,9.60,9.20,9.471,4100,9.471
2010-10-21,9.55,9.55,9.30,9.30,1900,9.30
2010-10-20,9.60,9.65,9.40,9.40,3800,9.40
2010-10-19,9.69,9.69,9.401,9.689,400,9.689
2010-10-18,9.708,9.708,9.699,9.70,1800,9.70
2010-10-15,9.55,9.60,9.36,9.36,2200,9.36
2010-10-14,9.499,9.55,9.40,9.55,2800,9.55
2010-10-13,9.48,9.499,9.48,9.499,1600,9.499
2010-10-12,9.06,9.357,8.76,9.357,6000,9.357
2010-10-11,9.349,9.355,9.348,9.355,1200,9.355
2010-10-08,9.50,9.50,9.195,9.35,2900,9.35
2010-10-07,9.40,9.45,9.349,9.44,8900,9.44
2010-10-06,9.30,9.35,9.15,9.15,5200,9.15
2010-10-05,9.00,9.299,9.00,9.299,2700,9.299
2010-10-04,9.30,9.30,9.06,9.25,3100,9.25
2010-10-01,9.55,9.599,9.18,9.30,7400,9.30
2010-09-30,9.45,9.45,9.30,9.45,800,9.45
2010-09-29,9.60,9.60,9.35,9.35,2200,9.35
2010-09-28,9.90,9.99,9.60,9.65,5900,9.65
2010-09-27,9.65,9.90,9.55,9.90,4100,9.90
2010-09-24,8.77,9.99,8.77,9.60,13000,9.60
2010-09-23,8.30,8.65,8.30,8.60,1500,8.60
2010-09-22,8.19,8.50,8.10,8.48,5700,8.48
2010-09-21,7.69,8.25,7.69,8.11,10700,8.11
2010-09-20,7.69,7.69,7.69,7.69,100,7.69
2010-09-17,7.33,7.70,7.33,7.69,3300,7.69
2010-09-16,7.70,7.70,7.699,7.70,1200,7.70
2010-09-15,7.10,7.50,7.00,7.50,7900,7.50
2010-09-14,7.35,7.79,7.10,7.40,18600,7.40
2010-09-13,7.11,7.35,7.11,7.35,1000,7.35
2010-09-10,6.70,7.35,6.70,7.35,4200,7.35
2010-09-09,6.50,6.50,6.50,6.50,1800,6.50
2010-09-06,6.50,6.80,6.50,6.80,100,6.80
2010-09-03,6.45,6.45,6.45,6.45,100,6.45
2010-09-01,6.51,6.51,6.51,6.51,200,6.51
2010-08-31,6.55,6.55,6.33,6.509,1200,6.509
2010-08-30,6.599,6.599,6.599,6.599,000,6.599
2010-08-25,6.57,6.65,6.57,6.65,100,6.65
2010-08-24,6.36,6.56,6.36,6.56,000,6.56
2010-08-16,6.45,7.35,6.45,6.995,2600,6.995
2010-08-13,6.72,7.00,6.72,7.00,1600,7.00
2010-08-11,7.09,7.09,7.09,7.09,000,7.09
2010-08-09,6.95,6.95,6.95,6.95,000,6.95
2010-08-04,6.90,6.99,6.90,6.90,000,6.90
2010-07-29,7.10,7.10,7.10,7.10,000,7.10
2010-07-23,7.10,7.10,7.10,7.10,400,7.10
2010-07-20,6.88,6.88,6.88,6.88,1000,6.88
2010-07-16,7.23,7.23,7.23,7.23,1800,7.23
2010-07-14,7.00,7.00,7.00,7.00,000,7.00
2010-07-09,6.55,6.80,6.55,6.80,100,6.80
2010-07-08,6.66,6.66,6.66,6.66,000,6.66
2010-07-07,6.45,6.49,6.45,6.49,200,6.49
2010-07-06,5.95,6.49,5.94,6.19,100,6.19
2010-06-30,6.01,6.01,6.01,6.01,2400,6.01
2010-06-28,6.10,6.10,6.10,6.10,100,6.10
2010-06-25,6.70,6.70,6.44,6.44,1000,6.44
2010-06-23,6.799,6.799,6.799,6.799,000,6.799
2010-06-22,6.70,6.70,6.70,6.70,600,6.70
2010-06-21,6.538,6.799,6.50,6.50,000,6.50
2010-06-18,6.66,6.68,6.62,6.68,2100,6.68
2010-06-15,6.399,6.40,6.399,6.40,200,6.40
2010-06-14,6.235,6.235,5.85,6.235,500,6.235
2010-06-09,6.55,6.55,6.55,6.55,000,6.55
2010-06-08,6.50,6.50,6.50,6.50,200,6.50
2010-06-01,6.22,6.22,6.22,6.22,1600,6.22
2010-05-31,6.61,6.61,6.22,6.22,100,6.22
2010-05-28,6.61,6.61,6.61,6.61,100,6.61
2010-05-27,7.129,7.129,6.60,6.60,1300,6.60
2010-05-21,6.37,6.37,6.37,6.37,400,6.37
2010-05-20,6.69,6.69,6.61,6.61,1000,6.61
2010-05-13,6.50,6.50,6.50,6.50,000,6.50
2010-05-12,6.15,6.46,6.15,6.46,1000,6.46
2010-05-11,6.30,6.30,6.30,6.30,1500,6.30
2010-05-10,6.50,6.50,6.50,6.50,1000,6.50
2010-05-07,6.56,6.56,6.40,6.50,6600,6.50
2010-05-06,7.00,7.00,7.00,7.00,000,7.00
2010-05-05,7.00,7.00,6.66,7.00,1500,7.00
2010-04-30,7.299,7.299,7.299,7.299,000,7.299
2010-04-27,7.38,7.38,7.38,7.38,1500,7.38
2010-04-26,7.01,7.38,7.00,7.38,000,7.38
2010-04-23,7.01,7.01,7.01,7.01,100,7.01
2010-04-21,7.31,7.35,7.31,7.35,300,7.35
2010-04-20,7.30,7.30,7.30,7.30,000,7.30
2010-04-16,7.70,7.70,7.177,7.20,8200,7.20
2010-04-15,7.75,7.75,7.75,7.75,100,7.75
2010-04-14,8.00,8.00,7.90,7.91,300,7.91
2010-04-01,7.85,8.00,7.85,8.00,600,8.00
2010-03-31,8.08,8.08,8.08,8.08,100,8.08
2010-03-30,7.855,8.20,7.855,8.12,400,8.12
2010-03-25,7.79,8.00,7.79,8.00,000,8.00
2010-03-23,7.80,8.20,7.80,8.20,1200,8.20
2010-03-22,7.77,7.77,7.77,7.77,1200,7.77
2010-03-19,7.681,7.681,7.681,7.681,200,7.681
2010-03-16,8.40,8.40,8.00,8.20,10200,8.20
2010-03-15,8.40,8.40,8.20,8.20,2400,8.20
2010-03-12,8.69,9.00,8.60,8.60,2800,8.60
2010-03-10,8.68,8.68,8.68,8.68,200,8.68
2010-03-05,8.18,8.70,8.00,8.70,1400,8.70
2010-03-04,7.88,7.88,7.88,7.88,100,7.88
2010-03-03,8.01,8.20,8.00,8.20,2400,8.20
2010-03-01,8.33,8.40,8.33,8.40,500,8.40
2010-02-18,8.81,8.81,8.81,8.81,000,8.81
2010-02-17,8.84,8.84,8.84,8.84,200,8.84
2010-02-16,8.73,9.01,8.50,8.85,7700,8.85
2010-02-10,8.26,8.66,8.00,8.66,4500,8.66
2010-02-09,8.55,8.55,8.55,8.55,100,8.55
2010-02-08,8.80,8.80,8.80,8.80,000,8.80
2010-02-03,8.69,8.80,8.69,8.80,1600,8.80
2010-02-01,8.60,8.99,8.60,8.99,1700,8.99
2010-01-27,8.45,9.00,8.45,9.00,1300,9.00
2010-01-25,8.69,8.69,8.69,8.69,100,8.69
2010-01-22,8.04,8.40,8.04,8.40,1300,8.40
2010-01-18,8.69,8.69,8.50,8.50,1800,8.50
2010-01-13,8.19,8.58,8.19,8.58,4300,8.58
2010-01-11,8.72,8.72,8.72,8.72,600,8.72
2010-01-08,9.06,9.06,8.70,8.70,1000,8.70
2010-01-06,8.70,9.09,8.70,9.09,1400,9.09
2010-01-05,9.57,9.57,9.22,9.22,1500,9.22
2010-01-04,8.60,8.60,8.60,8.60,500,8.60
2009-12-29,8.30,8.90,8.00,8.90,2800,8.90
2009-12-28,8.60,8.60,8.60,8.60,200,8.60
2009-12-23,8.80,8.80,8.77,8.77,1300,8.77
2009-12-21,8.96,8.96,8.96,8.96,500,8.96
2009-12-18,9.00,9.10,9.00,9.10,200,9.10
2009-12-16,9.05,9.05,9.05,9.05,200,9.05
2009-12-15,9.20,9.20,9.00,9.20,200,9.20
2009-12-11,9.00,9.40,9.00,9.40,000,9.40
2009-12-09,9.40,9.40,9.40,9.40,100,9.40
2009-12-08,9.50,9.50,9.39,9.39,200,9.39
2009-12-07,9.40,9.60,9.40,9.60,500,9.60
2009-12-04,9.40,9.40,9.40,9.40,300,9.40
2009-12-03,9.44,9.44,9.44,9.44,400,9.44
2009-12-01,9.60,9.60,9.60,9.60,500,9.60
2009-11-30,9.80,9.80,9.80,9.80,000,9.80
2009-11-26,9.79,9.79,9.79,9.79,1100,9.79
2009-11-25,9.80,9.80,9.80,9.80,000,9.80
2009-11-24,10.16,10.16,9.80,9.86,1000,9.86
2009-11-18,10.60,10.60,10.60,10.60,100,10.60
2009-11-17,10.52,10.55,10.50,10.55,11100,10.55
2009-11-16,10.82,10.88,10.82,10.88,700,10.88
2009-11-13,10.20,10.90,10.20,10.80,9900,10.80
2009-11-12,10.20,10.40,10.00,10.00,1000,10.00
2009-11-11,10.40,10.40,10.40,10.40,000,10.40
2009-11-10,10.00,10.40,10.00,10.40,1000,10.40
2009-11-09,10.00,10.80,10.00,10.40,8000,10.40
2009-11-06,9.89,9.89,9.89,9.89,200,9.89
2009-11-05,10.22,10.27,10.22,10.25,300,10.25
2009-11-04,10.22,10.30,10.22,10.30,500,10.30
2009-11-02,10.18,10.22,10.18,10.22,1100,10.22
2009-10-30,9.88,10.21,9.88,10.21,100,10.21
2009-10-28,10.21,10.21,10.21,10.21,000,10.21
2009-10-27,9.80,9.80,9.80,9.80,3900,9.80
2009-10-26,9.88,10.10,9.88,10.10,500,10.10
2009-10-23,10.20,10.20,10.20,10.20,1000,10.20
2009-10-22,10.00,10.50,9.89,10.29,5300,10.29
2009-10-21,10.30,10.30,10.30,10.30,000,10.30
2009-10-20,10.30,10.30,10.30,10.30,000,10.30
2009-10-19,10.19,10.30,9.80,10.30,1200,10.30
2009-10-16,10.59,10.59,10.59,10.59,000,10.59
2009-10-15,10.59,10.59,10.59,10.59,1000,10.59
2009-10-14,10.90,10.90,10.90,10.90,000,10.90
2009-10-13,10.90,10.90,10.90,10.90,000,10.90
2009-10-12,10.90,10.90,10.90,10.90,000,10.90
2009-10-09,10.90,10.90,10.90,10.90,000,10.90
2009-10-08,10.90,10.90,10.90,10.90,000,10.90
2009-10-07,10.90,10.90,10.90,10.90,000,10.90
2009-10-06,10.90,10.90,10.90,10.90,000,10.90
2009-10-05,10.90,10.90,10.90,10.90,000,10.90
2009-10-02,10.90,10.90,10.90,10.90,1000,10.90
2009-10-01,11.40,11.40,11.40,11.40,000,11.40
2009-09-30,11.40,11.40,11.40,11.40,000,11.40
2009-09-29,11.40,11.40,11.40,11.40,000,11.40
2009-09-28,11.40,11.40,11.40,11.40,000,11.40
2009-09-25,11.42,11.42,11.42,11.42,000,11.42
2009-09-24,11.42,11.42,11.42,11.42,000,11.42
2009-09-23,11.42,11.42,11.42,11.42,000,11.42
2009-09-22,11.16,11.16,11.16,11.16,000,11.16
2009-09-21,11.16,11.16,11.16,11.16,000,11.16
2009-09-18,11.16,11.16,11.16,11.16,600,11.16
2009-09-17,11.00,11.00,11.00,11.00,000,11.00
2009-09-16,11.00,11.00,11.00,11.00,1000,11.00
2009-09-15,10.66,10.66,10.66,10.66,2700,10.66
2009-09-14,11.68,11.68,11.68,11.68,000,11.68
2009-09-11,11.68,11.68,11.68,11.68,000,11.68
2009-09-10,11.68,11.68,11.68,11.68,000,11.68
2009-09-09,11.50,11.68,11.50,11.68,3000,11.68
2009-09-08,11.70,11.70,11.70,11.70,000,11.70
2009-09-07,11.28,11.70,11.28,11.70,200,11.70
2009-09-04,11.28,11.28,11.28,11.28,000,11.28
2009-09-03,11.28,11.28,11.28,11.28,000,11.28
2009-09-02,11.28,11.28,11.28,11.28,000,11.28
2009-09-01,11.28,11.28,11.20,11.20,400,11.20
2009-08-31,10.99,11.29,10.90,11.29,200,11.29
2009-08-28,11.45,11.45,11.45,11.45,000,11.45
2009-08-27,11.45,11.45,11.45,11.45,000,11.45
2009-08-26,11.45,11.45,11.45,11.45,000,11.45
2009-08-25,11.45,11.45,11.45,11.45,000,11.45
2009-08-24,11.45,11.45,11.45,11.45,000,11.45
2009-08-21,11.45,11.45,11.45,11.45,000,11.45
2009-08-20,11.45,11.45,11.45,11.45,100,11.45
2009-08-19,11.11,11.58,11.11,11.58,1200,11.58
2009-08-18,11.60,11.60,11.60,11.60,000,11.60
2009-08-17,11.60,11.60,11.60,11.60,1600,11.60
2009-08-14,11.54,11.80,11.54,11.65,3600,11.65
2009-08-13,11.54,11.54,11.54,11.54,000,11.54
2009-08-12,11.54,11.54,11.54,11.54,100,11.54
2009-08-11,11.50,11.50,11.50,11.50,000,11.50
2009-08-10,11.50,11.50,11.50,11.50,000,11.50
2009-08-07,11.50,11.50,11.50,11.50,000,11.50
2009-08-06,11.50,11.50,11.50,11.50,000,11.50
2009-08-05,11.50,11.50,11.50,11.50,000,11.50
2009-08-04,11.00,11.00,11.00,11.00,100,11.00
2009-08-03,11.54,11.54,11.54,11.54,000,11.54
2009-07-31,11.54,11.54,11.54,11.54,000,11.54
2009-07-30,11.36,11.54,11.36,11.54,900,11.54
2009-07-29,11.80,11.80,11.80,11.80,000,11.80
2009-07-28,11.40,11.80,11.40,11.80,1100,11.80
2009-07-27,11.94,11.94,11.94,11.94,000,11.94
2009-07-24,11.94,11.94,11.94,11.94,000,11.94
2009-07-23,11.94,11.94,11.94,11.94,200,11.94
2009-07-22,11.88,11.93,11.88,11.93,500,11.93
2009-07-21,11.60,12.26,11.60,12.26,600,12.26
2009-07-20,10.50,10.66,10.50,10.66,1200,10.66
2009-07-17,10.60,10.68,10.40,10.40,1900,10.40
2009-07-16,10.50,10.50,10.50,10.50,1400,10.50
2009-07-15,10.50,10.50,10.50,10.50,000,10.50
2009-07-14,10.40,10.40,10.40,10.40,000,10.40
2009-07-13,10.40,10.40,10.40,10.40,000,10.40
2009-07-10,10.40,10.40,10.40,10.40,000,10.40
2009-07-09,10.40,10.40,10.40,10.40,000,10.40
2009-07-08,10.00,10.40,10.00,10.40,1500,10.40
2009-07-07,10.10,10.30,10.10,10.30,1200,10.30
2009-07-06,10.30,10.30,10.30,10.30,1100,10.30
2009-07-03,10.50,10.50,10.05,10.30,3000,10.30
2009-07-02,10.51,10.51,10.51,10.51,100,10.51
2009-07-01,11.00,11.00,11.00,11.00,000,11.00
2009-06-30,11.00,11.00,11.00,11.00,100,11.00
2009-06-29,10.50,10.50,10.50,10.50,1100,10.50
2009-06-26,10.50,10.70,10.50,10.70,200,10.70
2009-06-25,10.22,10.50,10.22,10.50,900,10.50
2009-06-24,9.85,9.85,9.85,9.85,000,9.85
2009-06-23,9.80,9.90,9.80,9.85,6200,9.85
2009-06-22,9.80,9.80,9.50,9.50,1500,9.50
2009-06-19,9.90,9.90,9.90,9.90,100,9.90
2009-06-18,9.50,9.50,9.50,9.50,1700,9.50
2009-06-17,9.50,9.50,9.05,9.05,1700,9.05
2009-06-16,9.70,9.90,9.70,9.90,500,9.90
2009-06-15,9.70,9.70,9.70,9.70,100,9.70
2009-06-12,9.50,9.50,9.50,9.50,000,9.50
2009-06-11,9.50,9.50,9.50,9.50,500,9.50
2009-06-10,9.50,9.50,9.50,9.50,000,9.50
2009-06-09,9.10,9.50,9.10,9.50,1400,9.50
2009-06-08,8.70,8.99,8.70,8.99,800,8.99
2009-06-05,8.60,8.60,8.60,8.60,000,8.60
2009-06-04,8.82,8.82,8.82,8.82,000,8.82
2009-06-03,8.82,8.82,8.82,8.82,300,8.82
2009-06-02,8.60,8.60,8.60,8.60,000,8.60
2009-06-01,8.60,8.60,8.60,8.60,100,8.60
2009-05-29,8.00,8.00,8.00,8.00,000,8.00
2009-05-28,7.40,8.00,7.40,8.00,19900,8.00
2009-05-27,7.40,7.40,7.40,7.40,1500,7.40
2009-05-26,7.30,7.30,7.30,7.30,300,7.30
2009-05-25,7.31,7.31,7.31,7.31,000,7.31
2009-05-22,7.31,7.31,7.31,7.31,600,7.31
2009-05-21,7.33,7.33,7.33,7.33,000,7.33
2009-05-20,7.35,7.50,7.35,7.35,2400,7.35
2009-05-19,7.06,7.06,7.06,7.06,000,7.06
2009-05-18,7.06,7.06,7.06,7.06,000,7.06
2009-05-15,7.06,7.06,7.06,7.06,500,7.06
2009-05-14,6.90,7.24,6.90,7.24,1500,7.24
2009-05-13,6.90,6.90,6.90,6.90,000,6.90
2009-05-12,6.90,6.90,6.90,6.90,000,6.90
2009-05-11,6.87,6.87,6.87,6.87,100,6.87
2009-05-08,6.87,6.87,6.87,6.87,100,6.87
2009-05-07,6.70,6.70,6.70,6.70,000,6.70
2009-05-06,6.70,6.70,6.70,6.70,1500,6.70
2009-05-05,6.50,6.50,6.50,6.50,000,6.50
2009-05-04,6.50,6.50,6.50,6.50,000,6.50
2009-05-01,6.50,6.50,6.50,6.50,000,6.50
2009-04-30,6.50,6.50,6.50,6.50,000,6.50
2009-04-29,6.50,6.50,6.50,6.50,000,6.50
2009-04-28,6.50,6.50,6.50,6.50,000,6.50
2009-04-27,6.50,6.50,6.50,6.50,000,6.50
2009-04-24,6.50,6.50,6.50,6.50,1600,6.50
2009-04-23,6.72,6.72,6.72,6.72,100,6.72
2009-04-22,6.35,6.35,6.35,6.35,1600,6.35
2009-04-21,6.30,6.30,6.30,6.30,000,6.30
2009-04-20,6.01,6.30,6.01,6.30,1800,6.30
2009-04-17,6.30,6.30,6.30,6.30,3000,6.30
2009-04-16,6.29,6.29,6.29,6.29,000,6.29
2009-04-15,6.29,6.29,6.29,6.29,000,6.29
2009-04-14,6.29,6.29,6.29,6.29,000,6.29
2009-04-10,6.29,6.29,6.29,6.29,000,6.29
2009-04-09,6.29,6.29,6.29,6.29,000,6.29
2009-04-08,6.29,6.29,6.29,6.29,000,6.29
2009-04-07,6.29,6.29,6.29,6.29,000,6.29
2009-04-06,6.29,6.29,6.29,6.29,000,6.29
2009-04-03,6.29,6.29,6.29,6.29,000,6.29
2009-04-02,6.15,6.29,6.15,6.29,100,6.29
2009-04-01,5.90,5.90,5.90,5.90,000,5.90
2009-03-31,5.90,5.90,5.90,5.90,1800,5.90
2009-03-30,5.90,5.90,5.90,5.90,000,5.90
2009-03-27,5.90,5.90,5.90,5.90,000,5.90
2009-03-26,5.90,5.90,5.90,5.90,000,5.90
2009-03-25,5.90,5.90,5.90,5.90,000,5.90
2009-03-24,5.90,5.90,5.90,5.90,000,5.90
2009-03-23,5.90,5.90,5.90,5.90,100,5.90
2009-03-20,5.80,5.80,5.80,5.80,000,5.80
2009-03-19,5.80,5.80,5.80,5.80,000,5.80
2009-03-18,5.70,5.80,5.70,5.80,200,5.80
2009-03-17,5.77,5.77,5.77,5.77,100,5.77
2009-03-16,4.66,5.55,4.66,5.55,500,5.55
2009-03-13,4.65,4.65,4.65,4.65,000,4.65
2009-03-12,4.65,4.65,4.65,4.65,000,4.65
2009-03-11,4.65,4.65,4.65,4.65,000,4.65
2009-03-10,4.65,4.65,4.65,4.65,000,4.65
2009-03-06,4.65,4.65,4.65,4.65,000,4.65
2009-03-05,4.65,4.65,4.65,4.65,000,4.65
2009-03-04,4.65,4.65,4.65,4.65,000,4.65
2009-03-03,4.65,4.65,4.65,4.65,000,4.65
2009-03-02,4.65,4.65,4.65,4.65,2000,4.65
2009-02-27,4.80,4.80,4.80,4.80,000,4.80
2009-02-26,4.80,4.80,4.80,4.80,000,4.80
2009-02-25,4.80,4.80,4.80,4.80,000,4.80
2009-02-24,4.80,4.80,4.80,4.80,000,4.80
2009-02-23,4.80,4.80,4.80,4.80,000,4.80
2009-02-20,4.80,4.80,4.80,4.80,000,4.80
2009-02-19,4.80,4.80,4.80,4.80,000,4.80
2009-02-18,4.80,4.80,4.80,4.80,000,4.80
2009-02-17,4.80,4.80,4.80,4.80,000,4.80
2009-02-16,4.80,4.80,4.80,4.80,000,4.80
2009-02-13,4.80,4.80,4.80,4.80,000,4.80
2009-02-12,4.95,4.95,4.95,4.95,000,4.95
2009-02-11,4.95,4.95,4.95,4.95,000,4.95
2009-02-10,4.95,4.95,4.95,4.95,000,4.95
2009-02-09,4.90,4.95,4.90,4.95,200,4.95
2009-02-06,4.66,4.66,4.66,4.66,500,4.66
2009-02-05,4.44,4.44,4.44,4.44,000,4.44
2009-02-04,4.44,4.44,4.44,4.44,000,4.44
2009-02-03,4.44,4.44,4.44,4.44,000,4.44
2009-02-02,4.44,4.44,4.44,4.44,000,4.44
2009-01-30,4.44,4.44,4.44,4.44,000,4.44
2009-01-29,4.44,4.44,4.44,4.44,000,4.44
2009-01-28,4.35,4.44,4.35,4.44,2300,4.44
2009-01-27,4.33,4.33,4.33,4.33,000,4.33
2009-01-26,4.33,4.33,4.33,4.33,000,4.33
2009-01-23,4.33,4.33,4.33,4.33,000,4.33
2009-01-22,4.33,4.33,4.33,4.33,000,4.33
2009-01-21,4.33,4.33,4.33,4.33,100,4.33
2009-01-20,4.40,4.40,4.40,4.40,000,4.40
2009-01-19,4.40,4.40,4.40,4.40,000,4.40
2009-01-16,4.40,4.40,4.40,4.40,000,4.40
2009-01-15,4.40,4.40,4.40,4.40,000,4.40
2009-01-14,4.40,4.40,4.40,4.40,000,4.40
2009-01-13,4.40,4.40,4.40,4.40,000,4.40
2009-01-12,4.40,4.40,4.40,4.40,000,4.40
2009-01-09,4.40,4.40,4.40,4.40,000,4.40
2009-01-08,4.40,4.40,4.40,4.40,000,4.40
2009-01-07,4.40,4.40,4.40,4.40,000,4.40
2009-01-06,4.40,4.40,4.40,4.40,000,4.40
2009-01-05,4.40,4.40,4.40,4.40,600,4.40
2008-12-23,4.70,4.70,4.70,4.70,3200,4.70
2008-12-22,4.60,4.80,4.60,4.80,6700,4.80
2008-12-19,4.51,4.51,4.51,4.51,32600,4.51
2008-12-18,4.90,4.90,4.61,4.61,2200,4.61
2008-12-16,4.95,5.00,4.70,5.00,600,5.00
2008-12-12,4.90,4.90,4.90,4.90,1000,4.90
2008-12-11,4.80,4.80,4.70,4.70,1000,4.70
2008-12-10,5.00,5.00,5.00,5.00,1700,5.00
2008-12-08,4.60,4.90,4.60,4.90,1500,4.90
2008-12-05,4.60,4.60,4.60,4.60,200,4.60
2008-12-04,4.60,4.60,4.60,4.60,200,4.60
2008-12-03,5.00,5.00,5.00,5.00,100,5.00
2008-12-02,4.96,5.10,4.96,5.10,100,5.10
2008-11-28,5.29,5.29,5.29,5.29,100,5.29
2008-11-26,5.00,5.09,5.00,5.00,1500,5.00
2008-11-25,5.33,5.40,5.00,5.00,7300,5.00
2008-11-20,5.44,5.44,5.44,5.44,500,5.44
2008-11-19,5.70,5.70,5.55,5.55,2000,5.55
2008-11-14,5.80,5.80,5.80,5.80,500,5.80
2008-11-13,5.65,5.65,5.65,5.65,27800,5.65
2008-11-12,5.80,5.80,5.50,5.80,3300,5.80
2008-11-11,5.60,5.60,5.44,5.60,6700,5.60
2008-11-10,5.50,6.00,5.50,5.55,5900,5.55
2008-11-05,5.20,5.20,5.20,5.20,2200,5.20
2008-11-04,5.10,5.10,5.10,5.10,2000,5.10
2008-10-31,5.00,5.10,5.00,5.10,4200,5.10
2008-10-29,5.00,5.00,5.00,5.00,100,5.00
2008-10-28,5.30,5.30,5.30,5.30,600,5.30
2008-10-27,5.30,5.30,5.30,5.30,000,5.30
2008-10-24,6.00,6.00,5.00,5.10,6700,5.10
2008-10-21,6.33,6.33,6.33,6.33,800,6.33
2008-10-20,6.30,6.35,6.30,6.35,700,6.35
2008-10-17,6.20,6.20,6.20,6.20,400,6.20
2008-10-16,5.90,6.20,5.90,6.10,400,6.10
2008-10-15,6.99,7.00,6.20,6.20,4800,6.20
2008-10-14,7.00,7.00,6.80,6.99,100,6.99
2008-10-13,6.90,7.00,6.90,7.00,1900,7.00
2008-10-10,7.00,7.00,7.00,7.00,2200,7.00
2008-10-08,7.65,7.65,7.50,7.50,2000,7.50
2008-10-07,8.00,8.00,7.70,7.70,2100,7.70
2008-10-06,8.33,8.33,7.88,8.00,3000,8.00
2008-10-03,8.30,8.41,8.30,8.41,1400,8.41
2008-10-02,8.20,8.20,8.20,8.20,1300,8.20
2008-10-01,8.00,8.00,8.00,8.00,200,8.00
2008-09-26,8.10,8.10,8.10,8.10,200,8.10
2008-09-24,8.00,8.26,8.00,8.26,1500,8.26
2008-09-23,8.36,8.36,7.85,7.90,4900,7.90
2008-09-22,9.30,9.30,9.30,9.30,1000,9.30
2008-09-17,9.60,9.60,9.30,9.30,500,9.30
2008-09-16,9.70,9.70,9.70,9.70,200,9.70
2008-09-09,10.14,10.14,10.14,10.14,000,10.14
2008-09-05,9.65,9.65,9.65,9.65,1000,9.65
2008-09-02,10.00,10.14,10.00,10.14,1000,10.14
2008-08-29,10.15,10.15,10.15,10.15,000,10.15
2008-08-28,10.15,10.15,10.15,10.15,700,10.15
2008-08-25,10.20,10.20,10.20,10.20,200,10.20
2008-08-21,10.39,10.39,10.00,10.33,1400,10.33
2008-08-19,10.40,10.40,10.00,10.20,4000,10.20
2008-08-18,10.69,10.69,10.69,10.69,000,10.69
2008-07-28,10.98,10.98,10.98,10.98,000,10.98
2008-07-23,10.99,10.99,10.99,10.99,100,10.99
2008-07-21,10.80,11.05,10.00,11.05,2800,11.05
2008-07-18,11.00,11.00,11.00,11.00,1300,11.00
2008-07-17,10.11,11.00,10.11,11.00,400,11.00
2008-07-09,12.01,12.01,11.03,11.03,1400,11.03
2008-07-08,10.00,10.24,10.00,10.24,900,10.24
2008-07-07,10.60,10.60,10.50,10.50,1000,10.50
2008-07-02,11.57,11.57,11.57,11.57,600,11.57
2008-07-01,10.82,10.82,10.82,10.82,400,10.82
2008-06-25,11.03,11.03,11.03,11.03,100,11.03
2008-06-23,10.80,10.80,10.80,10.80,000,10.80
2008-06-18,10.80,11.11,10.80,11.11,000,11.11
2008-06-17,11.00,11.00,11.00,11.00,000,11.00
2008-06-16,10.70,10.70,10.70,10.70,000,10.70
2008-06-09,10.55,10.55,10.55,10.55,000,10.55
2008-06-05,10.90,10.90,10.66,10.80,1000,10.80
2008-06-04,11.20,11.20,11.00,11.10,2000,11.10
2008-06-03,11.05,11.33,11.05,11.33,100,11.33
2008-06-02,11.00,11.11,11.00,11.11,1100,11.11
2008-05-29,11.10,11.10,11.10,11.10,1000,11.10
2008-05-28,11.30,11.30,11.30,11.30,900,11.30
2008-05-27,11.49,11.49,11.45,11.45,200,11.45
2008-05-26,11.00,11.30,11.00,11.30,700,11.30
2008-05-23,11.30,11.30,11.30,11.30,1000,11.30
2008-05-21,11.20,11.20,11.20,11.20,100,11.20
2008-05-20,11.55,11.55,10.90,11.39,2300,11.39
2008-05-19,11.50,11.77,11.50,11.77,1000,11.77
2008-05-07,11.25,11.25,11.25,11.25,000,11.25
2008-04-29,11.12,11.12,11.12,11.12,2000,11.12
2008-04-28,10.85,10.85,10.85,10.85,700,10.85
2008-04-25,11.00,11.00,11.00,11.00,3400,11.00
2008-04-22,11.70,11.70,11.70,11.70,500,11.70
2008-04-18,11.50,11.50,11.50,11.50,000,11.50
2008-04-17,11.20,11.20,11.00,11.00,3400,11.00
2008-04-16,12.00,12.00,11.44,11.44,900,11.44
2008-04-15,11.60,12.00,11.45,11.45,2300,11.45
2008-04-14,11.60,12.00,11.60,11.60,000,11.60
2008-04-11,11.50,12.00,11.50,11.50,000,11.50
2008-04-10,12.00,12.00,12.00,12.00,000,12.00
2008-04-09,11.55,11.75,11.55,11.55,000,11.55
2008-04-08,11.60,12.00,11.60,11.60,000,11.60
2008-04-07,11.90,12.00,11.90,12.00,100,12.00
2008-04-04,11.67,11.67,11.67,11.67,000,11.67
2008-04-03,11.80,12.00,11.80,11.80,000,11.80
2008-04-02,11.75,12.00,11.75,12.00,200,12.00
2008-04-01,11.66,11.67,11.55,11.67,1900,11.67
2008-03-31,11.50,11.50,11.50,11.50,100,11.50
2008-03-28,12.50,12.50,11.20,11.20,2900,11.20
2008-03-27,13.00,13.00,12.70,12.75,900,12.75
2008-03-26,13.30,13.30,13.30,13.30,800,13.30
2008-03-25,13.80,13.80,13.30,13.30,1300,13.30
2008-03-20,14.00,14.00,14.00,14.00,1100,14.00
2008-03-19,14.20,14.20,14.20,14.20,000,14.20
2008-03-18,14.50,14.50,14.00,14.00,800,14.00
2008-03-17,14.05,14.05,14.05,14.05,000,14.05
2008-03-14,14.30,14.30,14.10,14.10,400,14.10
2008-03-13,14.30,14.30,14.30,14.30,000,14.30
2008-03-12,14.10,14.50,14.10,14.10,000,14.10
2008-03-11,14.10,14.50,14.10,14.10,000,14.10
2008-03-10,14.20,14.49,14.20,14.20,000,14.20
2008-03-07,14.10,14.49,14.10,14.10,000,14.10
2008-03-06,14.20,14.20,14.20,14.20,200,14.20
2008-03-05,14.30,14.70,14.30,14.30,000,14.30
2008-03-04,14.50,14.50,14.50,14.50,800,14.50
2008-02-29,14.20,14.20,14.20,14.20,700,14.20
2008-02-28,14.20,14.70,14.20,14.20,000,14.20
2008-02-27,14.40,14.75,14.40,14.40,000,14.40
2008-02-26,14.40,14.75,14.40,14.40,000,14.40
2008-02-25,14.40,14.75,14.40,14.40,000,14.40
2008-02-22,14.50,14.50,14.40,14.40,1300,14.40
2008-02-21,14.50,14.50,14.50,14.50,1000,14.50
2008-02-20,14.50,14.50,14.50,14.50,100,14.50
2008-02-19,14.62,14.75,14.62,14.62,000,14.62
2008-02-18,14.62,14.75,14.62,14.62,000,14.62
2008-02-15,14.62,14.75,14.62,14.62,000,14.62
2008-02-14,14.62,15.00,14.62,14.62,000,14.62
2008-02-13,14.75,14.75,14.75,14.75,000,14.75
2008-02-12,14.75,14.75,14.75,14.75,000,14.75
2008-02-11,14.75,14.75,14.75,14.75,300,14.75
2008-02-08,14.50,14.75,14.50,14.50,000,14.50
2008-02-07,14.50,14.75,14.50,14.50,000,14.50
2008-02-06,14.50,14.50,14.50,14.50,000,14.50
2008-02-05,14.50,14.80,14.50,14.50,000,14.50
2008-02-04,14.55,15.00,14.55,14.55,000,14.55
2008-02-01,14.70,15.00,14.70,14.70,000,14.70
2008-01-31,14.90,14.90,14.70,14.70,600,14.70
2008-01-30,14.70,14.90,14.70,14.70,000,14.70
2008-01-29,14.70,15.00,14.70,14.70,000,14.70
2008-01-28,14.90,14.90,14.80,14.80,2900,14.80
2008-01-25,15.00,15.00,15.00,15.00,3800,15.00
2008-01-24,14.90,15.00,14.90,14.90,000,14.90
2008-01-23,14.81,14.81,14.81,14.81,1000,14.81
2008-01-22,14.81,15.00,14.81,14.81,000,14.81
2008-01-21,14.80,15.00,14.80,15.00,1100,15.00
2008-01-18,14.56,15.00,14.56,14.56,000,14.56
2008-01-17,14.86,15.00,14.86,15.00,1000,15.00
2008-01-16,14.50,14.86,14.50,14.70,900,14.70
2008-01-15,14.60,15.00,14.60,14.60,000,14.60
2008-01-14,14.70,15.00,14.70,15.00,700,15.00
2008-01-11,14.70,14.70,14.70,14.70,10000,14.70
2008-01-10,14.80,14.80,14.80,14.80,000,14.80
2008-01-09,14.60,14.90,14.60,14.60,000,14.60
2008-01-08,14.90,14.90,14.90,14.90,000,14.90
2008-01-07,14.60,14.60,14.60,14.60,600,14.60
2008-01-04,14.70,14.70,14.60,14.60,1000,14.60
2008-01-03,14.70,14.90,14.70,14.70,000,14.70
2008-01-02,14.70,14.90,14.70,14.70,000,14.70
2007-12-28,15.00,15.00,15.00,15.00,100,15.00
2007-12-27,14.80,14.80,14.80,14.80,100,14.80
2007-12-21,15.00,15.20,15.00,15.20,1500,15.20
2007-12-20,14.99,14.99,14.99,14.99,500,14.99
2007-12-19,14.70,15.00,14.70,14.70,000,14.70
2007-12-18,14.45,14.50,14.45,14.50,700,14.50
2007-12-17,14.51,14.52,14.51,14.52,300,14.52
2007-12-14,14.60,15.00,14.60,14.60,000,14.60
2007-12-13,14.55,14.60,14.55,14.60,1300,14.60
2007-12-12,14.90,14.90,14.70,14.80,2100,14.80
2007-12-11,14.85,15.00,14.85,14.85,000,14.85
2007-12-10,14.80,15.00,14.80,14.80,000,14.80
2007-12-07,14.81,15.25,14.70,15.25,300,15.25
2007-12-06,14.80,14.80,14.80,14.80,500,14.80
2007-12-05,15.00,15.00,15.00,15.00,000,15.00
2007-12-04,14.60,14.60,14.60,14.60,700,14.60
2007-12-03,14.00,14.50,14.00,14.00,000,14.00
2007-11-30,14.36,14.36,14.36,14.36,100,14.36
2007-11-29,13.50,14.00,13.50,13.50,000,13.50
2007-11-28,13.80,13.80,13.80,13.80,100,13.80
2007-11-27,13.50,14.00,13.50,13.50,000,13.50
2007-11-26,13.80,13.80,13.80,13.80,000,13.80
2007-11-23,13.90,13.90,13.70,13.70,100,13.70
2007-11-22,13.60,13.60,13.60,13.60,600,13.60
2007-11-21,13.80,14.00,13.80,13.80,000,13.80
2007-11-20,14.00,14.00,14.00,14.00,100,14.00
2007-11-19,13.50,14.00,13.50,13.50,000,13.50
2007-11-16,13.70,14.34,13.70,13.70,000,13.70
2007-11-15,14.30,14.30,14.30,14.30,200,14.30
2007-11-14,14.50,14.60,14.00,14.00,1700,14.00
2007-11-13,17.00,17.00,13.89,14.10,5500,14.10
2007-11-12,17.40,17.40,17.20,17.20,500,17.20
2007-11-09,17.40,17.50,17.40,17.40,000,17.40
2007-11-08,17.40,17.60,17.40,17.40,1000,17.40
2007-11-07,17.30,17.40,17.30,17.40,500,17.40
2007-11-06,17.80,17.80,17.80,17.80,200,17.80
2007-11-05,17.33,17.99,17.33,17.33,000,17.33
2007-11-02,17.65,17.87,17.50,17.87,400,17.87
2007-11-01,17.60,17.60,17.60,17.60,300,17.60
2007-10-31,17.19,17.47,17.19,17.47,400,17.47
2007-10-30,17.81,17.81,17.00,17.20,300,17.20
