Date,Open,High,Low,Close,Volume,Adj Close
2016-10-27,128.50,129.95,128.50,129.50,5400,129.50
2016-10-26,128.00,128.95,128.00,128.95,5700,128.95
2016-10-25,128.00,129.00,127.70,128.05,4500,128.05
2016-10-24,130.00,130.45,128.00,128.20,5500,128.20
2016-10-21,130.00,130.40,129.25,129.70,5900,129.70
2016-10-20,129.50,130.05,129.00,130.00,6200,130.00
2016-10-19,128.45,129.50,128.05,129.50,3100,129.50
2016-10-18,128.00,129.10,127.50,128.00,7200,128.00
2016-10-17,128.00,128.65,127.55,127.65,2300,127.65
2016-10-14,129.10,129.65,128.00,128.00,2800,128.00
2016-10-13,127.50,127.60,127.00,127.10,4600,127.10
2016-10-12,129.85,130.00,127.85,127.85,5300,127.85
2016-10-11,130.50,130.70,129.10,130.25,3400,130.25
2016-10-10,129.75,131.05,129.75,130.35,10800,130.35
2016-10-07,128.00,129.45,127.50,129.45,9000,129.45
2016-10-06,128.95,128.95,127.55,128.05,6300,128.05
2016-10-05,129.35,129.35,127.50,128.95,6700,128.95
2016-10-04,128.30,128.90,127.60,128.90,4900,128.90
2016-10-03,129.00,129.00,129.00,129.00,000,129.00
2016-09-30,126.05,129.00,126.05,129.00,19800,129.00
2016-09-29,129.05,129.05,126.55,127.35,9000,127.35
2016-09-28,127.00,128.70,125.30,127.90,7300,127.90
2016-09-27,126.80,126.80,123.80,126.20,13700,126.20
2016-09-26,129.90,129.90,126.50,127.05,6200,127.05
2016-09-23,131.00,131.80,128.55,129.20,4100,129.20
2016-09-22,127.65,131.95,126.95,131.70,13300,131.70
2016-09-21,129.00,129.00,127.75,128.50,4700,128.50
2016-09-20,129.00,129.20,127.80,127.80,3800,127.80
2016-09-19,129.00,129.30,128.45,128.60,1000,128.60
2016-09-16,128.90,130.30,127.20,129.30,4800,129.30
2016-09-15,129.00,129.45,128.05,129.45,6200,129.45
2016-09-14,125.50,128.80,125.45,128.45,7500,128.45
2016-09-13,127.00,128.25,125.50,125.50,3000,125.50
2016-09-12,125.50,128.05,125.25,127.00,3000,127.00
2016-09-09,129.05,129.05,128.00,128.05,5200,128.05
2016-09-08,130.15,131.25,129.10,129.60,7200,129.60
2016-09-07,129.70,131.20,128.40,130.10,11400,130.10
2016-09-06,128.10,129.55,128.10,128.85,1700,128.85
2016-09-05,129.65,129.65,128.05,128.75,3200,128.75
2016-09-02,127.15,129.15,126.75,128.65,3700,128.65
2016-09-01,126.30,130.00,126.30,126.55,9100,126.55
2016-08-31,126.00,127.15,125.00,126.20,9500,126.20
2016-08-30,126.90,127.00,125.30,126.55,5900,126.55
2016-08-29,124.50,126.00,123.70,126.00,4500,126.00
2016-08-26,125.50,125.50,123.65,125.00,5500,125.00
2016-08-25,124.60,125.25,124.35,125.00,14800,125.00
2016-08-24,124.25,126.00,124.25,125.30,6100,125.30
2016-08-23,124.00,125.30,124.00,125.25,5000,125.25
2016-08-22,123.35,125.95,123.35,125.00,8900,125.00
2016-08-19,125.60,125.60,123.00,123.80,9300,123.80
2016-08-18,126.00,126.40,124.00,125.00,18600,125.00
2016-08-17,127.95,127.95,124.80,126.45,9600,126.45
2016-08-16,128.40,129.70,126.50,127.20,5700,127.20
2016-08-15,129.95,130.30,128.50,129.45,10700,129.45
2016-08-12,129.50,130.45,128.60,129.95,9900,129.95
2016-08-11,129.15,129.50,126.70,129.45,3800,129.45
2016-08-10,126.80,129.15,125.25,128.20,4600,128.20
2016-08-09,127.45,129.30,126.10,128.00,3800,128.00
2016-08-08,129.80,129.80,126.50,127.20,4400,127.20
2016-08-05,126.05,129.35,125.90,128.95,6900,128.95
2016-08-04,123.00,126.85,122.90,125.00,6400,125.00
2016-08-03,127.35,128.30,121.25,123.70,24700,123.70
2016-08-02,129.60,129.60,125.50,125.85,8800,125.85
2016-08-01,130.15,130.85,128.55,130.25,6200,130.25
2016-07-29,130.95,130.95,126.35,129.15,9600,129.15
2016-07-28,130.70,131.40,129.80,130.25,3700,130.25
2016-07-27,130.00,131.25,129.65,131.25,8500,131.25
2016-07-26,131.00,131.00,129.70,129.70,5000,129.70
2016-07-25,131.00,131.10,129.00,130.30,9200,130.30
2016-07-22,132.15,132.15,129.25,130.30,12100,130.30
2016-07-21,131.35,133.45,131.20,132.40,18900,132.40
2016-07-20,131.00,131.25,130.10,130.70,12600,130.70
2016-07-19,129.10,131.10,128.50,130.45,8000,130.45
2016-07-18,133.50,134.00,129.20,129.55,11200,129.55
2016-07-15,136.25,136.25,132.50,133.55,8200,133.55
2016-07-14,137.95,137.95,135.35,136.65,14900,136.65
2016-07-13,135.70,138.25,134.25,137.65,16600,137.65
2016-07-12,138.10,138.20,135.40,137.05,18800,137.05
2016-07-11,132.10,138.45,131.70,137.15,18000,137.15
2016-07-08,129.60,133.50,128.65,131.90,10100,131.90
2016-07-07,129.00,130.85,128.95,130.50,10700,130.50
2016-07-06,127.50,129.50,127.50,128.75,14600,128.75
2016-07-05,126.35,129.00,126.35,128.70,8900,128.70
2016-07-04,129.00,129.50,126.25,127.40,5500,127.40
2016-07-01,128.70,129.00,127.00,129.00,10100,129.00
2016-06-30,124.20,127.85,124.20,127.60,6000,127.60
2016-06-29,126.30,126.30,123.15,125.00,6100,125.00
2016-06-28,125.00,125.00,122.50,124.20,11200,124.20
2016-06-27,122.10,124.25,121.15,122.90,30100,122.90
2016-06-24,115.00,124.95,108.15,122.20,20600,122.20
2016-06-23,124.15,126.25,123.15,124.65,4800,124.65
2016-06-22,124.15,125.90,122.95,123.15,6600,123.15
2016-06-21,124.95,125.60,123.95,124.25,4000,124.25
2016-06-20,124.05,126.45,124.05,125.80,7100,125.80
2016-06-17,120.00,124.60,120.00,123.50,7500,123.50
2016-06-16,121.95,124.00,118.45,119.80,16600,119.80
2016-06-15,119.50,124.05,119.50,122.10,10200,122.10
2016-06-14,118.00,120.50,117.20,119.05,12700,119.05
2016-06-13,121.10,123.00,117.60,121.00,9300,121.00
2016-06-10,129.00,129.00,122.50,124.55,8800,124.55
2016-06-09,128.65,129.30,128.00,129.30,5400,129.30
2016-06-08,130.40,131.00,125.20,129.75,18200,129.75
2016-06-07,129.10,129.70,128.05,128.75,4600,128.75
2016-06-06,129.75,129.75,128.15,128.85,3700,128.85
2016-06-03,131.40,131.40,125.95,128.65,7700,128.65
2016-06-02,128.50,130.50,128.50,130.30,5300,130.30
2016-06-01,130.10,130.95,128.45,129.90,5100,129.90
2016-05-31,130.15,132.00,130.15,131.00,19000,131.00
2016-05-30,133.35,134.45,129.50,131.00,6500,131.00
2016-05-27,131.00,132.55,131.00,132.25,5300,132.25
2016-05-26,131.50,131.55,128.60,130.60,3600,130.60
2016-05-25,128.70,131.30,126.50,130.35,12800,130.35
2016-05-24,123.70,127.85,123.55,127.85,8600,127.85
2016-05-23,122.50,129.30,122.00,124.60,13900,124.60
2016-05-20,119.65,123.45,119.00,122.85,9700,122.85
2016-05-19,121.60,121.60,117.00,118.85,15000,118.85
2016-05-18,119.15,121.95,118.90,121.95,6300,121.95
2016-05-17,120.40,121.35,118.75,119.35,4400,119.35
2016-05-16,120.05,120.05,120.05,120.05,000,120.05
2016-05-13,121.75,121.90,118.95,120.05,5600,120.05
2016-05-12,119.00,123.45,119.00,122.40,7800,122.40
2016-05-11,120.00,121.65,119.95,120.00,6700,120.00
2016-05-10,120.00,121.50,117.80,120.95,9900,120.95
2016-05-09,117.85,120.95,117.85,119.40,5100,119.40
2016-05-06,119.55,121.45,118.50,118.50,5700,118.50
2016-05-05,121.50,121.70,119.65,120.55,4100,120.55
2016-05-04,118.80,121.50,118.45,121.00,6600,121.00
2016-05-03,119.75,120.10,118.90,119.35,5100,119.35
2016-05-02,121.10,122.05,117.55,118.75,6000,118.75
2016-04-29,121.95,122.55,121.00,122.50,11000,122.50
2016-04-28,121.00,122.90,120.35,122.90,8400,122.90
2016-04-27,117.05,120.95,117.05,120.70,8700,120.70
2016-04-26,119.00,120.20,117.30,118.00,4100,118.00
2016-04-25,120.90,121.20,117.60,118.80,9500,118.80
2016-04-22,120.85,121.75,119.10,120.20,6500,120.20
2016-04-21,121.00,123.55,118.90,120.80,21600,120.80
2016-04-20,121.00,122.00,119.10,119.70,6800,119.70
2016-04-19,120.85,123.00,119.85,121.35,5600,121.35
2016-04-18,118.90,120.85,117.95,119.95,6400,119.95
2016-04-15,120.10,121.60,116.90,120.95,8500,120.95
2016-04-14,124.50,124.50,120.30,120.30,11300,120.30
2016-04-13,123.50,124.25,122.20,123.45,4600,123.45
2016-04-12,122.65,123.25,120.65,123.00,6500,123.00
2016-04-11,121.25,123.00,120.55,121.60,4200,121.60
2016-04-08,120.95,122.60,119.85,121.65,15600,121.65
2016-04-07,121.30,122.75,119.45,120.25,6800,120.25
2016-04-06,121.15,121.15,120.00,120.55,9800,120.55
2016-04-05,123.00,123.90,119.70,120.15,12300,120.15
2016-04-04,122.30,125.20,122.25,125.20,18100,125.20
2016-04-01,119.85,121.85,119.05,121.05,15300,121.05
2016-03-31,119.95,121.20,119.00,120.50,14400,120.50
2016-03-30,118.55,122.10,118.50,120.45,7800,120.45
2016-03-29,120.25,120.40,117.95,118.65,15800,118.65
2016-03-28,119.85,119.85,119.85,119.85,000,119.85
2016-03-25,119.85,119.85,119.85,119.85,000,119.85
2016-03-24,121.55,121.55,117.70,119.85,10900,119.85
2016-03-23,115.50,127.50,114.55,121.75,35000,121.75
2016-03-22,115.95,115.95,112.15,113.95,16400,113.95
2016-03-21,110.85,116.60,110.55,115.05,15100,115.05
2016-03-18,112.60,113.90,110.35,110.35,53300,110.35
2016-03-17,115.05,115.50,110.35,112.60,8300,112.60
2016-03-16,113.20,115.10,112.25,113.65,12800,113.65
2016-03-15,112.00,113.20,111.05,113.20,6500,113.20
2016-03-14,113.65,115.50,112.55,113.00,25900,113.00
2016-03-11,111.65,115.60,111.65,114.55,9800,114.55
2016-03-10,113.65,115.55,110.25,110.70,10500,110.70
2016-03-09,113.80,114.35,112.70,112.70,6500,112.70
2016-03-08,114.50,114.65,112.80,114.00,9800,114.00
2016-03-07,116.70,116.95,112.60,114.75,12500,114.75
2016-03-04,117.65,117.65,114.55,115.95,11600,115.95
2016-03-03,115.00,117.15,114.20,116.75,14600,116.75
2016-03-02,117.00,118.25,113.30,114.45,18900,114.45
2016-03-01,113.40,116.05,112.20,116.00,12700,116.00
2016-02-29,111.20,112.25,107.50,112.25,24200,112.25
2016-02-26,110.30,111.40,108.25,110.00,9100,110.00
2016-02-25,106.75,109.40,106.259,109.05,8100,109.05
2016-02-24,111.60,112.20,105.70,106.30,12900,106.30
2016-02-23,112.30,113.80,110.45,111.35,5200,111.35
2016-02-22,113.25,113.35,111.15,112.30,7600,112.30
2016-02-19,113.40,113.90,109.30,110.75,7700,110.75
2016-02-18,112.45,115.25,111.30,112.45,16900,112.45
2016-02-17,110.00,113.00,109.40,111.45,14500,111.45
2016-02-16,112.20,112.20,107.70,109.20,17500,109.20
2016-02-15,110.35,112.60,108.50,110.95,13100,110.95
2016-02-12,113.45,114.95,107.60,109.05,23600,109.05
2016-02-11,107.00,112.70,103.50,111.40,39300,111.40
2016-02-10,107.10,108.20,105.00,106.55,26400,106.55
2016-02-09,101.00,107.10,101.00,104.95,33800,104.95
2016-02-08,108.00,108.30,103.00,104.70,36300,104.70
2016-02-05,108.40,109.45,105.85,107.50,17600,107.50
2016-02-04,113.20,114.60,107.55,108.25,19700,108.25
2016-02-03,115.50,116.65,109.80,112.35,35100,112.35
2016-02-02,120.10,120.50,115.05,116.75,16600,116.75
2016-02-01,117.00,120.00,115.55,119.15,13900,119.15
2016-01-29,116.85,116.85,113.40,116.00,25000,116.00
2016-01-28,123.10,125.30,113.00,115.05,43700,115.05
2016-01-27,123.10,124.85,119.00,120.00,27500,120.00
2016-01-26,120.75,124.15,118.35,123.90,16600,123.90
2016-01-25,121.50,121.50,117.20,121.10,10900,121.10
2016-01-22,122.00,123.70,119.55,119.55,17500,119.55
2016-01-21,116.30,119.60,115.30,118.25,12900,118.25
2016-01-20,117.80,118.10,115.10,117.30,19700,117.30
2016-01-19,115.75,125.30,115.35,120.20,34800,120.20
2016-01-18,114.20,117.95,111.45,113.55,19700,113.55
2016-01-15,118.05,119.95,113.40,114.65,24500,114.65
2016-01-14,122.45,122.70,116.75,117.60,25900,117.60
2016-01-13,128.25,128.30,124.40,124.50,11300,124.50
2016-01-12,126.50,127.10,124.50,125.10,10900,125.10
2016-01-11,123.90,127.00,122.40,126.15,19500,126.15
2016-01-08,123.75,129.15,123.00,123.95,27400,123.95
2016-01-07,125.00,125.50,120.00,122.25,43000,122.25
2016-01-06,133.95,133.95,126.45,127.00,42500,127.00
2016-01-05,140.20,140.25,133.60,134.20,18600,134.20
2016-01-04,145.50,145.50,137.70,141.10,14800,141.10
2016-01-01,146.00,146.00,146.00,146.00,000,146.00
2015-12-31,146.00,146.00,146.00,146.00,000,146.00
2015-12-30,144.95,147.00,142.65,146.00,8200,146.00
2015-12-29,142.05,145.00,142.05,145.00,6700,145.00
2015-12-28,143.00,143.95,141.60,143.00,8000,143.00
2015-12-25,142.80,142.80,142.80,142.80,000,142.80
2015-12-24,142.80,142.80,142.80,142.80,000,142.80
2015-12-23,140.65,142.90,136.60,142.80,18200,142.80
2015-12-22,138.75,140.15,136.55,139.85,12900,139.85
2015-12-21,141.35,144.25,137.50,138.55,15900,138.55
2015-12-18,141.75,142.05,138.70,140.90,15100,140.90
2015-12-17,141.70,144.95,139.10,142.80,22800,142.80
2015-12-16,141.55,143.60,137.35,137.35,14000,137.35
2015-12-15,133.45,140.55,132.95,139.90,21100,139.90
2015-12-14,133.45,133.45,126.10,131.45,45700,131.45
2015-12-11,142.50,142.85,137.70,138.85,19900,138.85
2015-12-10,143.50,145.55,141.70,143.55,17800,143.55
2015-12-09,142.90,144.40,142.05,143.20,8800,143.20
2015-12-08,148.70,148.70,142.00,142.90,12000,142.90
2015-12-07,144.85,149.00,143.50,148.80,34600,148.80
2015-12-04,140.10,145.00,139.45,145.00,37000,145.00
2015-12-03,134.95,141.25,134.90,139.20,63400,139.20
2015-12-02,138.20,139.00,134.50,134.95,25500,134.95
2015-12-01,138.60,140.20,135.60,138.10,26800,138.10
2015-11-30,141.00,143.00,138.00,140.20,32100,140.20
2015-11-27,141.95,141.95,139.75,140.60,8500,140.60
2015-11-26,141.75,143.00,140.35,142.00,13100,142.00
2015-11-25,139.55,142.55,138.20,141.00,22100,141.00
2015-11-24,141.85,141.90,136.00,139.00,18300,139.00
2015-11-23,137.95,143.85,137.55,140.95,32600,140.95
2015-11-20,132.75,136.05,132.15,134.20,23700,134.20
2015-11-19,126.85,135.85,125.65,131.50,108900,131.50
2015-11-18,129.10,139.20,128.75,135.95,56100,135.95
2015-11-17,122.10,128.00,122.10,126.80,10200,126.80
2015-11-16,126.00,126.00,122.20,123.05,7100,123.05
2015-11-13,128.40,128.40,125.15,125.90,6800,125.90
2015-11-12,126.85,129.65,125.05,127.35,5600,127.35
2015-11-11,126.65,129.00,126.65,127.70,5000,127.70
2015-11-10,125.25,129.00,125.25,128.90,9600,128.90
2015-11-09,128.00,129.80,126.55,128.75,9400,128.75
2015-11-06,130.00,131.70,128.30,129.90,10500,129.90
2015-11-05,130.90,134.25,129.45,129.75,10100,129.75
2015-11-04,134.75,134.80,129.35,129.35,7100,129.35
2015-11-03,134.00,134.75,132.15,134.75,4700,134.75
2015-11-02,130.10,134.45,130.10,134.45,10400,134.45
2015-10-30,133.00,133.00,130.70,133.00,6700,133.00
2015-10-29,132.20,132.60,127.95,132.60,7000,132.60
2015-10-28,127.00,131.85,125.80,131.85,8200,131.85
2015-10-27,128.50,129.80,125.80,127.25,7000,127.25
2015-10-26,130.00,131.40,127.75,128.80,13200,128.80
2015-10-23,130.10,133.00,128.05,130.00,13100,130.00
2015-10-22,126.20,131.20,123.90,130.00,19200,130.00
2015-10-21,119.65,127.90,117.45,126.05,28200,126.05
2015-10-20,115.40,116.20,114.70,115.60,3000,115.60
2015-10-19,114.50,115.25,113.75,114.50,4300,114.50
2015-10-16,113.20,114.30,113.15,113.55,4200,113.55
2015-10-15,111.00,112.50,110.80,112.20,1900,112.20
2015-10-14,113.00,113.35,110.60,111.00,4800,111.00
2015-10-13,111.80,113.35,111.30,113.35,3300,113.35
2015-10-12,113.55,115.35,112.30,112.40,5300,112.40
2015-10-09,115.80,116.65,113.05,115.25,6200,115.25
2015-10-08,118.55,119.00,115.50,115.95,5400,115.95
2015-10-07,117.10,119.30,115.10,117.75,12900,117.75
2015-10-06,117.50,117.90,115.25,115.95,10200,115.95
2015-10-05,113.70,117.25,113.50,117.25,11900,117.25
2015-10-02,113.70,114.95,110.55,113.25,33000,113.25
2015-10-01,113.00,115.00,111.40,114.00,30000,114.00
2015-09-30,109.90,113.00,108.25,113.00,21700,113.00
2015-09-29,110.45,111.10,108.00,109.80,24400,109.80
2015-09-28,111.60,114.90,108.80,111.70,15100,111.70
2015-09-25,108.70,111.95,106.70,111.95,11700,111.95
2015-09-24,105.25,109.45,105.00,105.35,18400,105.35
2015-09-23,111.45,113.00,105.55,106.00,15500,106.00
2015-09-22,113.95,113.95,108.80,110.25,10500,110.25
2015-09-21,111.00,113.50,110.50,112.85,3000,112.85
2015-09-18,109.85,112.15,108.75,112.15,9400,112.15
2015-09-17,112.00,112.00,109.30,110.60,2700,110.60
2015-09-16,111.40,111.60,109.50,111.00,5900,111.00
2015-09-15,111.60,111.75,109.05,109.60,4300,109.60
2015-09-14,111.15,113.25,110.05,111.50,5800,111.50
2015-09-11,111.90,113.10,108.50,112.50,7600,112.50
2015-09-10,113.80,115.25,112.20,112.60,8800,112.60
2015-09-09,116.45,117.60,112.70,113.90,10500,113.90
2015-09-08,114.00,116.00,113.20,114.70,10900,114.70
2015-09-07,112.60,114.80,109.10,113.50,11900,113.50
2015-09-04,110.00,113.15,107.80,112.80,11300,112.80
2015-09-03,110.60,114.00,107.60,111.10,19200,111.10
2015-09-02,107.10,111.20,107.10,110.85,13400,110.85
2015-09-01,109.55,109.85,105.90,108.10,16900,108.10
2015-08-31,105.55,111.20,104.00,111.20,32700,111.20
2015-08-28,114.45,114.50,109.15,111.65,17800,111.65
2015-08-27,107.90,112.20,104.50,112.20,32800,112.20
2015-08-26,104.50,105.85,99.79,104.40,33400,104.40
2015-08-25,105.00,109.55,105.00,105.95,43400,105.95
2015-08-24,112.60,112.95,101.50,103.15,55200,103.15
2015-08-21,114.80,116.90,113.55,116.90,38500,116.90
2015-08-20,117.50,118.60,112.70,116.40,33200,116.40
2015-08-19,127.60,128.80,116.45,119.70,50300,119.70
2015-08-18,131.00,131.70,129.70,131.20,8200,131.20
2015-08-17,132.30,133.20,130.20,132.00,7700,132.00
2015-08-14,132.60,133.00,130.65,132.20,5800,132.20
2015-08-13,127.30,133.00,127.30,132.40,11100,132.40
2015-08-12,130.20,130.35,124.40,126.60,19400,126.60
2015-08-11,133.75,133.75,130.50,130.75,7800,130.75
2015-08-10,133.35,133.95,130.15,133.75,10300,133.75
2015-08-07,135.30,135.50,132.10,133.10,7300,133.10
2015-08-06,134.40,136.00,134.00,135.00,6800,135.00
2015-08-05,132.65,134.40,131.90,134.40,10200,134.40
2015-08-04,130.50,132.85,130.00,132.15,8300,132.15
2015-08-03,126.60,131.30,126.60,130.50,13700,130.50
2015-07-31,124.60,126.00,123.20,126.00,8400,126.00
2015-07-30,127.65,127.95,122.10,125.25,23800,125.25
2015-07-29,128.00,128.35,127.00,127.40,9200,127.40
2015-07-28,126.00,128.75,126.00,128.00,11400,128.00
2015-07-27,130.35,130.35,123.40,125.80,17300,125.80
2015-07-24,133.20,133.20,129.90,129.95,11600,129.95
2015-07-23,134.45,136.00,130.10,132.55,19500,132.55
2015-07-22,133.00,136.00,130.20,132.65,26800,132.65
2015-07-21,130.00,130.55,128.10,128.95,10900,128.95
2015-07-20,130.15,130.70,129.10,129.25,12100,129.25
2015-07-17,129.80,130.05,128.35,129.30,7400,129.30
2015-07-16,130.00,130.00,128.50,129.65,17500,129.65
2015-07-15,130.00,131.45,129.50,129.70,14600,129.70
2015-07-14,131.50,131.50,129.45,130.00,8600,130.00
2015-07-13,131.00,131.00,129.05,130.85,14700,130.85
2015-07-10,131.35,131.65,128.65,129.75,17200,129.75
2015-07-09,129.80,132.35,129.80,130.05,9600,130.05
2015-07-08,128.95,130.95,126.45,129.75,16200,129.75
2015-07-07,136.15,136.25,127.05,130.20,25900,130.20
2015-07-06,129.80,133.50,129.35,132.75,18500,132.75
2015-07-03,127.65,130.70,127.40,129.95,16200,129.95
2015-07-02,129.40,129.40,125.70,127.35,9300,127.35
2015-07-01,125.65,129.50,125.25,129.40,14700,129.40
2015-06-30,123.45,127.00,120.20,127.00,24700,127.00
2015-06-29,121.00,123.35,118.10,122.95,25700,122.95
2015-06-26,119.95,129.00,119.30,127.00,26000,127.00
2015-06-25,120.00,121.00,119.00,119.75,12100,119.75
2015-06-24,120.50,120.75,118.15,120.20,13000,120.20
2015-06-23,120.95,120.95,119.20,120.00,8400,120.00
2015-06-22,119.45,121.00,118.30,120.85,16200,120.85
2015-06-19,115.40,118.35,115.40,117.45,16000,117.45
2015-06-18,112.75,116.15,108.30,114.00,36200,114.00
2015-06-17,114.50,114.50,111.05,112.35,15200,112.35
2015-06-16,116.00,116.00,112.45,113.50,16000,113.50
2015-06-15,117.90,119.45,117.30,118.50,7200,118.50
2015-06-12,119.00,120.20,118.20,119.00,8700,119.00
2015-06-11,119.80,120.60,117.35,119.15,14100,119.15
2015-06-10,113.60,119.20,113.05,119.20,11100,119.20
2015-06-09,113.40,114.65,111.15,113.80,27400,113.80
2015-06-08,121.00,121.45,117.15,117.75,19500,117.75
2015-06-05,120.80,121.95,119.50,120.65,9400,120.65
2015-06-04,121.50,121.60,119.20,121.00,6100,121.00
2015-06-03,123.00,123.00,119.60,121.00,17500,121.00
2015-06-02,121.20,124.25,121.00,121.50,12900,121.50
2015-06-01,120.50,121.50,119.60,120.20,8100,120.20
2015-05-29,119.40,119.70,117.90,119.20,14500,119.20
2015-05-28,117.00,119.35,116.40,117.90,16200,117.90
2015-05-27,116.20,117.00,115.65,117.00,6500,117.00
2015-05-26,116.15,116.95,114.05,116.05,20500,116.05
2015-05-25,112.00,112.00,112.00,112.00,000,112.00
2015-05-22,111.80,113.25,110.70,112.00,12400,112.00
2015-05-21,113.00,113.00,111.15,111.15,7200,111.15
2015-05-20,112.30,113.30,110.85,111.65,10000,111.65
2015-05-19,109.00,112.00,108.55,111.15,13000,111.15
2015-05-18,104.90,108.85,104.70,108.55,27000,108.55
2015-05-15,102.40,105.00,102.20,104.30,12100,104.30
2015-05-14,100.35,102.60,100.35,101.60,6000,101.60
2015-05-13,102.00,103.95,100.10,101.80,13300,101.80
2015-05-12,98.69,104.25,97.79,103.85,20600,103.85
2015-05-11,97.00,98.69,97.00,98.69,1600,98.69
2015-05-08,96.20,98.00,96.20,97.21,6600,97.21
2015-05-07,95.55,97.99,92.60,97.20,22200,97.20
2015-05-06,97.99,97.99,94.97,96.69,16200,96.69
2015-05-05,98.48,99.00,97.05,97.40,19700,97.40
2015-05-04,98.79,98.79,97.35,97.75,7500,97.75
2015-05-01,97.65,97.65,97.65,97.65,000,97.65
2015-04-30,96.53,97.65,96.00,97.65,15200,97.65
2015-04-29,98.10,98.30,96.02,97.65,27100,97.65
2015-04-28,99.75,100.10,97.57,98.00,11000,98.00
2015-04-27,100.95,101.45,99.66,100.40,19600,100.40
2015-04-24,103.50,104.40,100.35,100.85,21600,100.85
2015-04-23,104.50,104.50,102.70,102.95,11000,102.95
2015-04-22,101.40,101.40,97.67,100.45,9300,100.45
2015-04-21,99.04,101.90,98.04,101.15,9500,101.15
2015-04-20,95.96,99.80,95.96,97.81,10300,97.81
2015-04-17,95.98,99.02,95.80,96.75,14600,96.75
2015-04-16,96.88,96.88,94.50,95.80,5100,95.80
2015-04-15,96.15,96.52,95.30,96.20,6300,96.20
2015-04-14,96.10,96.49,95.36,96.49,3800,96.49
2015-04-13,96.38,96.48,94.61,96.00,8900,96.00
2015-04-10,94.99,95.78,93.55,95.78,3900,95.78
2015-04-09,94.90,95.36,93.15,94.00,11600,94.00
2015-04-08,94.75,94.90,92.70,94.67,8600,94.67
2015-04-07,88.30,96.54,88.30,94.65,24400,94.65
2015-04-06,87.86,87.86,87.86,87.86,000,87.86
2015-04-03,87.86,87.86,87.86,87.86,000,87.86
2015-04-02,86.70,87.90,86.20,87.86,9100,87.86
2015-04-01,84.13,87.80,83.80,86.48,6500,86.48
2015-03-31,86.90,87.04,84.96,85.10,4900,85.10
2015-03-30,85.05,87.15,85.05,86.45,13500,86.45
2015-03-27,83.75,86.50,83.75,85.12,5700,85.12
2015-03-26,85.48,85.50,80.08,83.75,15800,83.75
2015-03-25,86.11,88.63,85.09,85.61,8500,85.61
2015-03-24,85.04,86.08,84.91,85.99,7400,85.99
2015-03-23,86.00,86.01,84.60,85.39,10100,85.39
2015-03-20,87.59,88.71,85.35,86.59,20200,86.59
2015-03-19,85.91,86.99,85.91,86.99,4300,86.99
2015-03-18,87.00,87.90,85.40,86.53,16700,86.53
2015-03-17,90.07,90.07,85.05,86.98,10900,86.98
2015-03-16,87.61,90.89,87.61,89.30,11000,89.30
2015-03-13,88.51,88.51,86.84,87.60,15700,87.60
2015-03-12,88.65,88.65,88.00,88.00,3500,88.00
2015-03-11,88.06,89.30,87.80,88.65,6200,88.65
2015-03-10,86.80,88.38,86.20,87.30,11200,87.30
2015-03-09,88.39,88.39,84.74,86.85,11400,86.85
2015-03-06,86.96,88.19,86.62,88.19,10000,88.19
2015-03-05,84.00,87.38,84.00,86.22,13100,86.22
2015-03-04,85.30,85.92,82.55,84.27,25200,84.27
2015-03-03,87.60,88.56,84.45,86.00,13500,86.00
2015-03-02,89.49,89.63,87.00,87.38,11300,87.38
2015-02-27,90.00,90.45,88.36,89.19,15200,89.19
2015-02-26,88.80,90.76,87.78,90.32,17000,90.32
2015-02-25,91.48,91.48,88.57,88.86,11300,88.86
2015-02-24,89.80,92.36,88.50,91.50,22900,91.50
2015-02-23,90.80,91.99,90.36,91.20,16500,91.20
2015-02-20,88.49,89.97,87.30,89.97,19100,89.97
2015-02-19,88.59,89.41,87.47,88.00,28000,88.00
2015-02-18,85.61,87.62,84.97,86.03,9400,86.03
2015-02-17,84.40,85.33,83.92,85.11,11000,85.11
2015-02-16,85.25,85.25,84.30,84.99,3300,84.99
2015-02-13,86.00,86.50,83.81,85.99,25800,85.99
2015-02-12,87.00,87.30,84.84,85.78,32100,85.78
2015-02-11,85.55,87.59,85.55,87.15,20800,87.15
2015-02-10,83.85,86.11,83.66,86.11,19400,86.11
2015-02-09,86.30,86.49,82.54,84.47,11200,84.47
2015-02-06,85.00,87.91,83.06,86.45,19000,86.45
2015-02-05,86.89,88.70,83.81,84.86,15600,84.86
2015-02-04,83.30,86.52,82.40,86.52,15400,86.52
2015-02-03,79.99,83.20,79.65,82.35,14900,82.35
2015-02-02,82.00,82.60,79.76,80.05,16600,80.05
2015-01-30,80.39,84.89,80.32,82.90,34500,82.90
2015-01-29,71.15,79.42,71.15,79.13,55800,79.13
2015-01-28,71.00,71.06,69.99,70.50,10600,70.50
2015-01-27,70.51,70.90,69.68,70.90,11100,70.90
2015-01-26,68.00,71.58,65.30,70.49,21000,70.49
2015-01-23,69.50,70.20,68.64,68.77,7800,68.77
2015-01-22,70.48,70.75,68.62,69.49,13000,69.49
2015-01-21,70.79,70.90,69.29,70.08,4400,70.08
2015-01-20,69.49,71.44,69.46,70.55,11000,70.55
2015-01-19,68.84,70.00,68.34,69.48,8500,69.48
2015-01-16,68.07,71.25,67.40,70.18,8700,70.18
2015-01-15,66.19,68.06,66.17,68.06,7800,68.06
2015-01-14,65.11,66.35,64.00,66.33,8700,66.33
2015-01-13,65.45,67.01,64.12,65.20,12600,65.20
2015-01-12,64.89,65.43,64.47,64.90,1700,64.90
2015-01-09,66.00,66.00,64.57,65.00,6600,65.00
2015-01-08,64.46,66.66,63.42,65.24,12400,65.24
2015-01-07,64.85,65.62,63.40,64.70,6600,64.70
2015-01-06,65.30,65.32,64.21,64.23,7400,64.23
2015-01-05,67.27,67.27,65.65,65.66,6200,65.66
2015-01-02,66.32,67.74,65.53,66.70,5500,66.70
2015-01-01,65.95,65.95,65.95,65.95,000,65.95
2014-12-31,65.95,65.95,65.95,65.95,000,65.95
2014-12-30,67.40,67.84,65.19,65.95,7000,65.95
2014-12-29,68.00,68.48,66.99,67.86,10900,67.86
2014-12-26,67.90,67.90,67.90,67.90,000,67.90
2014-12-25,67.90,67.90,67.90,67.90,000,67.90
2014-12-24,67.90,67.90,67.90,67.90,000,67.90
2014-12-23,67.08,67.90,67.08,67.90,3200,67.90
2014-12-22,66.47,68.52,65.90,67.50,12300,67.50
2014-12-19,66.38,66.46,64.64,65.66,14300,65.66
2014-12-18,65.30,66.50,65.30,65.50,14400,65.50
2014-12-17,61.88,65.24,61.88,65.24,7400,65.24
2014-12-16,64.80,64.89,61.51,62.57,34900,62.57
2014-12-15,64.74,65.30,64.21,64.80,25100,64.80
2014-12-12,63.50,64.80,62.90,64.80,21400,64.80
2014-12-11,62.64,63.67,62.50,63.35,6300,63.35
2014-12-10,62.00,64.20,62.00,63.26,13600,63.26
2014-12-09,63.34,64.50,61.63,61.95,21900,61.95
2014-12-08,63.54,64.28,63.23,64.28,7400,64.28
2014-12-05,61.65,63.90,61.26,63.80,15400,63.80
2014-12-04,61.36,61.36,60.69,61.00,11100,61.00
2014-12-03,60.71,61.52,60.71,61.00,10000,61.00
2014-12-02,61.90,62.34,60.78,60.78,14600,60.78
2014-12-01,61.42,61.90,60.51,61.75,7800,61.75
2014-11-28,60.82,61.90,59.60,61.42,16600,61.42
2014-11-27,61.20,61.85,60.69,60.69,5600,60.69
2014-11-26,62.79,62.80,61.04,61.57,5900,61.57
2014-11-25,61.29,62.77,60.70,62.77,35100,62.77
2014-11-24,59.39,61.40,59.10,61.10,42700,61.10
2014-11-21,58.27,59.29,57.19,58.72,34200,58.72
2014-11-20,59.90,60.13,57.55,57.99,17800,57.99
2014-11-19,60.29,60.73,59.31,60.18,77300,60.18
2014-11-18,64.45,64.45,59.62,59.72,91400,59.72
2014-11-17,66.90,66.90,65.82,65.82,3000,65.82
2014-11-14,66.30,66.93,65.44,66.91,5600,66.91
2014-11-13,66.03,67.00,65.30,66.35,4600,66.35
2014-11-12,66.56,66.56,65.70,66.13,6600,66.13
2014-11-11,66.10,66.98,66.00,66.00,4500,66.00
2014-11-10,65.12,66.49,65.12,65.93,4500,65.93
2014-11-07,64.97,67.79,63.52,66.00,12800,66.00
2014-11-06,65.50,66.49,62.91,64.51,12800,64.51
2014-11-05,61.71,67.20,61.63,67.20,28900,67.20
2014-11-04,60.52,61.97,60.52,61.02,15500,61.02
2014-11-03,59.44,59.50,58.86,59.50,4200,59.50
2014-10-31,59.49,60.50,57.45,59.11,5300,59.11
2014-10-30,60.00,60.20,57.45,58.65,9800,58.65
2014-10-29,57.80,61.19,57.80,60.00,9700,60.00
2014-10-28,57.94,58.00,57.25,57.67,3600,57.67
2014-10-27,55.68,58.41,55.48,57.01,12900,57.01
2014-10-24,55.21,55.49,54.65,55.49,800,55.49
2014-10-23,55.62,55.69,54.80,55.65,6300,55.65
2014-10-22,55.49,55.76,54.67,55.76,5400,55.76
2014-10-21,55.50,56.26,54.59,54.59,10200,54.59
2014-10-20,52.67,53.92,52.15,53.92,2000,53.92
2014-10-17,51.00,52.58,51.00,52.16,800,52.16
2014-10-16,51.45,51.80,50.40,51.00,3800,51.00
2014-10-15,51.80,52.44,50.24,51.23,2400,51.23
2014-10-14,52.01,52.45,51.50,51.90,2500,51.90
2014-10-13,50.00,54.20,48.00,52.50,10400,52.50
2014-10-10,50.00,50.71,50.00,50.00,4800,50.00
2014-10-09,51.17,51.47,50.51,50.76,3000,50.76
2014-10-08,50.01,50.89,49.925,50.24,20400,50.24
2014-10-07,52.13,52.32,50.84,51.00,4700,51.00
2014-10-06,53.39,53.39,52.20,52.37,2400,52.37
2014-10-03,52.40,52.40,52.40,52.40,000,52.40
2014-10-02,53.50,53.50,50.68,52.40,15300,52.40
2014-10-01,54.90,55.09,53.19,54.00,4000,54.00
2014-09-30,54.00,55.07,53.87,55.07,3500,55.07
2014-09-29,53.79,54.37,53.46,54.20,2600,54.20
2014-09-26,53.14,53.99,52.85,53.46,7500,53.46
2014-09-25,53.75,54.00,52.90,53.19,17000,53.19
2014-09-24,53.40,54.24,53.23,54.24,1200,54.24
2014-09-23,53.30,54.16,52.80,53.02,1400,53.02
2014-09-22,54.00,54.00,52.12,54.00,4700,54.00
2014-09-19,54.52,55.66,53.04,53.90,5700,53.90
2014-09-18,52.73,54.49,52.70,54.49,3000,54.49
2014-09-17,52.05,53.43,51.79,53.13,9100,53.13
2014-09-16,51.40,52.00,50.92,51.98,6900,51.98
2014-09-15,50.89,51.75,50.60,51.39,2300,51.39
2014-09-12,50.50,50.89,50.50,50.89,900,50.89
2014-09-11,50.40,50.88,50.00,50.00,2000,50.00
2014-09-10,50.34,50.89,49.80,50.40,1900,50.40
2014-09-09,50.90,50.90,50.44,50.44,600,50.44
2014-09-08,52.42,52.42,50.41,50.90,7000,50.90
2014-09-05,52.50,52.50,51.38,51.50,3200,51.50
2014-09-04,52.17,52.17,51.50,52.00,4600,52.00
2014-09-03,52.01,52.80,51.55,51.55,10600,51.55
2014-09-02,51.54,51.60,51.01,51.60,1200,51.60
2014-09-01,52.03,52.09,51.12,51.60,2700,51.60
2014-08-29,50.50,52.30,50.11,52.30,14800,52.30
2014-08-28,51.93,51.93,49.88,50.06,8500,50.06
2014-08-27,52.00,52.71,51.05,51.31,17700,51.31
2014-08-26,50.40,51.00,49.34,50.00,18100,50.00
2014-08-25,48.50,50.00,48.50,49.895,5600,49.895
2014-08-22,48.615,48.875,47.90,48.77,2600,48.77
2014-08-21,48.60,49.33,47.75,49.04,4000,49.04
2014-08-20,50.16,50.20,48.55,49.25,6400,49.25
2014-08-19,50.41,51.26,48.49,49.90,17800,49.90
2014-08-18,47.695,48.93,47.24,48.93,2400,48.93
2014-08-15,46.94,48.295,46.755,47.00,5900,47.00
2014-08-14,46.865,47.70,46.70,46.95,4000,46.95
2014-08-13,47.05,47.945,46.40,46.405,5100,46.405
2014-08-12,46.97,47.085,46.45,46.685,4000,46.685
2014-08-11,45.375,46.99,45.07,46.495,2700,46.495
2014-08-08,45.74,45.74,44.075,44.84,4100,44.84
2014-08-07,48.375,48.395,45.12,45.12,3900,45.12
2014-08-06,46.975,48.84,46.505,47.90,9900,47.90
2014-08-05,46.01,47.095,46.01,46.505,1600,46.505
2014-08-04,45.905,45.985,45.31,45.805,1000,45.805
2014-08-01,46.75,46.75,45.14,45.305,3300,45.305
2014-07-31,47.90,48.00,47.20,47.20,900,47.20
2014-07-30,48.15,49.43,47.95,48.035,2800,48.035
2014-07-29,47.945,48.395,47.55,48.15,1900,48.15
2014-07-28,49.00,49.00,47.50,47.50,3300,47.50
2014-07-25,49.30,49.495,48.83,49.28,1000,49.28
2014-07-24,50.40,50.40,48.825,48.825,2600,48.825
2014-07-23,50.10,50.10,49.345,49.805,2800,49.805
2014-07-22,50.23,50.32,49.01,49.425,10100,49.425
2014-07-21,48.155,48.155,47.405,47.55,900,47.55
2014-07-18,47.70,47.70,47.24,47.50,1700,47.50
2014-07-17,47.525,48.155,46.945,47.715,1600,47.715
2014-07-16,46.94,49.55,46.94,48.07,4100,48.07
2014-07-15,46.735,47.63,46.625,46.945,2300,46.945
2014-07-14,45.90,47.135,45.79,46.655,6500,46.655
2014-07-11,45.78,46.38,45.60,45.70,1700,45.70
2014-07-10,47.015,47.70,45.205,45.78,5000,45.78
2014-07-09,46.505,47.865,46.48,47.645,3500,47.645
2014-07-08,48.50,48.50,46.52,47.13,4500,47.13
2014-07-07,50.61,50.61,47.50,48.09,7100,48.09
2014-07-04,48.965,50.82,47.80,49.925,13200,49.925
2014-07-03,45.39,48.25,45.085,48.25,19300,48.25
2014-07-02,44.30,45.40,44.125,44.53,15800,44.53
2014-07-01,43.93,44.50,43.50,43.805,8400,43.805
2014-06-30,45.81,45.81,44.12,44.17,4400,44.17
2014-06-27,45.265,45.68,44.80,45.215,2500,45.215
2014-06-26,47.435,47.435,44.23,45.90,7500,45.90
2014-06-25,47.50,47.50,46.13,46.845,3700,46.845
2014-06-24,47.55,48.00,47.01,47.15,7800,47.15
2014-06-23,48.13,48.80,47.605,47.605,4900,47.605
2014-06-20,49.00,49.28,48.21,48.21,6000,48.21
2014-06-19,50.50,50.50,48.13,48.90,4000,48.90
2014-06-18,49.005,50.86,48.93,50.31,2100,50.31
2014-06-17,49.01,49.35,48.265,48.80,6900,48.80
2014-06-16,51.58,51.58,48.78,49.065,19700,49.065
2014-06-13,54.25,54.25,51.17,52.24,5900,52.24
2014-06-12,54.00,54.23,53.55,54.19,700,54.19
2014-06-11,53.68,54.00,53.63,53.63,1000,53.63
2014-06-10,53.03,53.68,53.00,53.63,700,53.63
2014-06-09,52.70,53.55,52.70,52.96,700,52.96
2014-06-06,52.84,53.38,52.50,52.53,1300,52.53
2014-06-05,53.81,53.81,52.84,53.00,1200,53.00
2014-06-04,53.19,53.49,53.01,53.11,1700,53.11
2014-06-03,53.11,54.02,53.11,53.15,300,53.15
2014-06-02,54.01,54.01,53.01,53.29,2700,53.29
2014-05-30,53.11,53.85,53.11,53.31,1100,53.31
2014-05-29,53.06,53.56,53.06,53.06,300,53.06
2014-05-28,53.84,54.69,53.07,53.07,3300,53.07
2014-05-27,54.14,54.14,53.14,53.14,2800,53.14
2014-05-26,53.40,54.18,53.20,53.27,1200,53.27
2014-05-23,53.18,53.86,53.11,53.13,2000,53.13
2014-05-22,53.11,53.91,53.00,53.09,6100,53.09
2014-05-21,54.99,54.99,52.50,53.10,2700,53.10
2014-05-20,55.10,55.13,54.62,54.79,3800,54.79
2014-05-19,54.92,55.17,54.53,54.81,5000,54.81
2014-05-16,54.75,54.75,53.99,54.48,2900,54.48
2014-05-15,55.40,55.40,54.50,54.50,1400,54.50
2014-05-14,55.65,55.65,54.40,55.10,6200,55.10
2014-05-13,54.75,54.97,54.50,54.70,1900,54.70
2014-05-12,55.19,55.19,54.50,54.50,2100,54.50
2014-05-09,53.85,54.51,53.85,54.50,1200,54.50
2014-05-08,53.99,54.50,53.19,54.28,1600,54.28
2014-05-07,52.66,53.79,52.30,53.00,9400,53.00
2014-05-06,53.70,53.70,52.00,52.32,7900,52.32
2014-05-05,53.89,54.04,52.43,53.28,11900,53.28
2014-05-02,54.87,54.87,53.06,53.50,21000,53.50
2014-05-01,55.00,55.00,55.00,55.00,000,55.00
2014-04-30,55.30,55.30,53.52,55.00,13900,55.00
2014-04-29,55.94,56.40,55.58,55.58,1800,55.58
2014-04-28,56.43,56.90,56.03,56.06,1100,56.06
2014-04-25,56.23,57.00,56.14,56.72,2900,56.72
2014-04-24,58.00,59.28,55.83,55.83,15400,55.83
2014-04-23,55.01,56.39,55.01,56.31,2100,56.31
2014-04-22,55.50,56.08,55.18,55.18,900,55.18
2014-04-21,55.59,55.59,55.59,55.59,000,55.59
2014-04-18,55.59,55.59,55.59,55.59,000,55.59
2014-04-17,55.10,55.59,55.10,55.59,700,55.59
2014-04-16,56.10,56.10,53.78,55.80,3600,55.80
2014-04-15,55.97,56.10,55.25,55.55,3800,55.55
2014-04-14,55.67,55.84,55.19,55.49,3400,55.49
2014-04-11,55.71,55.96,55.66,55.96,1100,55.96
2014-04-10,56.00,56.30,55.87,55.87,300,55.87
2014-04-09,55.48,56.48,55.45,55.94,800,55.94
2014-04-08,57.69,57.69,54.25,55.01,6200,55.01
2014-04-07,57.39,58.00,56.50,57.81,3700,57.81
2014-04-04,57.84,57.89,57.17,57.89,2800,57.89
2014-04-03,57.35,57.96,57.03,57.33,2700,57.33
2014-04-02,57.66,57.99,57.20,57.59,1500,57.59
2014-04-01,58.55,58.55,56.85,57.37,2500,57.37
2014-03-31,55.98,58.18,55.39,58.18,5600,58.18
2014-03-28,57.73,57.74,55.00,55.87,3100,55.87
2014-03-27,58.21,58.22,57.42,57.71,7700,57.71
2014-03-26,59.28,59.28,56.74,57.92,12700,57.92
2014-03-25,55.00,55.64,55.00,55.48,5100,55.48
2014-03-24,55.00,55.24,54.11,55.24,7800,55.24
2014-03-21,53.84,55.09,53.47,55.04,8500,55.04
2014-03-20,53.30,55.24,53.06,53.14,5200,53.14
2014-03-19,53.37,53.37,52.71,52.77,2400,52.77
2014-03-18,53.52,53.76,52.00,52.65,6600,52.65
2014-03-17,50.40,52.80,50.30,52.80,3500,52.80
2014-03-14,50.66,50.66,50.05,50.31,4700,50.31
2014-03-13,50.41,51.32,50.30,51.32,2600,51.32
2014-03-12,49.80,50.40,49.13,50.01,3500,50.01
2014-03-11,50.17,50.47,49.895,50.00,600,50.00
2014-03-10,50.00,50.00,49.70,49.95,3700,49.95
2014-03-07,49.10,50.79,49.10,49.99,3000,49.99
2014-03-06,49.67,49.67,49.22,49.25,3800,49.25
2014-03-05,49.02,49.80,48.315,49.00,7200,49.00
2014-03-04,48.50,50.00,48.50,49.00,5300,49.00
2014-03-03,49.51,49.61,48.05,48.50,13500,48.50
2014-02-28,49.95,49.95,49.60,49.945,2100,49.945
2014-02-27,50.92,50.92,49.57,49.58,7300,49.58
2014-02-26,49.93,52.26,49.93,50.26,19400,50.26
2014-02-25,49.00,50.35,49.00,50.35,15000,50.35
2014-02-24,48.89,49.20,48.50,48.895,7600,48.895
2014-02-21,48.28,48.895,48.25,48.25,4000,48.25
2014-02-20,48.505,48.505,48.20,48.25,1300,48.25
2014-02-19,48.50,49.00,48.50,48.80,3000,48.80
2014-02-18,48.585,49.10,48.50,48.50,1400,48.50
2014-02-17,48.50,48.70,48.18,48.50,5000,48.50
2014-02-14,48.205,50.00,48.205,48.50,11400,48.50
2014-02-13,48.00,48.50,48.00,48.05,1600,48.05
2014-02-12,48.155,48.50,47.90,48.00,15500,48.00
2014-02-11,48.51,49.00,48.00,48.00,8900,48.00
2014-02-10,49.295,49.295,48.03,48.03,4400,48.03
2014-02-07,49.195,49.59,48.65,48.65,4100,48.65
2014-02-06,48.99,50.39,48.99,49.295,15000,49.295
2014-02-05,51.00,51.00,48.40,48.675,16900,48.675
2014-02-04,51.00,51.66,50.50,50.80,9600,50.80
2014-02-03,51.81,52.49,50.56,50.70,6800,50.70
2014-01-31,54.32,54.48,51.91,51.91,13100,51.91
2014-01-30,52.50,55.44,52.50,54.05,33000,54.05
2014-01-29,51.27,52.00,51.10,51.60,11100,51.60
2014-01-28,51.00,51.99,51.00,51.09,4400,51.09
2014-01-27,51.00,51.39,51.00,51.07,3400,51.07
2014-01-24,51.43,52.00,51.00,52.00,5300,52.00
2014-01-23,52.20,52.20,51.50,52.00,4900,52.00
2014-01-22,52.67,52.68,52.25,52.50,800,52.50
2014-01-21,53.01,53.20,51.98,52.20,6200,52.20
2014-01-20,52.85,53.20,52.50,53.00,7400,53.00
2014-01-17,52.00,52.99,51.73,52.75,26900,52.75
2014-01-16,50.50,52.00,50.15,52.00,10200,52.00
2014-01-15,50.50,50.75,50.05,50.50,8600,50.50
2014-01-14,50.50,50.50,50.19,50.19,2000,50.19
2014-01-13,49.81,50.73,49.04,50.73,2800,50.73
2014-01-10,50.70,51.00,49.95,50.50,6300,50.50
2014-01-09,51.19,51.27,50.41,50.46,3100,50.46
2014-01-08,51.09,52.00,51.09,51.11,1300,51.11
2014-01-07,51.30,52.00,51.19,51.40,2900,51.40
2014-01-06,52.00,52.00,51.18,51.61,2300,51.61
2014-01-03,51.99,52.00,51.88,51.89,300,51.89
2014-01-02,52.95,52.95,51.57,51.88,900,51.88
2014-01-01,52.00,52.00,52.00,52.00,000,52.00
2013-12-31,52.00,52.00,52.00,52.00,000,52.00
2013-12-30,51.41,52.00,50.55,52.00,2300,52.00
2013-12-27,54.00,54.00,51.15,51.62,6000,51.62
2013-12-26,52.73,52.73,52.73,52.73,000,52.73
2013-12-25,52.73,52.73,52.73,52.73,000,52.73
2013-12-24,52.73,52.73,52.73,52.73,000,52.73
2013-12-23,53.75,53.92,52.73,52.73,5400,52.73
2013-12-20,53.38,54.24,53.38,53.47,2200,53.47
2013-12-19,53.20,54.42,53.20,53.52,3200,53.52
2013-12-18,54.19,54.19,53.28,53.54,2000,53.54
2013-12-17,54.00,54.50,53.95,54.00,1200,54.00
2013-12-16,54.66,54.70,53.95,53.95,1300,53.95
2013-12-13,54.95,55.10,54.59,54.59,1300,54.59
2013-12-12,53.06,54.11,52.53,54.11,6700,54.11
2013-12-11,53.99,54.00,53.27,53.27,1100,53.27
2013-12-10,54.51,54.54,53.50,54.01,3100,54.01
2013-12-09,54.00,55.09,54.00,54.15,1900,54.15
2013-12-06,53.89,54.66,53.73,54.01,1700,54.01
2013-12-05,52.36,55.00,51.68,53.74,7500,53.74
2013-12-04,55.90,56.56,53.50,53.50,8100,53.50
2013-12-03,55.81,56.51,55.81,55.93,2500,55.93
2013-12-02,57.52,57.52,55.96,55.96,3600,55.96
2013-11-29,56.30,57.68,55.68,57.19,6300,57.19
2013-11-28,58.99,58.99,58.00,58.08,3000,58.08
2013-11-27,58.19,59.45,58.19,58.99,4200,58.99
2013-11-26,60.74,60.74,58.42,59.00,2700,59.00
2013-11-25,60.31,60.39,59.98,60.39,200,60.39
2013-11-22,59.00,60.69,59.00,59.49,3000,59.49
2013-11-21,59.82,60.25,59.30,59.30,1300,59.30
2013-11-20,60.69,61.04,59.55,60.26,2100,60.26
2013-11-19,61.92,61.92,60.39,60.39,1200,60.39
2013-11-18,61.49,61.74,59.88,61.74,3800,61.74
2013-11-15,61.20,61.20,60.50,60.65,2100,60.65
2013-11-14,60.40,60.70,59.80,60.70,1000,60.70
2013-11-13,59.46,60.10,59.15,60.00,2700,60.00
2013-11-12,58.47,59.46,58.11,59.40,3900,59.40
2013-11-11,58.46,58.46,56.51,58.06,3600,58.06
2013-11-08,57.94,58.21,56.61,58.21,5400,58.21
2013-11-07,60.56,60.56,57.54,58.16,6000,58.16
2013-11-06,60.35,60.35,58.48,58.96,2400,58.96
2013-11-05,59.99,62.38,58.40,60.44,2900,60.44
2013-11-04,63.90,63.90,59.23,59.23,10200,59.23
2013-11-01,61.50,64.49,61.50,64.49,3200,64.49
2013-10-31,61.50,61.50,60.50,61.49,3200,61.49
2013-10-30,59.50,61.61,59.50,61.61,6600,61.61
2013-10-29,58.51,59.50,58.50,59.50,4200,59.50
2013-10-28,57.99,58.70,57.82,58.60,4700,58.60
2013-10-25,56.10,58.05,56.04,58.05,4600,58.05
2013-10-24,54.51,56.27,54.09,56.01,7800,56.01
2013-10-23,54.50,54.96,53.00,54.69,5000,54.69
2013-10-22,54.20,54.44,52.96,54.19,5100,54.19
2013-10-21,53.00,56.49,53.00,53.20,13100,53.20
2013-10-18,50.00,50.68,49.94,50.68,2500,50.68
2013-10-17,49.50,50.00,49.20,50.00,2400,50.00
2013-10-16,50.45,50.45,48.81,49.385,2400,49.385
2013-10-15,50.94,50.95,49.92,50.95,1500,50.95
2013-10-14,50.57,50.64,49.34,50.62,1500,50.62
2013-10-11,51.00,51.00,50.00,50.95,2900,50.95
2013-10-10,50.51,50.99,48.48,50.99,3500,50.99
2013-10-09,48.905,50.61,48.89,50.61,2800,50.61
2013-10-08,50.75,50.75,49.25,49.25,1300,49.25
2013-10-07,50.30,50.66,49.405,50.60,4400,50.60
2013-10-04,50.80,50.95,50.16,50.95,800,50.95
2013-10-03,49.29,50.94,49.29,50.85,1300,50.85
2013-10-02,49.615,50.69,49.285,49.99,700,49.99
2013-10-01,49.535,50.54,48.765,49.545,3900,49.545
2013-09-30,49.49,49.89,49.25,49.89,1400,49.89
2013-09-27,48.50,49.39,48.47,49.00,900,49.00
2013-09-26,49.99,50.00,48.555,48.605,3500,48.605
2013-09-25,50.06,50.06,49.74,49.74,3700,49.74
2013-09-24,50.01,50.48,50.01,50.18,3700,50.18
2013-09-23,50.58,51.00,50.40,51.00,2800,51.00
2013-09-20,50.55,51.00,50.01,50.71,3700,50.71
2013-09-19,52.74,54.00,50.01,50.01,8100,50.01
2013-09-18,52.75,54.00,52.50,52.75,2200,52.75
2013-09-17,53.05,53.80,52.77,52.84,1500,52.84
2013-09-16,53.40,53.40,52.34,53.40,1000,53.40
2013-09-13,53.10,53.24,52.44,53.18,800,53.18
2013-09-12,52.69,53.05,52.24,53.05,2800,53.05
2013-09-11,52.25,53.00,51.83,52.73,3800,52.73
2013-09-10,52.91,53.35,51.63,51.63,4200,51.63
2013-09-09,50.21,53.40,50.10,52.81,4900,52.81
2013-09-06,50.32,50.55,49.79,50.21,8700,50.21
2013-09-05,49.13,50.33,48.98,50.24,6200,50.24
2013-09-04,49.50,49.55,48.88,49.32,2600,49.32
2013-09-03,49.05,49.50,48.75,49.50,3100,49.50
2013-09-02,48.275,49.495,48.275,48.80,1500,48.80
2013-08-30,48.78,48.90,48.25,48.685,2000,48.685
2013-08-29,47.00,48.895,47.00,48.60,4700,48.60
2013-08-28,46.28,46.385,45.24,46.36,9700,46.36
2013-08-27,47.10,47.50,46.31,46.53,4700,46.53
2013-08-26,47.30,47.50,47.115,47.115,2100,47.115
2013-08-23,47.90,47.915,47.105,47.105,1900,47.105
2013-08-22,47.95,48.50,47.42,47.42,3100,47.42
2013-08-21,47.51,48.50,47.51,47.995,5700,47.995
2013-08-20,49.28,49.39,46.985,47.555,7300,47.555
2013-08-19,46.90,49.335,46.90,49.325,13300,49.325
2013-08-16,44.56,46.18,44.295,45.57,3600,45.57
2013-08-15,45.115,45.30,44.25,44.365,3700,44.365
2013-08-14,43.10,45.30,43.10,45.195,4200,45.195
2013-08-13,42.495,43.095,41.57,43.095,3400,43.095
2013-08-12,41.99,42.26,40.00,42.18,6300,42.18
2013-08-09,42.59,42.68,42.02,42.115,1000,42.115
2013-08-08,42.70,42.995,42.70,42.83,000,42.83
2013-08-07,43.035,43.715,42.55,42.55,900,42.55
2013-08-06,42.17,43.44,42.17,43.14,600,43.14
2013-08-05,42.40,43.00,42.175,42.175,000,42.175
2013-08-02,43.945,43.945,42.20,42.745,1200,42.745
2013-08-01,44.435,44.435,43.50,43.96,1900,43.96
2013-07-31,43.30,44.50,43.30,44.50,3200,44.50
2013-07-30,42.70,43.425,42.50,43.425,2600,43.425
2013-07-29,42.875,43.39,42.75,42.865,300,42.865
2013-07-26,42.87,43.00,42.75,42.75,600,42.75
2013-07-25,42.87,43.225,42.35,43.00,3500,43.00
2013-07-24,43.00,43.20,42.43,43.02,4200,43.02
2013-07-23,42.00,43.00,42.00,43.00,700,43.00
2013-07-22,44.00,44.00,40.80,42.00,3500,42.00
2013-07-19,43.405,44.055,43.405,43.94,600,43.94
2013-07-18,43.82,44.675,43.39,43.445,2900,43.445
2013-07-17,42.24,44.00,42.24,43.90,6500,43.90
2013-07-16,41.475,42.30,41.01,41.01,5000,41.01
2013-07-15,40.45,41.46,40.44,40.71,3600,40.71
2013-07-12,40.70,40.70,39.85,40.065,1200,40.065
2013-07-11,40.57,40.57,40.075,40.075,200,40.075
2013-07-10,40.59,40.59,40.23,40.23,100,40.23
2013-07-09,40.995,40.995,40.235,40.235,200,40.235
2013-07-08,39.99,40.625,39.99,40.625,000,40.625
2013-07-05,41.10,41.10,39.99,39.99,3000,39.99
2013-07-04,41.245,41.245,40.35,40.90,800,40.90
2013-07-03,40.50,40.98,40.35,40.94,400,40.94
2013-07-02,42.67,42.67,40.46,40.94,1100,40.94
2013-07-01,42.00,43.00,42.00,42.665,2600,42.665
2013-06-28,41.78,42.395,41.425,42.21,1200,42.21
2013-06-27,41.715,41.885,41.445,41.70,700,41.70
2013-06-26,41.00,41.425,40.85,41.425,1600,41.425
2013-06-25,40.00,40.65,40.00,40.24,2600,40.24
2013-06-24,40.305,40.305,39.50,39.985,5100,39.985
2013-06-21,39.79,40.02,39.005,39.99,5800,39.99
2013-06-20,39.80,39.97,39.45,39.87,2700,39.87
2013-06-19,39.99,40.00,39.85,39.97,1500,39.97
2013-06-18,40.04,40.80,39.895,39.895,1200,39.895
2013-06-17,40.395,40.87,40.05,40.465,600,40.465
2013-06-14,39.99,41.50,39.85,40.675,2900,40.675
2013-06-13,40.07,40.125,39.55,39.60,1500,39.60
2013-06-12,40.20,40.67,40.115,40.115,700,40.115
2013-06-11,40.20,40.50,40.20,40.20,600,40.20
2013-06-10,40.90,41.10,40.445,40.445,4100,40.445
2013-06-07,41.11,41.11,40.67,40.67,600,40.67
2013-06-06,42.065,42.10,41.31,41.79,2100,41.79
2013-06-05,42.50,42.80,41.42,41.90,6000,41.90
2013-06-04,42.00,43.51,41.465,42.04,4700,42.04
2013-06-03,41.85,41.85,41.04,41.50,1500,41.50
2013-05-31,41.60,41.85,40.83,41.85,2700,41.85
2013-05-30,41.75,41.75,40.89,41.00,1700,41.00
2013-05-29,41.475,41.74,40.755,41.65,600,41.65
2013-05-28,41.85,41.85,40.715,41.345,700,41.345
2013-05-27,40.85,41.585,40.55,41.585,800,41.585
2013-05-24,40.57,41.34,40.57,40.815,2000,40.815
2013-05-23,41.50,41.50,40.585,40.66,1500,40.66
2013-05-22,41.50,41.845,40.095,41.455,7200,41.455
2013-05-21,41.70,41.70,39.50,40.00,14400,40.00
2013-05-20,40.30,40.935,39.995,40.935,7100,40.935
2013-05-17,40.18,40.18,39.99,40.00,10200,40.00
2013-05-16,39.595,40.345,39.59,40.18,5400,40.18
2013-05-15,39.23,40.27,38.725,40.00,9200,40.00
2013-05-14,39.39,40.005,38.285,39.50,10000,39.50
2013-05-13,41.12,41.12,39.80,39.80,6500,39.80
2013-05-10,41.115,41.115,39.08,40.19,6600,40.19
2013-05-09,40.26,40.80,40.10,40.10,3900,40.10
2013-05-08,41.50,41.90,40.54,40.885,5000,40.885
2013-05-07,41.50,41.57,41.00,41.025,4400,41.025
2013-05-06,41.61,41.865,41.00,41.25,4700,41.25
2013-05-03,41.965,41.965,41.165,41.27,800,41.27
2013-05-02,41.515,41.865,41.27,41.27,800,41.27
2013-05-01,41.905,41.905,41.905,41.905,000,41.905
2013-04-30,42.265,42.265,41.30,41.905,500,41.905
2013-04-29,41.73,42.155,41.39,41.80,900,41.80
2013-04-26,42.48,42.48,41.03,41.60,1200,41.60
2013-04-25,42.39,42.40,41.71,42.40,800,42.40
2013-04-24,41.80,42.40,41.77,42.40,100,42.40
2013-04-23,42.00,42.00,41.50,42.00,900,42.00
2013-04-22,42.00,42.50,41.45,42.00,6700,42.00
2013-04-19,39.00,40.865,39.00,40.50,2600,40.50
2013-04-18,38.395,39.00,38.00,39.00,4400,39.00
2013-04-17,42.50,42.50,37.54,38.00,13200,38.00
2013-04-16,41.05,42.00,41.05,41.995,1200,41.995
2013-04-15,42.315,42.505,40.955,41.015,1700,41.015
2013-04-12,42.565,43.555,41.755,41.755,600,41.755
2013-04-11,42.64,43.50,41.60,42.70,3500,42.70
2013-04-10,41.20,41.90,41.055,41.90,1500,41.90
2013-04-09,41.135,41.25,40.58,41.245,1100,41.245
2013-04-08,40.785,42.435,40.785,40.925,1500,40.925
2013-04-05,40.90,41.225,40.35,41.225,2300,41.225
2013-04-04,41.315,41.37,40.50,41.00,1100,41.00
2013-04-03,41.395,41.65,40.60,40.60,6500,40.60
2013-04-02,41.20,41.95,40.67,40.67,3300,40.67
2013-04-01,40.875,40.875,40.875,40.875,000,40.875
2013-03-29,40.875,40.875,40.875,40.875,000,40.875
2013-03-28,41.90,41.90,40.25,40.875,3100,40.875
2013-03-27,43.91,43.91,41.465,41.465,6600,41.465
2013-03-26,43.805,44.19,42.995,43.25,9000,43.25
2013-03-25,44.95,45.245,43.80,45.15,12800,45.15
2013-03-22,45.14,45.245,43.63,45.245,7800,45.245
2013-03-21,45.00,45.25,43.515,44.49,5700,44.49
2013-03-20,43.92,44.99,43.00,44.99,8200,44.99
2013-03-19,43.15,43.965,42.70,43.50,4600,43.50
2013-03-18,42.16,43.15,41.90,43.15,3800,43.15
2013-03-15,43.05,44.00,42.50,43.50,8100,43.50
2013-03-14,43.50,43.88,43.05,43.49,3500,43.49
2013-03-13,44.225,44.225,43.00,43.80,7900,43.80
2013-03-12,42.485,43.49,41.85,43.49,4700,43.49
2013-03-11,40.70,42.875,40.50,41.85,7600,41.85
2013-03-08,43.00,43.595,40.37,41.40,8400,41.40
2013-03-07,44.80,44.80,42.80,43.305,3300,43.305
2013-03-06,44.505,44.98,43.80,44.675,1700,44.675
2013-03-05,44.65,44.88,44.205,44.505,2000,44.505
2013-03-04,45.58,45.58,44.495,44.495,1800,44.495
2013-03-01,45.095,45.30,43.795,45.13,2600,45.13
2013-02-28,45.70,46.00,45.04,45.975,3400,45.975
2013-02-27,45.21,45.695,44.02,45.55,4100,45.55
2013-02-26,43.80,45.00,43.725,45.00,4100,45.00
2013-02-25,45.135,45.22,42.74,44.50,4100,44.50
2013-02-22,44.55,45.00,44.00,45.00,6900,45.00
2013-02-21,44.995,44.995,44.00,44.495,4900,44.495
2013-02-20,44.25,44.895,43.95,44.895,4200,44.895
2013-02-19,44.00,44.25,43.755,44.20,6800,44.20
2013-02-18,43.90,44.00,42.68,44.00,3400,44.00
2013-02-15,41.20,43.18,41.20,43.18,4600,43.18
2013-02-14,40.75,41.075,40.33,41.075,4000,41.075
2013-02-13,41.50,41.50,39.80,40.75,7500,40.75
2013-02-12,42.15,42.22,41.50,41.50,1800,41.50
2013-02-11,43.25,43.25,40.50,42.30,4100,42.30
2013-02-08,44.00,44.10,40.50,42.70,10800,42.70
2013-02-07,43.50,44.00,43.00,44.00,4400,44.00
2013-02-06,43.20,43.85,42.74,43.50,3500,43.50
2013-02-05,43.60,43.70,42.50,43.13,7600,43.13
2013-02-04,44.00,44.00,43.20,43.75,6000,43.75
2013-02-01,41.50,44.89,41.50,43.60,13800,43.60
2013-01-31,40.40,41.855,38.40,41.855,14200,41.855
2013-01-30,39.05,41.40,39.04,40.815,9800,40.815
2013-01-29,39.00,39.00,38.00,38.335,3900,38.335
2013-01-28,39.00,39.20,38.00,38.00,6300,38.00
2013-01-25,38.78,39.00,38.40,39.00,2500,39.00
2013-01-24,38.78,38.78,38.10,38.14,1400,38.14
2013-01-23,37.98,38.68,37.98,38.68,1400,38.68
2013-01-22,38.28,38.28,36.69,37.88,4500,37.88
2013-01-21,38.70,38.70,36.72,38.09,4600,38.09
2013-01-18,38.20,38.32,36.60,38.32,7600,38.32
2013-01-17,35.55,38.50,35.55,37.33,10800,37.33
2013-01-16,34.79,35.69,34.79,35.69,6200,35.69
2013-01-15,35.00,35.00,34.55,34.70,2600,34.70
2013-01-14,34.445,34.89,33.95,34.89,5100,34.89
2013-01-11,34.27,34.27,33.20,33.615,1500,33.615
2013-01-10,34.195,34.195,33.70,34.10,1200,34.10
2013-01-09,33.89,34.11,33.47,33.90,5200,33.90
2013-01-08,32.88,33.345,32.85,32.935,1800,32.935
2013-01-07,33.465,33.465,32.67,32.845,1600,32.845
2013-01-04,33.45,33.73,32.905,33.48,2600,33.48
2013-01-03,33.80,34.60,32.00,33.155,7100,33.155
2013-01-02,32.00,35.00,32.00,33.795,8800,33.795
2013-01-01,31.945,31.945,31.945,31.945,000,31.945
2012-12-31,31.945,31.945,31.945,31.945,000,31.945
2012-12-28,32.56,32.56,31.63,31.945,1400,31.945
2012-12-27,32.36,32.36,31.505,31.57,1600,31.57
2012-12-26,32.00,32.00,32.00,32.00,000,32.00
2012-12-25,32.00,32.00,32.00,32.00,000,32.00
2012-12-24,32.00,32.00,32.00,32.00,000,32.00
2012-12-21,32.20,32.55,32.00,32.00,4000,32.00
2012-12-20,33.24,33.33,32.235,32.255,3500,32.255
2012-12-19,34.54,34.54,32.715,33.46,6500,33.46
2012-12-18,34.745,34.745,33.63,34.57,500,34.57
2012-12-17,34.915,34.915,34.205,34.745,3800,34.745
2012-12-14,34.945,34.945,33.66,34.55,5900,34.55
2012-12-13,33.87,35.73,33.50,34.96,11400,34.96
2012-12-12,33.90,33.98,33.60,33.64,2100,33.64
2012-12-11,33.26,33.90,33.26,33.585,1400,33.585
2012-12-10,33.30,33.84,32.875,33.07,3100,33.07
2012-12-07,33.00,34.00,32.55,33.30,27900,33.30
2012-12-06,31.84,31.84,31.15,31.79,100,31.79
2012-12-05,31.045,31.875,31.045,31.40,500,31.40
2012-12-04,32.495,32.495,31.45,31.45,1000,31.45
2012-12-03,32.50,32.50,31.96,32.435,000,32.435
2012-11-30,32.50,32.685,31.85,32.685,1500,32.685
2012-11-29,32.00,32.40,31.83,32.40,2100,32.40
2012-11-28,31.15,31.83,30.68,31.83,2300,31.83
2012-11-27,31.50,31.58,30.40,31.00,4800,31.00
2012-11-26,31.00,31.75,30.925,31.22,2200,31.22
2012-11-23,31.06,32.94,31.06,31.645,5300,31.645
2012-11-22,29.90,31.775,29.89,31.00,5300,31.00
2012-11-21,29.94,30.985,29.42,29.42,1800,29.42
2012-11-20,30.88,30.88,29.425,29.73,2100,29.73
2012-11-19,29.85,30.67,29.85,30.635,1700,30.635
2012-11-16,30.78,30.78,29.20,29.295,3200,29.295
2012-11-15,30.99,31.10,30.30,30.84,2100,30.84
2012-11-14,31.635,31.635,31.39,31.40,100,31.40
2012-11-13,31.725,31.725,31.01,31.10,3200,31.10
2012-11-12,30.42,31.545,30.42,30.925,2500,30.925
2012-11-09,30.48,30.48,29.815,29.935,3800,29.935
2012-11-08,28.80,30.00,28.80,29.995,4700,29.995
2012-11-07,30.61,31.25,29.90,29.97,4100,29.97
2012-11-06,31.975,31.975,31.05,31.05,1800,31.05
2012-11-05,32.015,32.015,31.31,31.46,2100,31.46
2012-11-02,32.82,32.82,32.22,32.46,3200,32.46
2012-11-01,33.50,33.50,32.50,32.50,3000,32.50
2012-10-31,33.85,33.95,33.45,33.45,2600,33.45
2012-10-30,33.44,33.45,33.015,33.45,2200,33.45
2012-10-29,33.15,33.415,33.10,33.13,800,33.13
2012-10-26,33.35,33.45,32.50,33.415,2200,33.415
2012-10-25,32.40,33.36,31.335,33.36,4200,33.36
2012-10-24,32.98,32.98,31.20,32.40,2300,32.40
2012-10-23,33.28,33.28,31.805,32.515,2700,32.515
2012-10-22,34.50,34.50,32.355,33.245,13900,33.245
2012-10-19,30.60,31.30,30.60,31.015,2700,31.015
2012-10-18,29.68,31.78,29.68,30.35,8700,30.35
2012-10-17,30.39,30.825,29.40,30.27,12100,30.27
2012-10-16,32.00,32.00,30.67,30.95,16800,30.95
2012-10-15,34.38,34.38,33.10,33.125,2000,33.125
2012-10-12,34.395,34.395,33.67,33.67,3700,33.67
2012-10-11,34.15,34.435,34.00,34.39,1600,34.39
2012-10-10,34.45,34.65,34.205,34.27,1000,34.27
2012-10-09,34.64,34.64,34.18,34.60,3100,34.60
2012-10-08,33.99,34.645,33.94,34.18,4800,34.18
2012-10-05,33.89,34.445,33.85,33.89,10500,33.89
2012-10-04,32.80,34.05,32.69,33.37,16600,33.37
2012-10-03,31.98,32.785,31.98,32.40,2000,32.40
2012-10-02,31.98,31.98,31.76,31.895,1300,31.895
2012-10-01,32.19,32.19,31.50,31.515,1300,31.515
2012-09-28,32.21,32.64,31.80,32.39,3600,32.39
2012-09-27,32.75,32.80,31.895,32.23,2200,32.23
2012-09-26,33.19,33.19,31.82,32.275,6000,32.275
2012-09-25,33.545,33.795,33.015,33.035,1700,33.035
2012-09-24,34.89,34.89,33.405,34.00,6000,34.00
2012-09-21,34.95,34.95,33.305,34.575,5900,34.575
2012-09-20,35.88,35.88,33.64,34.89,5700,34.89
2012-09-19,36.21,36.21,32.61,35.20,18300,35.20
2012-09-18,33.90,36.20,33.00,36.20,9800,36.20
2012-09-17,32.32,33.80,32.00,32.99,11800,32.99
2012-09-14,31.45,31.745,30.595,31.01,7800,31.01
2012-09-13,30.00,30.435,29.505,29.80,3200,29.80
2012-09-12,29.35,29.97,28.90,29.97,7300,29.97
2012-09-11,29.35,29.35,28.835,29.02,2200,29.02
2012-09-10,29.11,29.80,29.075,29.35,4100,29.35
2012-09-07,27.62,29.50,27.62,29.29,7300,29.29
2012-09-06,28.095,28.35,27.635,28.29,1800,28.29
2012-09-05,27.08,28.33,27.08,28.33,7800,28.33
2012-09-04,26.80,26.895,25.26,26.85,27100,26.85
2012-09-03,24.65,26.60,24.65,26.50,3400,26.50
2012-08-31,25.34,25.34,24.79,24.79,1400,24.79
2012-08-30,25.00,25.20,24.75,25.20,1300,25.20
2012-08-29,25.095,25.465,24.00,24.95,3500,24.95
2012-08-28,25.80,25.80,24.67,25.10,7000,25.10
2012-08-27,25.79,25.79,25.35,25.79,2100,25.79
2012-08-24,25.645,25.745,25.51,25.705,10600,25.705
2012-08-23,25.60,25.625,25.46,25.625,1800,25.625
2012-08-22,26.395,26.395,24.50,25.60,7200,25.60
2012-08-21,26.90,26.90,26.20,26.30,9500,26.30
2012-08-20,27.00,27.43,26.49,26.75,12700,26.75
2012-08-17,27.995,28.00,26.18,26.49,2700,26.49
2012-08-16,27.38,27.50,27.16,27.39,2400,27.39
2012-08-15,27.00,27.25,27.00,27.25,1700,27.25
2012-08-14,26.76,27.00,26.76,27.00,1200,27.00
2012-08-13,26.35,26.76,26.28,26.76,1700,26.76
2012-08-10,26.50,26.50,26.38,26.38,000,26.38
2012-08-09,26.395,26.40,26.00,26.00,600,26.00
2012-08-08,26.51,26.88,26.30,26.40,3400,26.40
2012-08-07,25.75,26.78,25.56,26.78,4000,26.78
2012-08-06,25.44,25.80,25.44,25.80,3000,25.80
2012-08-03,26.08,26.08,25.04,25.04,1800,25.04
2012-08-02,25.91,26.755,25.53,25.795,3600,25.795
2012-08-01,26.06,26.845,25.91,25.91,3100,25.91
2012-07-31,26.25,27.49,26.00,26.985,3500,26.985
2012-07-30,26.00,27.82,26.00,26.50,2500,26.50
2012-07-27,26.70,27.99,26.70,26.99,5100,26.99
2012-07-26,28.30,28.30,26.20,26.79,6400,26.79
2012-07-25,29.25,29.25,28.30,28.30,300,28.30
2012-07-24,29.185,29.235,28.99,29.235,1000,29.235
2012-07-23,30.00,30.33,28.35,28.55,4400,28.55
2012-07-20,30.33,30.33,29.55,29.55,7200,29.55
2012-07-19,29.495,30.33,28.51,30.00,4600,30.00
2012-07-18,31.495,31.495,29.00,29.01,1700,29.01
2012-07-17,30.80,31.895,30.775,31.045,700,31.045
2012-07-16,31.005,31.695,30.80,30.80,6400,30.80
2012-07-13,31.70,31.99,30.80,31.70,2800,31.70
2012-07-12,30.00,32.00,30.00,30.725,6200,30.725
2012-07-11,28.505,29.95,28.505,29.50,1400,29.50
2012-07-10,27.50,29.30,27.50,28.75,1800,28.75
2012-07-09,27.60,27.81,27.265,27.265,200,27.265
2012-07-06,29.20,29.365,27.68,27.68,3300,27.68
2012-07-05,28.00,29.30,28.00,29.30,17300,29.30
2012-07-04,26.80,28.33,26.80,27.90,5300,27.90
2012-07-03,26.20,26.56,25.995,26.56,6400,26.56
2012-07-02,26.30,26.30,25.30,26.19,3900,26.19
2012-06-29,25.02,26.27,25.00,25.80,34200,25.80
2012-06-28,25.10,26.255,23.02,24.995,18600,24.995
2012-06-27,27.04,27.595,24.80,25.49,7000,25.49
2012-06-26,27.395,28.00,27.395,27.80,1400,27.80
2012-06-25,29.00,29.00,27.12,27.30,2700,27.30
2012-06-22,29.10,30.50,28.40,29.095,5800,29.095
2012-06-21,30.00,30.70,29.00,29.50,7400,29.50
2012-06-20,29.80,30.89,29.80,29.995,2400,29.995
2012-06-19,30.00,30.50,30.00,30.00,200,30.00
2012-06-18,30.15,30.80,30.00,30.00,1300,30.00
2012-06-15,30.555,30.555,29.85,29.85,4600,29.85
2012-06-14,30.24,30.70,29.90,29.90,1400,29.90
2012-06-13,30.40,30.60,29.64,29.64,1700,29.64
2012-06-12,30.00,31.00,29.61,30.25,5800,30.25
2012-06-11,32.135,33.82,30.50,31.50,500,31.50
2012-06-08,30.75,31.75,30.50,31.75,7300,31.75
2012-06-07,31.90,31.93,30.50,30.50,3900,30.50
2012-06-06,32.995,33.00,31.42,31.42,3300,31.42
2012-06-05,33.50,33.50,32.655,32.655,700,32.655
2012-06-04,33.495,33.50,32.00,33.185,2900,33.185
2012-06-01,34.40,34.40,33.50,33.66,900,33.66
2012-05-31,34.00,34.10,33.50,34.10,1300,34.10
2012-05-30,33.09,34.00,33.09,33.50,2000,33.50
2012-05-29,35.545,35.545,33.10,33.77,5000,33.77
2012-05-28,35.60,35.60,34.505,35.55,000,35.55
2012-05-25,34.95,35.595,34.95,34.95,300,34.95
2012-05-24,35.365,35.365,34.805,35.33,300,35.33
2012-05-23,35.90,35.90,34.145,34.63,2000,34.63
2012-05-22,36.41,37.595,36.00,36.39,2600,36.39
2012-05-21,35.605,36.225,35.45,36.14,2100,36.14
2012-05-18,35.35,35.695,35.03,35.03,600,35.03
2012-05-17,35.755,36.35,35.35,35.35,900,35.35
2012-05-16,36.00,37.56,35.51,36.48,2400,36.48
2012-05-15,36.05,36.05,35.505,36.00,500,36.00
2012-05-14,37.00,37.695,35.50,35.50,1300,35.50
2012-05-11,37.00,37.50,37.00,37.00,1000,37.00
2012-05-10,38.00,38.00,37.00,37.00,500,37.00
2012-05-09,36.865,37.955,35.50,37.00,6800,37.00
2012-05-08,37.70,38.00,36.565,37.595,1300,37.595
2012-05-07,36.44,38.00,36.44,37.77,100,37.77
2012-05-04,34.675,37.56,34.675,37.44,7400,37.44
2012-05-03,36.64,37.00,34.51,35.02,6800,35.02
2012-05-02,37.75,37.995,37.00,37.00,1400,37.00
2012-05-01,37.75,37.75,37.75,37.75,000,37.75
2012-04-30,37.01,37.75,37.01,37.75,3000,37.75
2012-04-27,36.53,37.50,36.53,37.50,800,37.50
2012-04-26,37.75,37.75,36.51,37.40,1200,37.40
2012-04-25,37.97,38.91,37.33,37.805,400,37.805
2012-04-24,36.70,37.975,36.68,37.975,2200,37.975
2012-04-23,38.52,38.52,35.51,36.475,7200,36.475
2012-04-20,39.00,39.55,37.90,39.54,5500,39.54
2012-04-19,38.985,38.99,38.20,38.935,400,38.935
2012-04-18,39.52,40.14,37.68,38.37,3300,38.37
2012-04-17,38.56,39.80,38.50,39.80,3200,39.80
2012-04-16,43.04,43.04,39.20,39.20,6000,39.20
2012-04-13,41.95,42.87,41.605,42.50,14400,42.50
2012-04-12,39.50,41.79,39.50,41.355,10300,41.355
2012-04-11,37.50,39.50,37.50,39.00,7500,39.00
2012-04-10,37.805,38.00,37.50,38.00,1200,38.00
2012-04-09,38.20,38.20,38.20,38.20,000,38.20
2012-04-06,38.20,38.20,38.20,38.20,000,38.20
2012-04-05,39.085,39.085,37.385,38.20,5600,38.20
2012-04-04,38.48,39.245,37.355,38.50,9500,38.50
2012-04-03,39.99,39.99,37.10,37.20,25700,37.20
2012-04-02,41.50,41.98,38.30,39.89,19200,39.89
2012-03-30,47.95,47.95,41.65,41.65,18800,41.65
2012-03-29,44.90,48.975,43.00,48.975,8300,48.975
2012-03-28,44.60,44.80,43.60,44.80,5600,44.80
2012-03-27,41.97,44.29,41.97,44.29,3000,44.29
2012-03-26,41.05,41.80,41.05,41.80,1700,41.80
2012-03-23,41.08,41.35,40.77,41.05,2400,41.05
2012-03-22,41.53,41.785,41.00,41.60,2000,41.60
2012-03-21,40.94,41.35,40.50,40.705,5200,40.705
2012-03-20,41.45,41.45,39.75,40.345,3300,40.345
2012-03-19,42.00,42.00,40.835,41.00,2000,41.00
2012-03-16,41.30,42.05,41.30,42.00,1600,42.00
2012-03-15,40.50,42.05,40.50,41.97,2200,41.97
2012-03-14,40.005,40.90,39.69,40.50,5500,40.50
2012-03-13,40.50,40.585,40.02,40.135,5900,40.135
2012-03-12,42.00,42.00,40.00,40.40,6600,40.40
2012-03-09,42.23,42.55,42.17,42.40,6900,42.40
2012-03-08,42.50,42.725,41.60,41.60,5700,41.60
2012-03-07,41.45,42.435,41.45,42.00,4000,42.00
2012-03-06,41.00,41.45,40.91,41.45,10500,41.45
2012-03-05,41.00,41.205,40.42,41.00,5400,41.00
2012-03-02,40.105,41.21,40.105,41.21,2100,41.21
2012-03-01,40.50,40.50,40.00,40.22,1800,40.22
2012-02-29,40.10,40.90,39.90,40.00,3600,40.00
2012-02-28,40.205,41.055,39.86,40.10,3400,40.10
2012-02-27,40.20,41.93,40.19,40.19,6800,40.19
2012-02-24,41.99,41.99,40.19,40.19,900,40.19
2012-02-23,41.38,41.99,41.20,41.31,1700,41.31
2012-02-22,41.91,42.00,40.12,42.00,4600,42.00
2012-02-21,42.315,42.61,41.62,42.61,2300,42.61
2012-02-20,42.34,43.37,41.66,42.755,2000,42.755
2012-02-17,42.505,44.00,42.055,43.10,3800,43.10
2012-02-16,43.70,43.805,40.71,41.50,8500,41.50
2012-02-15,43.74,44.50,43.255,44.50,4400,44.50
2012-02-14,42.70,44.50,42.70,43.565,4100,43.565
2012-02-13,44.20,45.745,42.40,42.405,3100,42.405
2012-02-10,45.13,46.21,42.00,43.025,4700,43.025
2012-02-09,47.00,47.00,44.00,45.445,17200,45.445
2012-02-08,42.00,46.90,42.00,46.50,16000,46.50
2012-02-07,40.27,43.13,40.27,42.75,8800,42.75
2012-02-06,39.85,41.00,39.85,40.70,6400,40.70
2012-02-03,40.32,40.995,39.72,40.15,7600,40.15
2012-02-02,38.00,41.00,38.00,40.32,11000,40.32
2012-02-01,37.10,39.485,37.095,38.24,9000,38.24
2012-01-31,34.50,37.48,34.00,37.10,26000,37.10
2012-01-30,35.13,35.30,31.00,34.00,34200,34.00
2012-01-27,35.25,36.19,35.25,35.50,3200,35.50
2012-01-26,35.30,36.26,35.10,35.98,8200,35.98
2012-01-25,37.70,38.495,34.00,35.00,10100,35.00
2012-01-24,38.00,38.575,38.00,38.05,10000,38.05
2012-01-23,38.00,38.495,37.60,38.195,9400,38.195
2012-01-20,38.90,39.91,38.505,38.90,11500,38.90
2012-01-19,38.55,40.495,38.505,39.44,15800,39.44
2012-01-18,40.49,40.49,38.70,38.70,5400,38.70
2012-01-17,39.64,40.99,38.505,40.40,6800,40.40
2012-01-16,37.60,39.00,37.60,38.995,3700,38.995
2012-01-13,38.005,38.60,37.18,38.00,3700,38.00
2012-01-12,39.00,39.13,38.00,38.505,2400,38.505
2012-01-11,39.40,40.00,39.00,39.80,3500,39.80
2012-01-10,38.00,39.80,36.00,39.80,26700,39.80
2012-01-09,41.20,41.20,35.52,38.50,21500,38.50
2012-01-06,43.00,43.00,40.40,40.55,6200,40.55
2012-01-05,43.75,43.75,42.005,42.005,1800,42.005
2012-01-04,45.80,46.00,43.005,43.005,4000,43.005
2012-01-03,45.995,46.00,44.805,45.85,1600,45.85
2012-01-02,43.62,46.005,42.60,45.115,3400,45.115
2011-12-30,42.535,43.10,40.55,43.10,1300,43.10
2011-12-29,42.00,42.865,40.77,42.865,4300,42.865
2011-12-28,42.60,42.95,42.00,42.00,2400,42.00
2011-12-27,43.00,43.225,40.12,42.945,3000,42.945
2011-12-26,42.55,42.55,42.55,42.55,000,42.55
2011-12-23,41.52,42.995,41.495,42.55,5800,42.55
2011-12-22,45.40,45.745,40.005,41.005,8600,41.005
2011-12-21,44.00,45.09,43.905,45.09,2300,45.09
2011-12-20,43.50,45.00,43.00,44.38,2900,44.38
2011-12-19,44.945,44.945,43.14,43.21,2600,43.21
2011-12-16,45.10,45.10,42.63,44.87,6300,44.87
2011-12-15,47.40,47.415,43.10,45.06,10000,45.06
2011-12-14,48.00,48.01,47.51,47.51,1500,47.51
2011-12-13,47.50,48.515,47.50,48.20,2700,48.20
2011-12-12,48.50,48.875,47.755,48.00,1100,48.00
2011-12-09,48.05,49.465,48.03,48.51,1000,48.51
2011-12-08,50.00,51.00,48.005,49.01,3300,49.01
2011-12-07,49.055,53.50,49.055,49.50,3100,49.50
2011-12-06,50.15,50.15,47.03,47.94,3400,47.94
2011-12-05,49.51,50.95,49.40,50.40,2100,50.40
2011-12-02,53.57,55.13,49.65,49.65,7500,49.65
2011-12-01,56.30,56.30,51.51,52.22,5300,52.22
2011-11-30,50.99,57.34,48.545,57.34,5000,57.34
2011-11-29,50.55,51.02,48.00,51.02,8700,51.02
2011-11-28,47.265,49.335,46.975,49.335,4800,49.335
2011-11-25,49.50,49.50,45.01,47.97,4000,47.97
2011-11-24,48.7039,48.7039,47.2896,48.4616,4000,48.4616
2011-11-23,47.7248,49.1539,46.5083,47.8929,5200,47.8929
2011-11-22,45.4847,47.9275,44.5253,46.4836,11300,46.4836
2011-11-21,47.4726,47.4726,44.1297,44.5055,13200,44.5055
2011-11-18,52.6253,52.6253,47.5715,47.8187,19800,47.8187
2011-11-17,58.7473,58.9748,53.8023,54.0001,7600,54.0001
2011-11-16,56.3638,60.3297,56.1858,57.8572,7800,57.8572
2011-11-15,62.6935,62.7924,56.1166,57.1748,8800,57.1748
2011-11-14,66.2539,66.7484,62.288,63.1286,5500,63.1286
2011-11-11,62.5649,63.5638,61.3187,62.6539,1300,62.6539
2011-11-10,60.4286,62.9308,59.8451,61.1704,2600,61.1704
2011-11-09,64.2858,68.2418,64.2858,65.2748,11400,65.2748
2011-11-08,60.6759,63.7913,60.6264,63.7913,4600,63.7913
2011-11-07,61.3187,61.8133,60.399,61.3187,2900,61.3187
2011-11-04,61.1308,61.6649,60.0034,61.1308,5800,61.1308
2011-11-03,58.3616,60.3297,58.3616,60.1121,6600,60.1121
2011-11-02,58.3517,59.5682,58.3517,58.8561,3200,58.8561
2011-11-01,58.3517,58.9352,57.8572,57.8572,3800,57.8572
2011-10-31,58.9451,62.0902,55.1671,59.1924,6900,59.1924
2011-10-28,59.5385,60.399,59.3506,60.0726,4400,60.0726
2011-10-27,56.4132,63.2078,56.4132,60.3297,17100,60.3297
2011-10-26,54.6528,56.4231,54.277,56.3737,5900,56.3737
2011-10-25,51.8143,55.4836,51.6858,55.4836,7700,55.4836
2011-10-24,51.9924,53.2583,50.4001,53.2583,10900,53.2583
2011-10-21,49.0451,52.0121,48.2044,51.4484,8300,51.4484
2011-10-20,51.4286,51.4286,49.1638,50.0045,8700,50.0045
2011-10-19,47.522,51.4286,46.716,51.4286,16000,51.4286
2011-10-18,46.4836,47.522,46.4836,47.522,3200,47.522
2011-10-17,47.1264,47.3341,46.5973,47.3341,600,47.3341
2011-10-14,47.4726,48.1599,45.7962,47.4726,2000,47.4726
2011-10-13,47.9671,48.511,46.9978,48.511,2500,48.511
2011-10-12,47.5023,48.2638,47.3242,48.2638,5000,48.2638
2011-10-11,47.8731,47.8731,46.4836,46.4836,000,46.4836
2011-10-10,46.6913,47.9671,45.5045,47.0522,4000,47.0522
2011-10-07,46.9781,46.9781,44.5303,45.727,2700,45.727
2011-10-06,42.4435,46.7308,42.4435,46.7308,25300,46.7308
2011-10-05,41.044,43.5165,40.5495,43.5165,5600,43.5165
2011-10-04,42.5275,42.7698,39.9709,40.5495,12300,40.5495
2011-10-03,42.5275,46.4836,42.033,45.00,19900,45.00
2011-09-30,46.4836,46.4836,44.1099,44.2781,11100,44.2781
2011-09-29,47.8286,47.8286,46.4885,47.4726,600,47.4726
2011-09-28,48.4121,48.511,47.9671,47.9671,1600,47.9671
2011-09-27,46.4885,49.3913,46.4836,48.5605,6400,48.5605
2011-09-26,49.4407,49.4407,47.4775,48.4616,8400,48.4616
2011-09-23,49.4506,49.50,47.4726,49.4506,32900,49.4506
2011-09-22,49.50,49.9352,48.9561,49.149,2600,49.149
2011-09-21,51.1814,51.1814,49.50,50.6869,5000,50.6869
2011-09-20,50.1231,51.4187,49.6484,51.1814,9200,51.1814
2011-09-19,49.9451,50.2715,48.7088,50.2715,4700,50.2715
2011-09-16,50.3902,50.4396,49.4506,50.4396,6700,50.4396
2011-09-15,49.5495,50.4198,48.961,50.2814,4800,50.2814
2011-09-14,49.4506,50.4396,47.972,49.7473,4600,49.7473
2011-09-13,47.6209,49.8462,47.6209,49.8462,3700,49.8462
2011-09-12,47.4726,48.6446,46.8792,48.1501,2300,48.1501
2011-09-09,50.8946,51.8737,48.4616,49.4506,3800,49.4506
2011-09-08,52.3187,52.3187,48.4764,50.1429,2100,50.1429
2011-09-07,48.4566,51.6462,47.6654,51.6462,3500,51.6462
2011-09-06,47.2451,49.0896,46.2363,48.2143,10500,48.2143
2011-09-05,47.4726,48.9561,43.6154,47.4429,16800,47.4429
2011-09-02,50.6374,51.0825,45.8456,49.4506,12300,49.4506
2011-09-01,52.9122,52.9122,51.1715,51.7946,7300,51.7946
2011-08-31,52.4176,53.11,52.1704,53.0605,6000,53.0605
2011-08-30,52.9319,53.3869,51.8539,51.8638,4200,51.8638
2011-08-29,52.9122,52.9319,51.4286,52.9122,2400,52.9122
2011-08-26,50.1429,51.4286,50.1429,50.2814,3700,50.2814
2011-08-25,49.5594,52.8033,49.5594,50.5484,5800,50.5484
2011-08-24,49.8957,50.7165,48.9561,49.4506,4100,49.4506
2011-08-23,50.5484,50.8847,48.1154,49.50,24200,49.50
2011-08-22,49.4506,49.7671,48.9561,49.7077,6900,49.7077
2011-08-19,50.9341,50.9341,48.511,50.4396,27700,50.4396
2011-08-18,53.4165,54.1286,49.4902,51.4286,6700,51.4286
2011-08-17,53.5352,54.3858,52.5264,53.6045,1500,53.6045
2011-08-16,54.1484,54.3858,51.9231,54.3858,5000,54.3858
2011-08-15,53.6045,54.3957,53.4067,54.3957,5400,54.3957
2011-08-12,49.9451,51.9132,49.4704,51.9132,4600,51.9132
2011-08-11,49.4506,51.3297,48.9561,49.5495,4100,49.5495
2011-08-10,53.3078,53.3078,49.4506,49.8165,12700,49.8165
2011-08-09,46.8792,52.1209,46.6814,49.4902,24800,49.4902
2011-08-08,49.9946,51.6264,48.4616,48.7088,18100,48.7088
2011-08-05,51.4286,53.8616,48.8176,51.4286,23700,51.4286
2011-08-04,56.8682,59.3308,55.3748,55.3847,18900,55.3847
2011-08-03,55.3847,57.3627,54.722,57.333,12000,57.333
2011-08-02,57.0957,58.1836,55.7209,56.9275,7200,56.9275
2011-08-01,60.9924,60.9924,55.0682,56.0176,16000,56.0176
2011-07-29,57.8572,59.3407,55.8792,59.3407,7900,59.3407
2011-07-28,51.4286,59.3407,50.6869,58.2528,17000,58.2528
2011-07-27,55.3847,55.8297,49.3517,53.2286,21300,53.2286
2011-07-26,57.8671,59.3012,54.8407,55.088,15700,55.088
2011-07-25,58.6583,62.8023,55.3946,58.6188,18800,58.6188
2011-07-22,62.8023,63.8506,59.3407,62.3078,17400,62.3078
2011-07-21,58.9352,64.2858,58.6089,63.099,34400,63.099
2011-07-20,57.3231,64.2858,57.3231,59.3407,30900,59.3407
2011-07-19,54.8902,58.2528,54.3957,57.0165,18800,57.0165
2011-07-18,53.4067,57.8572,53.4067,55.3847,13000,55.3847
2011-07-15,106.8134,106.8134,103.3518,105.0826,10200,52.5413
2011-07-14,103.4506,107.0112,101.8682,104.8352,9700,52.4176
2011-07-13,106.7638,106.7638,100.6814,101.2254,5800,50.6127
2011-07-12,103.8462,104.8848,100.2858,104.8848,5400,52.4424
2011-07-11,108.099,108.099,101.3738,105.3298,12000,52.6649
2011-07-08,101.3242,109.5826,100.8792,108.7914,31500,54.3957
2011-07-07,97.2892,102.8572,97.2892,102.8572,18700,51.4286
2011-07-06,93.9462,97.8628,93.9462,97.8628,12300,48.9314
2011-07-05,93.1154,94.5892,87.2506,93.7584,9300,46.8792
2011-07-04,92.8682,94.0946,92.4726,92.9672,1400,46.4836
2011-07-01,97.655,98.298,87.033,92.9672,5500,46.4836
2011-06-30,94.8858,96.9232,93.9264,96.4286,25700,48.2143
2011-06-29,87.5276,94.3022,87.0232,92.9672,11100,46.4836
2011-06-28,83.5716,87.9924,82.5824,87.5276,15200,43.7638
2011-06-27,90.9892,90.9892,83.522,83.522,18100,41.761
2011-06-24,96.6066,96.6066,89.0308,90.643,14200,45.3215
2011-06-23,97.9122,97.9122,95.6672,96.6066,1500,48.3033
2011-06-22,98.6044,98.6044,96.8242,97.9122,3000,48.9561
2011-06-21,98.9012,99.3958,95.588,97.0122,31500,48.5061
2011-06-20,98.9012,99.5936,94.4012,98.8122,6500,49.4061
2011-06-17,96.9232,101.4232,93.9562,100.8792,8200,50.4396
2011-06-16,99.8902,99.8902,93.9562,99.8902,8300,49.9451
2011-06-15,96.9132,100.3848,94.3518,100.3848,21000,50.1924
2011-06-14,97.9022,97.9122,95.9342,97.9122,4800,48.9561
2011-06-13,94.9452,97.7342,94.9452,97.7342,1800,48.8671
2011-06-10,96.4286,96.4286,93.9562,96.0826,6400,48.0413
2011-06-09,91.4934,95.9738,91.4934,95.9738,6200,47.9869
2011-06-08,89.011,94.9452,88.022,94.9452,11500,47.4726
2011-06-07,93.2638,93.2638,88.2002,89.11,31000,44.555
2011-06-06,94.9452,95.9144,92.4826,93.4616,4500,46.7308
2011-06-03,94.4506,96.9232,91.81,95.9836,6800,47.9918
2011-06-02,96.8738,96.8738,93.9462,95.9342,6000,47.9671
2011-06-01,91.711,96.8836,91.711,96.8836,37400,48.4418
2011-05-31,90.9792,94.055,90.4946,94.055,40200,47.0275
2011-05-30,91.3946,91.3946,89.011,89.011,900,44.5055
2011-05-27,86.1034,91.6518,86.1034,91.6518,5000,45.8259
2011-05-26,92.2254,92.2254,84.0858,86.143,28400,43.0715
2011-05-25,91.9782,93.4518,90.7814,91.1374,5900,45.5687
2011-05-24,92.0276,92.9474,90.0396,91.9782,8100,45.9891
2011-05-23,89.011,91.6912,89.011,90.9892,15600,45.4946
2011-05-20,89.1594,90.099,87.5176,89.565,9200,44.7825
2011-05-19,86.1232,88.6748,82.088,87.4484,9900,43.7242
2011-05-18,78.5276,84.7584,78.5276,83.2946,12300,41.6473
2011-05-17,82.098,82.454,77.143,78.6858,18600,39.3429
2011-05-16,82.088,84.066,82.088,82.088,23400,41.044
2011-05-13,86.5386,89.2088,81.1584,84.5606,73800,42.2803
2011-05-12,88.8628,88.8628,84.4616,87.9232,16300,43.9616
2011-05-11,90.9892,92.4528,89.011,90.6924,7000,45.3462
2011-05-10,89.8022,94.4506,89.8022,90.01,10000,45.005
2011-05-09,95.9342,95.9342,90.00,91.0484,5100,45.5242
2011-05-06,93.3232,96.2506,90.3068,94.3814,9700,47.1907
2011-05-05,95.5386,96.6364,93.966,94.4704,4500,47.2352
2011-05-04,95.954,97.9122,95.5386,95.5386,3700,47.7693
2011-05-03,97.576,98.7034,95.8352,97.9122,5700,48.9561
2011-05-02,99.8902,99.8902,95.2418,98.9012,6900,49.4506
2011-04-29,99.3958,101.1264,87.5276,99.3958,26800,49.6979
2011-04-28,100.8792,102.8572,96.5176,98.9012,53400,49.4506
2011-04-27,99.8902,106.8134,93.8474,102.066,39100,51.033
2011-04-26,88.022,100.8792,88.022,100.8792,61600,50.4396
2011-04-21,84.3528,88.111,84.076,87.7154,15300,43.8577
2011-04-20,80.2088,84.4616,80.11,84.3628,14000,42.1814
2011-04-19,80.11,80.11,77.9342,79.5562,8200,39.7781
2011-04-18,82.1868,82.2958,74.4232,80.6044,19300,40.3022
2011-04-15,81.455,81.5934,80.6044,81.5836,3200,40.7918
2011-04-14,81.0298,82.0484,80.3078,80.3078,9500,40.1539
2011-04-13,84.066,84.4518,80.832,81.0892,13900,40.5446
2011-04-12,79.3286,84.5606,78.6562,84.4616,24700,42.2308
2011-04-11,83.077,83.077,81.099,81.5934,7100,40.7967
2011-04-08,81.5934,82.6022,80.11,81.099,8800,40.5495
2011-04-07,82.5824,82.5824,82.088,82.5824,4500,41.2912
2011-04-06,82.988,84.066,81.91,82.9782,22900,41.4891
2011-04-05,82.088,82.9782,76.154,82.9782,16800,41.4891
2011-04-04,83.7694,85.5496,82.098,83.5914,4900,41.7957
2011-04-01,88.0518,88.3188,84.5606,84.5704,17600,42.2852
2011-03-31,80.8122,90.465,80.8122,90.3858,5700,45.1929
2011-03-30,76.154,83.077,76.154,80.6242,7800,40.3121
2011-03-29,74.5716,75.9858,72.5242,75.9462,1800,37.9731
2011-03-28,71.0012,74.0968,69.5176,72.6628,7400,36.3314
2011-03-25,70.9518,71.9308,68.865,69.2308,6900,34.6154
2011-03-24,71.2088,72.6924,66.9264,69.2308,15200,34.6154
2011-03-23,71.2088,71.2088,69.7352,70.9122,8000,35.4561
2011-03-22,73.1276,76.154,69.2408,69.2408,6600,34.6204
2011-03-21,69.3496,74.2154,69.2308,74.166,10000,37.083
2011-03-18,70.2198,70.2198,68.9738,69.2308,37100,34.6154
2011-03-17,70.8132,70.8132,68.2616,68.8352,3800,34.4176
2011-03-16,69.1616,69.2308,68.222,68.2418,7700,34.1209
2011-03-15,64.8792,68.2418,64.2858,68.2418,12900,34.1209
2011-03-14,67.2528,69.211,66.2242,67.2528,3900,33.6264
2011-03-11,65.7694,68.2418,65.2748,68.2418,10400,34.1209
2011-03-10,70.8132,70.8132,65.5912,66.8672,5900,33.4336
2011-03-09,70.477,71.832,70.111,71.2088,14100,35.6044
2011-03-08,66.3628,69.4484,65.7694,69.4484,6100,34.7242
2011-03-07,63.00,66.3034,62.3276,65.8188,4000,32.9094
2011-03-04,61.9122,63.2968,61.9122,63.2968,3400,31.6484
2011-03-03,62.3078,62.3176,61.3188,61.3188,1100,30.6594
2011-03-02,61.3188,62.7626,61.3088,62.3078,8100,31.1539
2011-03-01,62.555,63.099,61.3188,62.3078,5100,31.1539
2011-02-28,61.8132,62.4758,61.2692,62.4758,15200,31.2379
2011-02-25,61.3188,62.7034,61.0714,61.8132,10000,30.9066
2011-02-24,60.6166,62.6242,60.3298,61.8132,21500,30.9066
2011-02-23,60.31,60.6166,59.3902,60.6166,2900,30.3083
2011-02-22,60.3298,61.3188,59.8352,59.8452,4100,29.9226
2011-02-21,61.3188,61.3188,60.399,61.3188,4400,30.6594
2011-02-18,61.7144,61.744,60.9232,61.299,7100,30.6495
2011-02-17,61.3188,61.8132,60.4286,61.7144,6700,30.8572
2011-02-16,62.0606,62.0606,60.5176,61.8132,16200,30.9066
2011-02-15,62.4562,62.4562,61.8132,62.3078,5400,31.1539
2011-02-14,63.2968,63.7912,61.6154,61.6154,22700,30.8077
2011-02-11,62.3078,63.1484,61.4078,62.5056,5800,31.2528
2011-02-10,63.2968,63.2968,62.2584,62.2584,1900,31.1292
2011-02-09,62.5648,63.7912,62.4562,63.2968,5700,31.6484
2011-02-08,63.2968,63.6528,62.3276,63.2968,4400,31.6484
2011-02-07,62.189,63.7912,62.1792,62.4066,13200,31.2033
2011-02-04,60.9132,62.278,60.8736,61.3286,2200,30.6643
2011-02-03,60.3198,60.3298,59.41,59.6176,1000,29.8088
2011-02-02,60.3298,60.3298,59.3506,60.3298,800,30.1649
2011-02-01,60.3298,60.3396,59.3606,59.40,4300,29.70
2011-01-31,60.3298,60.3298,59.3902,59.3902,3600,29.6951
2011-01-28,56.4034,60.3298,56.4034,60.3298,10100,30.1649
2011-01-27,60.3298,60.3396,53.4066,56.3736,16500,28.1868
2011-01-26,59.6474,60.3298,59.6474,59.8352,1300,29.9176
2011-01-25,59.3408,61.022,58.1736,58.1736,16900,29.0868
2011-01-24,60.0824,62.3078,59.3408,59.3408,7700,29.6704
2011-01-21,60.577,61.6352,60.3298,60.3298,2500,30.1649
2011-01-20,62.3078,62.9408,60.5868,60.5968,5400,30.2984
2011-01-19,63.2968,63.544,62.0704,62.0902,1000,31.0451
2011-01-18,62.8616,63.7814,62.4758,63.2968,2600,31.6484
2011-01-17,62.2682,62.8912,61.7638,62.8912,7200,31.4456
2011-01-14,59.321,62.8022,59.321,61.3978,7500,30.6989
2011-01-13,58.3518,58.856,57.6594,58.856,6200,29.428
2011-01-12,57.5506,58.599,57.3034,58.3518,21500,29.1759
2011-01-11,56.3836,57.8572,56.3736,57.4616,9900,28.7308
2011-01-10,57.2144,57.8572,54.3956,57.8572,6300,28.9286
2011-01-07,58.4506,58.4506,57.2638,58.0056,2600,29.0028
2011-01-06,58.3518,59.3408,58.1242,58.3518,15400,29.1759
2011-01-05,57.3628,58.8462,57.3132,58.8462,1900,29.4231
2011-01-04,55.4836,59.3308,55.4836,56.3736,4400,28.1868
2011-01-03,53.0606,55.3846,53.0606,55.3846,7600,27.6923
2010-12-30,53.6044,53.6044,52.4176,53.0606,4900,26.5303
2010-12-29,53.4066,53.4066,52.744,53.4066,3700,26.7033
2010-12-28,52.9122,53.8022,52.1308,53.3868,41100,26.6934
2010-12-27,52.4176,52.9516,51.5572,52.4176,900,26.2088
2010-12-23,52.9122,52.9122,51.933,52.4176,10200,26.2088
2010-12-22,52.9122,52.9122,52.4078,52.9122,4100,26.4561
2010-12-21,54.3264,54.3264,53.021,53.2088,4900,26.6044
2010-12-20,53.8814,53.8814,52.4176,53.4066,5200,26.7033
2010-12-17,53.4066,54.2968,53.4066,53.8912,10700,26.9456
2010-12-16,51.4188,53.7232,51.3298,53.4066,5300,26.7033
2010-12-15,50.578,51.9132,49.2034,51.4188,18100,25.7094
2010-12-14,53.3374,53.3374,51.4188,52.4176,12000,26.2088
2010-12-13,51.4286,52.5364,51.4286,52.5364,11300,26.2682
2010-12-10,51.4286,51.4286,50.6474,50.6474,300,25.3237
2010-12-09,49.599,51.9232,49.599,51.4286,12200,25.7143
2010-12-08,50.0638,51.1714,48.7978,49.599,1200,24.7995
2010-12-07,51.4286,51.4286,50.0638,50.0638,1300,25.0319
2010-12-06,51.4286,51.4286,50.4396,50.4396,800,25.2198
2010-12-03,49.4308,51.7748,48.6148,51.7748,9700,25.8874
2010-12-02,48.4616,49.945,47.1364,49.4408,26900,24.7204
2010-12-01,48.4616,49.4506,47.4776,48.4516,9500,24.2258
2010-11-30,49.4704,50.756,47.5714,48.4616,10000,24.2308
2010-11-29,52.4176,52.6352,51.4286,51.4286,10600,25.7143
2010-11-26,52.4176,52.4176,51.132,52.3188,2400,26.1594
2010-11-25,52.2396,55.4836,52.2396,52.5166,6200,26.2583
2010-11-24,51.0132,53.011,48.4616,52.9122,8400,26.4561
2010-11-23,49.3418,51.0132,48.6396,51.0132,7300,25.5066
2010-11-22,49.50,49.50,48.244,48.244,1100,24.122
2010-11-19,49.0748,50.3704,49.0748,49.0748,4700,24.5374
2010-11-18,45.5984,48.8276,45.5934,48.4616,2000,24.2308
2010-11-17,46.078,47.1956,45.989,47.1956,500,23.5978
2010-11-16,47.077,47.4034,45.821,47.4034,800,23.7017
2010-11-15,46.2858,47.1364,46.2858,47.1364,900,23.5682
2010-11-12,48.0166,48.0166,47.7692,47.7692,2200,23.8846
2010-11-11,46.716,48.0166,45.8802,48.0166,7000,24.0083
2010-11-10,45.46,46.6616,45.455,46.1276,600,23.0638
2010-11-09,46.0584,46.3846,44.9556,46.3846,4600,23.1923
2010-11-08,44.911,46.1276,44.6688,46.0732,2600,23.0366
2010-11-05,44.6638,46.538,44.6638,46.5034,2900,23.2517
2010-11-04,45.4946,45.7814,44.5204,45.2968,1700,22.6484
2010-11-03,47.255,47.255,44.5056,44.5056,4100,22.2528
2010-11-02,45.9496,45.9496,42.6956,44.5056,5600,22.2528
2010-11-01,49.238,49.2874,47.072,47.4676,4900,23.7338
2010-10-29,48.4616,49.1984,47.4726,49.1984,2500,24.5992
2010-10-28,48.8522,48.8522,48.4616,48.4616,1800,24.2308
2010-10-27,50.4298,50.5286,48.9066,48.9066,1000,24.4533
2010-10-26,50.1232,50.133,48.4666,49.7472,700,24.8736
2010-10-25,49.4506,50.4396,49.4506,50.1132,2900,25.0566
2010-10-22,50.8846,50.9044,49.6386,50.9044,1000,25.4522
2010-10-21,49.6386,49.955,49.3072,49.955,1600,24.9775
2010-10-20,48.9512,49.6386,48.0314,49.6386,2800,24.8193
2010-10-19,48.5308,48.7038,47.6704,48.7038,2100,24.3519
2010-10-18,47.4182,48.506,46.7852,48.506,2200,24.253
2010-10-15,47.3242,47.4726,47.3242,47.4726,700,23.7363
2010-10-14,46.978,48.2144,46.4836,47.4626,3300,23.7313
2010-10-13,49.4506,49.4506,46.4588,46.4836,29600,23.2418
2010-10-12,48.1204,49.9154,45.989,49.9154,8000,24.9577
2010-10-11,45.989,46.533,45.4946,46.533,19500,23.2665
2010-10-08,45.6924,45.989,45.4946,45.4946,4900,22.7473
2010-10-07,45.989,47.1956,45.4946,45.6924,6400,22.8462
2010-10-06,45.2276,45.46,45.2276,45.445,2400,22.7225
2010-10-05,43.9516,45.2176,43.9516,45.2176,700,22.6088
2010-10-04,44.4956,44.5006,44.11,44.11,1900,22.055
2010-09-29,45.0346,45.6726,44.995,45.4946,1500,22.7473
2010-09-28,44.016,44.11,44.011,44.011,500,22.0055
2010-09-27,44.5056,44.9012,44.011,44.011,800,22.0055
2010-09-24,44.011,44.6342,43.5314,44.011,1100,22.0055
2010-09-23,42.4484,44.3968,42.4484,44.3968,8000,22.1984
2010-09-22,41.2912,42.3148,41.2912,41.6078,1500,20.8039
2010-09-21,40.7472,41.2912,40.7472,41.2912,300,20.6456
2010-09-20,40.154,41.1874,40.055,40.2034,1100,20.1017
2010-09-17,41.044,41.044,40.0006,40.0006,3300,20.0003
2010-09-16,39.3034,41.2616,39.3034,39.9906,1900,19.9953
2010-09-15,40.5494,41.8748,40.5494,40.5494,2900,20.2747
2010-09-14,39.1846,40.5494,39.1846,40.5494,4600,20.2747
2010-09-13,39.066,39.1896,39.066,39.1648,700,19.5824
2010-09-10,38.2748,38.7792,38.2748,38.5714,400,19.2857
2010-09-09,38.7544,38.7544,38.7544,38.7544,000,19.3772
2010-09-08,37.7802,38.1956,37.5924,37.5924,100,18.7962
2010-09-07,39.4616,39.4616,37.088,37.088,13500,18.544
2010-09-06,39.7088,39.7088,38.522,39.689,1000,19.8445
2010-09-03,39.6692,39.7088,39.6692,39.7088,500,19.8544
2010-09-02,38.967,39.61,38.967,39.61,800,19.805
2010-09-01,39.0512,39.7088,38.1314,39.7088,7700,19.8544
2010-08-31,39.056,39.056,37.9384,38.072,4000,19.036
2010-08-30,39.056,39.056,39.0066,39.0066,500,19.5033
2010-08-27,38.8138,38.8188,38.8138,38.8188,900,19.4094
2010-08-24,38.1166,38.1166,38.1166,38.1166,000,19.0583
2010-08-23,38.2154,39.155,38.2154,39.155,000,19.5775
2010-08-20,38.8978,38.9276,38.8978,38.9276,900,19.4638
2010-08-19,38.3242,38.5714,38.3242,38.5714,500,19.2857
2010-08-18,36.989,38.3242,36.989,38.3242,1600,19.1621
2010-08-17,37.4538,37.6368,37.4538,37.6368,800,18.8184
2010-08-16,36.5934,36.9692,36.5934,36.9692,800,18.4846
2010-08-12,35.8418,35.8418,35.8418,35.8418,000,17.9209
2010-08-11,36.5934,36.5934,36.5934,36.5934,000,18.2967
2010-08-10,37.5824,37.5824,35.822,35.822,200,17.911
2010-08-09,37.5824,37.5824,37.5824,37.5824,000,18.7912
2010-08-06,35.7626,37.5824,35.7626,37.5824,100,18.7912
2010-08-05,36.5836,36.6924,36.3956,36.3956,1400,18.1978
2010-08-04,37.088,37.088,36.6924,36.6924,4200,18.3462
2010-08-03,37.5824,37.5824,37.5824,37.5824,000,18.7912
2010-08-02,37.2956,37.978,36.3066,36.811,1500,18.4055
2010-07-30,38.3242,38.3242,37.978,38.077,2000,19.0385
2010-07-29,37.266,38.072,37.266,38.072,300,19.036
2010-07-28,37.1868,38.077,37.1868,38.077,400,19.0385
2010-07-27,38.077,38.077,37.1868,37.1868,500,18.5934
2010-07-26,37.2066,37.2066,36.9248,36.9248,400,18.4624
2010-07-23,37.7802,37.7802,37.5824,37.5824,600,18.7912
2010-07-22,38.1758,38.1758,37.7308,37.7308,700,18.8654
2010-07-21,37.9434,38.077,37.7802,38.077,1900,19.0385
2010-07-19,37.7506,38.5714,37.7506,38.5666,800,19.2833
2010-07-16,38.4132,38.4132,38.4132,38.4132,000,19.2066
2010-07-15,37.7852,37.7852,37.7852,37.7852,200,18.8926
2010-07-14,38.0374,38.5714,38.0374,38.5714,900,19.2857
2010-07-13,37.5824,39.056,37.5824,38.5714,2900,19.2857
2010-07-12,37.5824,37.5824,37.5824,37.5824,100,18.7912
2010-07-09,36.1038,37.8298,36.1038,37.8198,4700,18.9099
2010-07-08,36.1038,36.1038,36.1038,36.1038,000,18.0519
2010-07-07,37.088,37.088,36.1038,36.1038,000,18.0519
2010-07-06,36.1978,36.1978,36.1978,36.1978,100,18.0989
2010-07-05,37.088,37.088,36.6428,36.6428,800,18.3214
2010-07-02,35.6044,37.721,35.6044,37.721,2600,18.8605
2010-07-01,35.11,35.6044,35.11,35.6044,700,17.8022
2010-06-30,35.2138,35.2138,35.2138,35.2138,100,17.6069
2010-06-29,36.544,36.7468,35.555,36.2324,2600,18.1162
2010-06-28,36.5836,36.7468,36.0494,36.7468,600,18.3734
2010-06-25,36.3956,36.539,36.3956,36.539,500,18.2695
2010-06-24,36.3956,36.6082,36.3956,36.3956,500,18.1978
2010-06-23,36.5934,36.5934,36.1188,36.1188,200,18.0594
2010-06-22,37.9682,37.9682,36.8358,36.8358,800,18.4179
2010-06-21,38.4626,38.4626,36.6924,38.2798,3200,19.1399
2010-06-18,36.1138,38.4726,36.1138,38.428,2800,19.214
2010-06-17,37.3302,37.3748,37.3302,37.3352,700,18.6676
2010-06-16,38.4232,38.4626,37.1276,37.7358,1500,18.8679
2010-06-15,36.1088,38.4626,36.1088,38.4626,1500,19.2313
2010-06-14,35.6094,37.0138,35.6094,36.994,1300,18.497
2010-06-11,34.6698,36.5934,34.6698,34.7144,3400,17.3572
2010-06-10,36.00,36.00,33.5078,34.6154,6600,17.3077
2010-06-09,36.5934,36.8754,36.00,36.445,1900,18.2225
2010-06-08,37.5824,37.5824,36.3956,36.3956,3200,18.1978
2010-06-07,36.6972,37.6516,36.6972,37.6516,500,18.8258
2010-06-04,38.077,38.077,38.077,38.077,000,19.0385
2010-06-03,37.7406,37.8298,37.0386,37.8298,3500,18.9149
2010-06-02,37.617,37.8594,36.717,37.8594,500,18.9297
2010-06-01,37.5824,37.988,37.5824,37.8792,200,18.9396
2010-05-31,39.056,39.056,37.3352,37.3352,2600,18.6676
2010-05-28,38.5814,39.9116,38.5714,38.5714,1300,19.2857
2010-05-27,35.9456,38.517,35.9456,38.517,3700,19.2585
2010-05-26,35.5302,35.5302,35.5302,35.5302,000,17.7651
2010-05-25,35.7034,35.7034,34.922,34.922,2000,17.461
2010-05-24,36.4648,36.4648,35.7034,35.7034,1000,17.8517
2010-05-21,36.8754,36.8754,35.743,35.743,2200,17.8715
2010-05-20,36.7468,37.5528,36.7468,37.35,1000,18.675
2010-05-17,38.4232,38.4232,38.4232,38.4232,000,19.2116
2010-05-14,38.077,39.066,37.5924,38.3984,1700,19.1992
2010-05-13,39.5604,39.5604,36.8802,38.7692,5000,19.3846
2010-05-12,36.7912,39.9858,36.7912,39.5604,14500,19.7802
2010-05-11,36.5934,36.5934,36.5886,36.5934,1400,18.2967
2010-05-10,35.7034,37.088,35.7034,36.5934,1800,18.2967
2010-05-07,36.5934,37.088,35.7034,37.088,1500,18.544
2010-05-06,34.6154,37.088,34.6154,37.088,2900,18.544
2010-05-05,34.3286,35.2732,34.3286,35.11,1600,17.555
2010-05-04,37.3352,37.3352,34.477,34.477,2600,17.2385
2010-05-03,37.3352,37.3352,36.6924,36.6924,300,18.3462
2010-04-30,37.2758,37.2758,36.6924,37.088,900,18.544
2010-04-29,37.80,38.2748,36.6824,36.6824,4600,18.3412
2010-04-28,37.8298,37.8298,36.7616,37.088,500,18.544
2010-04-27,37.7802,38.077,37.5824,37.5824,1300,18.7912
2010-04-26,37.8792,38.077,37.7308,37.7308,900,18.8654
2010-04-23,37.9038,37.9038,37.8792,37.8792,400,18.9396
2010-04-22,38.0176,38.0176,38.0176,38.0176,200,19.0088
2010-04-21,38.1808,38.1808,38.1808,38.1808,000,19.0904
2010-04-20,38.077,38.077,37.5824,38.077,200,19.0385
2010-04-19,37.8792,38.077,37.8792,38.077,1100,19.0385
2010-04-16,38.967,38.967,38.0126,38.077,1100,19.0385
2010-04-15,38.5518,39.0018,38.5518,39.0018,2100,19.5009
2010-04-14,38.1314,39.6544,38.1314,39.2736,3400,19.6368
2010-04-13,39.066,40.5644,38.8484,38.8484,5300,19.4242
2010-04-12,38.3242,39.066,38.3242,38.6704,1500,19.3352
2010-04-09,36.90,38.5616,36.90,37.5824,1600,18.7912
2010-04-08,35.6242,37.622,35.2088,36.0742,5000,18.0371
2010-04-07,35.11,35.11,34.5956,35.11,3300,17.555
2010-04-06,35.11,35.11,34.5264,35.11,5000,17.555
2010-04-01,35.7676,35.7676,35.11,35.4956,2300,17.7478
2010-03-31,36.1088,36.5934,35.2088,35.8022,1500,17.9011
2010-03-30,37.9534,37.9534,36.3166,36.3166,1800,18.1583
2010-03-29,36.7122,37.266,36.0298,37.266,6800,18.633
2010-03-26,34.7588,35.6044,34.7588,35.6044,4900,17.8022
2010-03-25,35.6044,35.6044,35.6044,35.6044,500,17.8022
2010-03-24,34.6204,34.6204,34.566,34.566,800,17.283
2010-03-23,35.011,35.011,34.6154,35.011,600,17.5055
2010-03-22,35.11,35.199,34.744,35.199,500,17.5995
2010-03-19,34.5412,35.1792,33.9132,34.6154,2700,17.3077
2010-03-18,33.6166,33.9478,33.6166,33.9478,2600,16.9739
2010-03-17,33.6116,33.6116,33.6116,33.6116,100,16.8058
2010-03-16,32.6374,33.6214,32.6374,33.6214,500,16.8107
2010-03-15,33.6264,33.6264,33.6264,33.6264,000,16.8132
2010-03-12,33.4484,33.4484,33.4484,33.4484,200,16.7242
2010-03-11,33.0774,33.0824,33.0774,33.0824,400,16.5412
2010-03-10,32.1428,33.4534,32.1428,33.4534,1900,16.7267
2010-03-09,32.1428,32.1428,32.1428,32.1428,700,16.0714
2010-03-08,31.5494,31.5494,31.5446,31.5494,400,15.7747
2010-03-03,30.4616,30.4616,30.4616,30.4616,100,15.2308
2010-03-02,30.4814,30.4814,30.4814,30.4814,100,15.2407
2010-03-01,31.2132,31.3468,31.2132,31.3468,600,15.6734
2010-02-26,31.1588,31.1588,31.1538,31.1538,100,15.5769
2010-02-25,31.144,31.144,30.3132,30.3132,000,15.1566
2010-02-24,31.6484,31.6484,30.5604,31.0994,2000,15.5497
2010-02-23,31.7028,32.1232,31.6484,31.6484,600,15.8242
2010-02-22,30.8274,30.8274,30.8176,30.8176,100,15.4088
2010-02-19,32.1232,32.1232,30.8274,30.8274,2200,15.4137
2010-02-18,30.1104,31.6484,30.1104,31.6484,2300,15.8242
2010-02-17,30.1252,30.2588,30.1252,30.2588,000,15.1294
2010-02-16,29.5714,30.1748,29.5714,30.1748,100,15.0874
2010-02-15,29.166,29.423,29.0572,29.3242,28800,14.6621
2010-02-12,28.978,28.978,28.978,28.978,000,14.489
2010-02-11,29.1758,29.1758,28.6814,28.6814,3500,14.3407
2010-02-10,29.1412,29.1758,29.1412,29.1758,2200,14.5879
2010-02-09,29.1362,29.1362,28.4836,28.4836,200,14.2418
2010-02-08,28.1868,28.1868,28.1868,28.1868,400,14.0934
2010-02-04,29.1758,29.1758,28.2362,29.1758,300,14.5879
2010-02-03,28.6814,29.1758,28.6814,29.1758,100,14.5879
2010-02-02,29.1758,29.1758,28.6814,29.1758,200,14.5879
2010-02-01,28.6814,29.1758,28.6814,29.1758,1900,14.5879
2010-01-29,28.7802,28.7802,28.7802,28.7802,100,14.3901
2010-01-28,29.0472,29.1758,28.7802,29.1758,1800,14.5879
2010-01-27,28.9928,29.1462,28.9928,29.1462,1400,14.5731
2010-01-26,28.978,29.1758,28.8396,29.1758,1400,14.5879
2010-01-25,29.8484,30.066,29.1956,30.066,2000,15.033
2010-01-22,30.9858,30.9858,30.9858,30.9858,200,15.4929
2010-01-20,30.8374,30.8374,30.8374,30.8374,200,15.4187
2010-01-19,30.417,30.417,30.4122,30.4122,100,15.2061
2010-01-18,30.1056,31.243,30.1056,31.243,500,15.6215
2010-01-15,30.6692,30.6692,30.6692,30.6692,800,15.3346
2010-01-14,31.6484,31.6484,31.6484,31.6484,000,15.8242
2010-01-13,31.6484,31.7472,31.3516,31.6978,1000,15.8489
2010-01-12,31.6484,31.6484,30.8868,31.6484,300,15.8242
2010-01-11,32.044,32.044,31.2034,31.6484,500,15.8242
2010-01-08,31.6484,31.9846,31.1538,31.1538,1100,15.5769
2010-01-07,31.6484,31.6484,31.6484,31.6484,000,15.8242
2010-01-06,31.9204,31.9204,31.9204,31.9204,000,15.9602
2010-01-05,30.788,31.3862,30.6594,31.3418,9700,15.6709
2010-01-04,32.1428,32.1428,31.3714,31.9056,3100,15.9528
2009-12-30,32.1428,32.1428,31.6484,31.6484,400,15.8242
2009-12-29,31.9452,32.1428,31.9452,32.1428,500,16.0714
2009-12-28,32.1428,32.1428,31.678,32.1428,400,16.0714
2009-12-23,32.1428,32.1428,32.1428,32.1428,000,16.0714
2009-12-22,32.1428,32.1428,32.1428,32.1428,900,16.0714
2009-12-21,32.1428,32.1428,32.1428,32.1428,100,16.0714
2009-12-18,32.6374,32.6374,32.1428,32.1428,1700,16.0714
2009-12-17,32.7364,32.8352,32.1428,32.6374,1400,16.3187
2009-12-16,32.6274,32.6374,32.6274,32.6374,600,16.3187
2009-12-15,32.6274,32.6274,31.6286,31.6978,2200,15.8489
2009-12-14,32.6374,32.6374,32.6274,32.6274,000,16.3137
2009-12-11,31.6484,31.6484,31.6484,31.6484,1500,15.8242
2009-12-10,30.778,31.8066,30.778,31.8066,800,15.9033
2009-12-07,32.0144,32.0144,30.5604,31.6286,900,15.8143
2009-12-04,30.6594,30.6594,30.6594,30.6594,200,15.3297
2009-12-03,31.9254,31.9254,31.2034,31.2034,700,15.6017
2009-12-02,31.6978,32.1034,31.6484,31.6484,2400,15.8242
2009-12-01,32.6374,32.6374,31.9452,31.9452,300,15.9726
2009-11-30,33.577,33.577,33.033,33.033,700,16.5165
2009-11-27,33.577,33.577,33.5276,33.5276,1100,16.7638
2009-11-26,33.577,33.577,33.5276,33.5276,700,16.7638
2009-11-25,32.6374,33.2308,32.6374,33.2308,1000,16.6154
2009-11-24,31.9452,32.1428,31.9452,32.1428,800,16.0714
2009-11-23,31.6484,31.6484,31.6484,31.6484,800,15.8242
2009-11-19,31.6484,31.6484,31.6484,31.6484,000,15.8242
2009-11-18,31.50,31.50,31.1538,31.1538,800,15.5769
2009-11-17,31.1538,31.4506,31.1538,31.4506,900,15.7253
2009-11-16,30.778,31.1538,30.778,31.1538,1000,15.5769
2009-11-13,30.1648,30.6594,29.9572,30.6594,4200,15.3297
2009-08-17,27.6924,27.6924,27.6924,27.6924,800,13.8462
2008-12-23,25.7144,25.7836,25.7144,25.7836,1000,12.8918
2008-12-22,25.7144,25.7144,25.7144,25.7144,200,12.8572
2008-12-19,25.7144,25.7144,25.7144,25.7144,200,12.8572
2008-12-17,25.744,26.7034,25.744,26.7034,800,13.3517
2008-12-16,26.7034,26.7034,26.7034,26.7034,100,13.3517
2008-12-15,26.7034,26.7034,26.7034,26.7034,000,13.3517
2008-12-12,24.7252,26.7034,24.7252,26.7034,500,13.3517
2008-12-11,26.7034,26.7034,26.7034,26.7034,800,13.3517
2008-12-10,28.1868,28.1868,28.167,28.167,200,14.0835
2008-12-09,28.1868,28.1868,28.1374,28.1868,100,14.0934
2008-12-08,26.2088,28.6814,26.2088,28.6814,1200,14.3407
2008-12-05,26.2088,26.2088,26.2088,26.2088,000,13.1044
2008-12-04,26.9012,26.9012,26.9012,26.9012,000,13.4506
2008-12-03,26.4066,26.7726,26.4066,26.7726,400,13.3863
2008-12-02,27.6924,27.6924,27.6924,27.6924,000,13.8462
2008-12-01,27.6924,27.6924,27.5638,27.6924,1200,13.8462
2008-11-28,28.6814,28.6814,28.6814,28.6814,000,14.3407
2008-11-27,28.6814,28.6814,28.6814,28.6814,000,14.3407
2008-11-26,28.6814,28.6814,28.6814,28.6814,000,14.3407
2008-11-25,28.6814,28.6814,28.6814,28.6814,000,14.3407
2008-11-20,28.6814,28.6814,28.6814,28.6814,000,14.3407
2008-11-18,29.6704,29.6704,29.6704,29.6704,000,14.8352
2008-11-17,28.4836,28.4836,28.4836,28.4836,100,14.2418
2008-11-14,29.4528,29.4528,29.4528,29.4528,000,14.7264
2008-11-10,29.433,29.4428,29.433,29.4428,000,14.7214
2008-11-07,29.433,29.433,29.433,29.433,100,14.7165
2008-11-06,29.4428,29.4428,28.3946,28.3946,000,14.1973
2008-10-31,28.4242,29.4528,28.4242,29.4528,000,14.7264
2008-10-24,29.977,30.1648,28.9384,30.1648,1000,15.0824
2008-10-23,29.977,29.977,29.977,29.977,000,14.9885
2008-10-22,29.977,29.977,29.977,29.977,000,14.9885
2008-10-21,29.977,29.977,29.977,29.977,000,14.9885
2008-10-20,29.977,29.977,29.977,29.977,000,14.9885
2008-10-17,29.977,29.977,29.433,29.977,000,14.9885
2008-10-16,29.1758,29.977,29.1758,29.977,400,14.9885
2008-10-10,29.977,29.977,29.977,29.977,000,14.9885
2008-10-09,29.977,29.977,29.977,29.977,200,14.9885
2008-09-30,32.4296,32.4296,32.4296,32.4296,000,16.2148
2008-09-29,29.1758,31.3912,29.1758,31.3912,3700,15.6956
2008-09-26,29.1758,29.1758,29.1758,29.1758,2000,14.5879
2008-09-23,28.6418,29.1758,28.6418,29.1758,2300,14.5879
2008-09-22,29.1758,29.1758,29.1758,29.1758,1000,14.5879
2008-09-19,29.1758,29.1758,28.978,28.978,11300,14.489
