Date,Open,High,Low,Close,Volume,Adj Close
2016-10-27,52.24,53.44,51.69,53.40,701200,53.40
2016-10-26,52.30,52.42,50.61,52.05,503900,52.05
2016-10-25,54.55,54.69,50.56,52.10,751300,52.10
2016-10-24,53.71,54.37,53.32,53.36,448500,53.36
2016-10-21,53.28,54.13,52.88,53.37,621000,53.37
2016-10-20,54.62,54.62,52.57,53.23,596300,53.23
2016-10-19,54.74,55.65,53.37,54.50,709600,54.50
2016-10-18,54.40,55.42,54.15,54.96,295200,54.96
2016-10-17,53.44,54.20,53.06,53.90,434500,53.90
2016-10-14,53.12,54.32,53.12,53.92,530800,53.92
2016-10-13,54.11,54.34,52.47,52.79,781500,52.79
2016-10-12,52.53,54.37,52.32,53.44,362800,53.44
2016-10-11,52.40,53.21,51.91,52.41,369400,52.41
2016-10-10,51.50,52.97,51.42,52.57,497400,52.57
2016-10-07,53.77,53.77,50.89,51.30,1086300,51.30
2016-10-06,54.03,54.53,53.34,53.68,422800,53.68
2016-10-05,52.21,53.70,52.00,53.30,580900,53.30
2016-10-04,54.00,54.00,52.35,52.40,756200,52.40
2016-10-03,52.63,52.63,52.63,52.63,000,52.63
2016-09-30,50.51,52.80,50.34,52.63,636200,52.63
2016-09-29,51.53,51.63,50.97,51.20,313900,51.20
2016-09-28,50.06,51.32,50.02,50.93,435600,50.93
2016-09-27,48.40,49.89,48.40,49.89,556300,49.89
2016-09-26,48.00,48.68,47.44,48.255,415900,48.255
2016-09-23,48.28,48.35,47.605,48.155,484500,48.155
2016-09-22,48.30,48.56,47.725,48.425,447300,48.425
2016-09-21,46.50,48.10,46.175,47.585,554300,47.585
2016-09-20,46.40,46.535,45.825,46.00,491100,46.00
2016-09-19,45.00,46.715,44.665,46.605,697600,46.605
2016-09-16,43.955,44.725,43.575,44.69,932500,44.69
2016-09-15,43.05,44.56,42.88,44.55,680000,44.55
2016-09-14,42.755,43.265,42.565,43.005,416700,43.005
2016-09-13,42.40,42.705,42.145,42.57,383700,42.57
2016-09-12,42.28,42.49,41.725,42.025,614600,42.025
2016-09-09,43.77,43.85,42.645,42.665,601700,42.665
2016-09-08,45.03,45.225,43.755,43.82,360000,43.82
2016-09-07,45.00,45.45,44.735,44.90,413900,44.90
2016-09-06,45.125,45.305,44.545,44.86,351200,44.86
2016-09-05,44.25,45.235,44.25,44.90,396300,44.90
2016-09-02,44.95,44.95,42.86,44.25,1171100,44.25
2016-09-01,46.85,47.14,46.07,46.195,402700,46.195
2016-08-31,47.255,47.38,46.555,46.68,443200,46.68
2016-08-30,47.34,48.15,47.195,47.22,377600,47.22
2016-08-29,46.93,47.21,46.315,47.015,148400,47.015
2016-08-26,46.415,47.265,46.125,46.995,230800,46.995
2016-08-25,46.12,46.745,46.05,46.40,224800,46.40
2016-08-24,46.275,46.53,45.975,46.32,264700,46.32
2016-08-23,45.965,46.49,45.49,46.45,220100,46.45
2016-08-22,46.165,46.36,45.38,45.85,258500,45.85
2016-08-19,46.26,46.33,45.645,46.09,264300,46.09
2016-08-18,45.845,46.43,45.495,46.275,324900,46.275
2016-08-17,44.80,45.64,44.52,45.425,423100,45.425
2016-08-16,45.16,45.565,44.89,44.945,331300,44.945
2016-08-15,45.20,45.525,44.79,44.895,300000,44.895
2016-08-12,45.635,45.775,44.745,45.20,251800,45.20
2016-08-11,44.80,45.625,44.625,45.58,248500,45.58
2016-08-10,44.86,45.155,44.26,44.55,473700,44.55
2016-08-09,43.43,44.855,43.265,44.85,401300,44.85
2016-08-08,43.10,43.68,43.095,43.32,262200,43.32
2016-08-05,42.675,43.315,42.675,43.00,257300,43.00
2016-08-04,42.75,43.27,42.29,42.65,339800,42.65
2016-08-02,42.04,42.385,41.585,41.98,303200,41.98
2016-08-01,41.945,42.58,41.78,42.42,422700,42.42
2016-07-29,41.275,42.00,40.90,41.78,799700,41.78
2016-07-28,41.38,42.39,40.935,40.995,616900,40.995
2016-07-27,40.90,41.865,40.465,41.245,979300,41.245
2016-07-26,42.22,42.74,39.965,41.745,1010700,41.745
2016-07-25,40.935,41.33,40.64,41.055,430900,41.055
2016-07-22,40.52,41.245,40.205,40.84,277200,40.84
2016-07-21,40.925,41.17,40.05,40.68,379800,40.68
2016-07-20,41.45,41.555,40.91,41.555,225700,41.555
2016-07-19,41.07,41.39,40.505,41.24,347600,41.24
2016-07-18,40.85,41.315,40.665,41.065,344000,41.065
2016-07-15,40.675,41.00,40.055,40.66,333400,40.66
2016-07-14,40.715,41.53,40.42,40.95,564400,40.95
2016-07-13,41.035,41.805,40.70,41.30,427000,41.30
2016-07-12,40.985,41.66,40.775,40.895,349700,40.895
2016-07-11,39.24,40.995,39.24,40.995,548900,40.995
2016-07-08,39.105,39.185,38.29,38.95,405500,38.95
2016-07-07,39.475,39.56,38.945,39.14,360300,39.14
2016-07-06,39.145,39.40,38.58,39.30,597500,39.30
2016-07-05,40.055,40.055,38.88,39.27,534500,39.27
2016-07-04,40.595,40.765,39.97,40.18,355500,40.18
2016-07-01,40.00,40.765,39.69,40.65,583800,40.65
2016-06-30,39.57,40.085,38.48,39.945,915100,39.945
2016-06-29,38.68,39.60,38.18,39.49,594300,39.49
2016-06-28,38.025,38.49,37.54,38.045,683900,38.045
2016-06-27,39.70,39.84,36.735,37.265,989300,37.265
2016-06-24,37.705,40.22,37.50,39.285,1853700,39.285
2016-06-23,42.455,43.24,41.875,42.00,820900,42.00
2016-06-22,42.345,42.945,42.205,42.21,739700,42.21
2016-06-21,41.30,42.26,41.30,42.205,669800,42.205
2016-06-20,40.355,41.71,40.35,41.43,650300,41.43
2016-06-17,38.40,39.84,38.40,39.80,2802800,39.80
2016-06-16,37.885,39.125,37.635,38.26,682000,38.26
2016-06-15,38.805,39.30,38.15,38.255,711700,38.255
2016-06-14,38.75,39.36,36.925,38.515,777800,38.515
2016-06-13,38.99,39.375,38.83,39.22,617100,39.22
2016-06-10,39.55,39.685,39.105,39.48,614200,39.48
2016-06-09,39.70,39.88,39.255,39.745,623500,39.745
2016-06-08,39.475,39.755,39.15,39.67,441800,39.67
2016-06-07,39.21,39.925,39.005,39.47,567800,39.47
2016-06-06,39.185,39.795,38.51,38.88,631900,38.88
2016-06-03,38.875,39.995,38.52,38.93,698100,38.93
2016-06-02,37.855,38.87,37.855,38.87,785300,38.87
2016-06-01,38.20,38.48,37.925,38.00,654000,38.00
2016-05-31,38.00,38.15,37.31,38.11,6433000,38.11
2016-05-30,37.155,37.745,37.00,37.635,247900,37.635
2016-05-27,37.98,37.98,36.62,37.21,600600,37.21
2016-05-26,36.38,36.87,36.235,36.70,348000,36.70
2016-05-25,36.00,36.75,35.975,36.225,479400,36.225
2016-05-24,34.50,35.975,34.39,35.745,969600,35.745
2016-05-23,34.99,34.99,33.805,34.50,1022300,34.50
2016-05-20,35.20,35.525,35.12,35.335,688800,35.335
2016-05-19,34.93,35.205,34.565,34.83,938200,34.83
2016-05-18,35.80,36.04,35.38,36.01,440700,36.01
2016-05-17,35.65,35.975,35.15,35.975,576200,35.975
2016-05-16,35.50,35.50,35.50,35.50,000,35.50
2016-05-13,34.55,36.085,34.45,35.50,932000,35.50
2016-05-12,35.38,35.99,34.25,34.42,765500,34.42
2016-05-11,35.90,36.215,35.50,35.63,493400,35.63
2016-05-10,35.13,35.805,35.075,35.805,380200,35.805
2016-05-09,34.45,35.585,34.305,34.915,459200,34.915
2016-05-06,34.43,34.52,33.93,34.205,395800,34.205
2016-05-05,34.24,34.685,33.965,34.36,279400,34.36
2016-05-04,34.29,34.46,33.63,34.235,509000,34.235
2016-05-03,35.12,35.31,34.475,34.73,448100,34.73
2016-05-02,34.825,35.82,34.555,35.35,357400,35.35
2016-04-29,34.18,34.705,34.18,34.52,359800,34.52
2016-04-28,33.835,34.61,33.60,34.39,536500,34.39
2016-04-27,33.90,34.08,33.64,33.80,508500,33.80
2016-04-26,33.90,34.055,33.465,33.64,551700,33.64
2016-04-25,35.44,35.69,33.32,33.40,780600,33.40
2016-04-22,34.80,34.865,34.38,34.65,335700,34.65
2016-04-21,34.49,34.975,34.24,34.90,401000,34.90
2016-04-20,33.975,34.55,33.67,34.54,341300,34.54
2016-04-19,33.98,34.095,33.51,33.945,379000,33.945
2016-04-18,33.36,34.04,33.055,33.80,326400,33.80
2016-04-15,34.245,34.53,33.505,33.80,460200,33.80
2016-04-14,33.34,34.105,33.095,33.985,428600,33.985
2016-04-13,32.91,33.335,32.64,33.25,329100,33.25
2016-04-12,33.25,33.42,32.24,32.48,408300,32.48
2016-04-11,32.55,33.525,32.365,33.11,336700,33.11
2016-04-08,31.875,33.00,31.795,32.73,341100,32.73
2016-04-07,31.605,31.91,31.205,31.62,383100,31.62
2016-04-06,31.065,31.62,30.76,31.285,440300,31.285
2016-04-05,32.00,32.00,30.805,30.91,389700,30.91
2016-04-04,33.02,33.05,32.25,32.25,424900,32.25
2016-04-01,32.875,33.07,32.47,32.87,397700,32.87
2016-03-31,33.50,33.50,32.645,32.96,731300,32.96
