Date,Open,High,Low,Close,Volume,Adj Close
2016-10-27,48.27,49.09,48.07,48.835,205800,48.835
2016-10-26,48.21,48.545,47.70,48.32,218300,48.32
2016-10-25,48.785,49.785,48.335,48.475,465000,48.475
2016-10-24,51.37,51.72,50.73,50.80,203300,50.80
2016-10-21,50.74,51.11,50.58,50.98,208200,50.98
2016-10-20,50.92,50.95,50.55,50.81,141200,50.81
2016-10-19,50.43,50.83,49.95,50.70,224900,50.70
2016-10-18,51.09,51.28,50.12,50.36,337400,50.36
2016-10-17,51.31,51.37,51.02,51.09,254500,51.09
2016-10-14,50.49,51.56,50.49,51.45,209500,51.45
2016-10-13,49.825,50.44,49.60,50.37,176400,50.37
2016-10-12,49.74,50.44,49.555,50.18,220500,50.18
2016-10-11,50.03,50.47,49.705,49.735,231900,49.735
2016-10-10,49.55,50.02,49.33,49.90,269600,49.90
2016-10-07,49.90,49.905,49.305,49.505,286800,49.505
2016-10-06,49.85,50.10,49.645,49.96,262200,49.96
2016-10-05,49.53,49.77,49.20,49.705,230700,49.705
2016-10-04,48.585,50.14,48.585,49.93,335800,49.93
2016-10-03,48.605,48.605,48.605,48.605,000,48.605
2016-09-30,48.21,48.725,47.725,48.605,371700,48.605
2016-09-29,48.89,49.355,48.43,48.825,265800,48.825
2016-09-28,47.48,48.255,47.48,48.195,247600,48.195
2016-09-27,47.485,47.595,46.62,47.21,187300,47.21
2016-09-26,47.725,47.89,47.31,47.40,139300,47.40
2016-09-23,48.21,48.305,47.74,47.98,194600,47.98
2016-09-22,47.55,48.525,47.55,48.26,157000,48.26
2016-09-21,47.75,47.915,47.19,47.26,121900,47.26
2016-09-20,47.585,47.82,47.405,47.405,132900,47.405
2016-09-19,47.425,47.60,47.04,47.555,153800,47.555
2016-09-16,47.355,47.50,46.70,47.12,234100,47.12
2016-09-15,47.435,47.605,47.10,47.435,247800,47.435
2016-09-14,47.88,47.88,47.21,47.42,347200,47.42
2016-09-13,47.655,47.785,47.17,47.58,234300,47.58
2016-09-12,46.82,47.44,46.38,47.415,215400,47.415
2016-09-09,48.35,48.51,47.285,47.425,382000,47.425
2016-09-08,49.435,49.555,48.685,48.965,223300,48.965
2016-09-07,49.29,49.45,49.015,49.29,183400,49.29
2016-09-06,49.58,49.58,49.195,49.26,150000,49.26
2016-09-05,49.535,49.945,49.41,49.415,107300,49.415
2016-09-02,49.635,49.635,48.91,49.37,216300,49.37
2016-09-01,48.875,49.98,48.865,49.50,353300,49.50
2016-08-31,49.16,49.45,48.70,48.79,295900,48.79
2016-08-30,48.98,49.53,48.745,49.245,244800,49.245
2016-08-29,48.58,48.82,48.08,48.78,58100,48.78
2016-08-26,48.59,49.02,48.32,48.815,135900,48.815
2016-08-25,48.965,48.965,48.105,48.555,245000,48.555
2016-08-24,49.10,49.42,48.53,49.39,259300,49.39
2016-08-23,48.61,49.315,48.61,48.845,275900,48.845
2016-08-22,48.79,49.17,48.385,48.50,210600,48.50
2016-08-19,49.06,49.26,48.56,48.855,193600,48.855
2016-08-18,48.585,48.99,48.47,48.93,311900,48.93
2016-08-17,48.38,48.625,48.215,48.41,273600,48.41
2016-08-16,48.125,48.72,48.00,48.58,326200,48.58
2016-08-15,47.885,48.65,47.885,48.36,270400,48.36
2016-08-12,47.965,48.145,47.62,47.915,321500,47.915
2016-08-11,47.75,48.04,46.82,48.00,346800,48.00
2016-08-10,44.86,48.755,44.755,47.475,670200,47.475
2016-08-09,44.745,45.95,44.655,45.915,387600,45.915
2016-08-08,44.97,45.07,44.60,44.655,166800,44.655
2016-08-05,44.57,44.805,44.46,44.695,253900,44.695
2016-08-04,44.92,45.12,44.365,44.42,186900,44.42
2016-08-03,44.585,44.675,44.16,44.57,209900,44.57
2016-08-02,45.105,45.23,44.425,44.49,238800,44.49
2016-08-01,44.935,45.65,44.745,45.19,314600,45.19
2016-07-29,44.795,44.89,44.185,44.41,521600,44.41
2016-07-28,46.065,46.18,44.685,44.685,273600,44.685
2016-07-27,46.02,46.415,45.855,46.095,182400,46.095
2016-07-26,46.175,46.175,45.60,45.685,189000,45.685
2016-07-25,46.00,46.335,45.695,46.07,187000,46.07
2016-07-22,45.67,46.02,45.445,45.91,175100,45.91
2016-07-21,45.49,45.96,45.055,45.83,259900,45.83
2016-07-20,45.64,45.64,44.94,45.34,239900,45.34
2016-07-19,45.61,45.765,44.985,45.61,230400,45.61
2016-07-18,45.40,45.82,45.325,45.515,164600,45.515
2016-07-15,47.155,47.37,45.105,45.40,459800,45.40
2016-07-14,45.13,45.345,44.80,45.00,186700,45.00
2016-07-13,44.335,44.80,44.115,44.665,186600,44.665
2016-07-12,44.275,44.64,44.065,44.35,256400,44.35
2016-07-11,43.795,44.32,43.695,44.215,248700,44.215
2016-07-08,42.39,43.69,42.39,43.56,268800,43.56
2016-07-07,41.73,42.52,41.69,42.33,319000,42.33
2016-07-06,42.44,42.70,41.46,41.55,335900,41.55
2016-07-05,43.82,43.885,42.485,42.57,371200,42.57
2016-07-04,45.12,45.12,43.86,44.045,203000,44.045
2016-07-01,43.51,44.88,43.28,44.88,418100,44.88
2016-06-30,42.28,43.82,41.79,43.43,520500,43.43
2016-06-29,42.10,42.34,41.775,42.335,329400,42.335
2016-06-28,42.00,42.29,41.55,41.70,258500,41.70
2016-06-27,43.01,43.11,41.075,41.195,445100,41.195
2016-06-24,42.00,43.79,42.00,43.31,680600,43.31
2016-06-23,45.16,45.775,44.775,45.465,254600,45.465
2016-06-22,44.355,45.175,44.09,44.98,365400,44.98
2016-06-21,44.18,44.45,43.995,44.06,268100,44.06
2016-06-20,43.90,44.50,43.90,44.38,239500,44.38
2016-06-17,43.275,43.735,42.66,42.945,803700,42.945
2016-06-16,43.16,43.405,42.595,43.04,492500,43.04
2016-06-15,43.345,43.68,42.92,43.445,391700,43.445
2016-06-14,43.98,44.335,43.70,43.905,329000,42.905
2016-06-13,44.925,45.005,44.395,44.42,308900,43.4083
2016-06-10,46.855,46.915,45.205,45.345,289200,44.3122
2016-06-09,47.685,47.685,47.00,47.05,171000,45.9784
2016-06-08,47.70,47.93,47.53,47.765,205900,46.6771
2016-06-07,47.285,48.04,47.21,47.77,173800,46.682
2016-06-06,47.25,47.705,47.10,47.10,115200,46.0272
2016-06-03,47.52,48.00,46.96,47.025,172500,45.9539
2016-06-02,47.465,47.64,47.355,47.565,169400,46.4816
2016-06-01,48.16,48.33,47.47,47.495,286900,46.4132
2016-05-31,48.35,48.365,47.97,48.11,314800,47.0142
2016-05-30,48.50,48.50,48.155,48.44,59400,47.3367
2016-05-27,48.35,48.485,48.085,48.415,216500,47.3123
2016-05-26,47.96,48.435,47.96,48.355,141900,47.2536
2016-05-25,48.27,48.32,47.95,48.05,189600,46.9556
2016-05-24,47.25,48.015,47.16,47.875,229600,46.7846
2016-05-23,47.55,47.765,47.24,47.465,267500,46.3839
2016-05-20,47.585,47.86,47.475,47.585,299400,46.5012
2016-05-19,47.31,47.315,46.84,47.205,169800,46.1298
2016-05-18,47.125,47.615,47.07,47.545,295900,46.4621
2016-05-17,47.325,47.88,47.185,47.37,273500,46.2911
2016-05-16,47.15,47.15,47.15,47.15,000,46.0761
2016-05-13,47.19,47.70,46.89,47.15,500200,46.0761
2016-05-12,47.71,48.01,47.025,47.665,304800,46.5794
2016-05-11,47.00,47.72,46.555,47.70,360700,46.6136
2016-05-10,48.10,48.23,46.95,47.00,470500,45.9295
2016-05-09,47.60,48.96,47.22,48.385,941800,47.283
2016-05-06,51.40,51.64,50.96,51.34,283400,50.1707
2016-05-05,51.35,51.90,51.28,51.63,117900,50.4541
2016-05-04,51.54,51.72,51.01,51.31,208300,50.1413
2016-05-03,52.80,52.99,51.31,51.42,382900,50.2488
2016-05-02,51.32,51.90,51.06,51.72,97800,50.542
2016-04-29,51.30,51.53,50.70,51.21,240400,50.0436
2016-04-28,51.08,51.72,50.90,51.72,188300,50.542
2016-04-27,50.89,51.70,50.76,51.46,166000,50.2879
2016-04-26,51.06,51.16,50.51,50.86,179000,49.7016
2016-04-25,50.78,50.89,50.51,50.75,155900,49.5941
2016-04-22,50.59,51.13,50.46,50.78,144100,49.6234
2016-04-21,50.88,51.43,50.33,50.69,256000,49.5355
2016-04-20,51.30,51.65,51.24,51.48,178800,50.3075
2016-04-19,51.07,51.77,50.81,51.50,399800,50.327
2016-04-18,50.30,51.14,50.07,50.94,249900,49.7798
2016-04-15,51.02,51.47,50.33,50.73,335600,49.5746
2016-04-14,52.13,52.15,51.34,51.34,309600,50.1707
2016-04-13,51.91,52.73,51.89,52.00,251000,50.8156
2016-04-12,51.23,51.40,50.53,51.40,149000,50.2293
2016-04-11,51.14,51.45,50.57,51.18,164100,50.0143
2016-04-08,50.57,51.34,50.45,51.06,210800,49.897
2016-04-07,51.07,51.54,50.35,50.46,250900,49.3107
2016-04-06,50.23,51.01,50.03,51.00,228800,49.8384
2016-04-05,50.50,50.78,49.89,50.21,299200,49.0664
2016-04-04,50.37,51.36,50.28,50.90,333400,49.7407
2016-04-01,49.90,50.26,49.85,50.00,401500,48.8612
2016-03-31,50.07,50.27,49.73,50.20,547700,49.0566
2016-03-30,49.145,50.43,49.145,50.08,287900,48.9394
2016-03-29,48.65,48.945,48.175,48.895,242600,47.7813
2016-03-28,48.165,48.165,48.165,48.165,000,47.068
2016-03-25,48.165,48.165,48.165,48.165,000,47.068
2016-03-24,48.60,48.79,48.005,48.165,218400,47.068
2016-03-23,48.805,49.045,48.52,48.945,344100,47.8302
2016-03-22,47.955,48.545,47.52,48.375,179600,47.2732
2016-03-21,47.88,48.665,47.62,48.15,316900,47.0533
2016-03-18,47.96,48.25,47.635,48.08,522700,46.9849
2016-03-17,48.10,48.145,47.005,47.98,508400,46.8872
2016-03-16,46.295,49.15,45.98,47.95,925000,46.8579
2016-03-15,45.57,45.57,44.58,44.735,338400,43.7161
2016-03-14,47.145,47.405,45.70,45.82,244500,44.7764
2016-03-11,46.195,46.64,45.825,46.59,285900,45.5288
2016-03-10,46.72,47.385,45.34,45.355,301800,44.322
2016-03-09,45.94,46.63,45.795,46.475,272600,45.4165
2016-03-08,46.14,46.835,45.63,45.955,222700,44.9083
2016-03-07,46.255,46.75,46.13,46.69,194900,45.6266
2016-03-04,45.99,46.45,45.905,46.45,228300,45.392
2016-03-03,45.07,46.095,44.945,45.955,267900,44.9083
2016-03-02,45.30,45.96,44.825,45.00,440700,43.9751
2016-03-01,44.735,44.98,44.595,44.98,531400,43.9555
2016-02-29,44.435,44.75,44.215,44.75,342600,43.7308
2016-02-26,44.99,45.26,44.67,44.85,288700,43.8285
2016-02-25,43.95,44.785,43.825,44.475,331100,43.462
2016-02-24,44.265,44.335,43.21,43.40,359600,42.4115
2016-02-23,44.41,44.57,44.13,44.365,271400,43.3545
2016-02-22,44.08,44.80,44.08,44.735,186000,43.7161
2016-02-19,43.92,44.15,43.22,43.645,341600,42.6509
2016-02-18,44.035,44.605,43.645,43.915,262500,42.9148
2016-02-17,42.365,44.00,42.315,43.915,257000,42.9148
2016-02-16,42.835,43.355,41.86,42.20,264200,41.2388
2016-02-15,42.50,43.11,42.425,42.675,231500,41.703
2016-02-12,40.63,41.295,40.63,41.18,237000,40.2421
2016-02-11,41.085,41.085,39.86,40.38,394200,39.4603
2016-02-10,41.80,42.385,41.405,41.615,306200,40.6672
2016-02-09,42.12,42.26,40.645,41.445,416100,40.501
2016-02-08,43.855,43.93,41.84,42.07,382800,41.1118
2016-02-05,43.91,44.88,43.68,43.74,351600,42.7438
2016-02-04,43.265,44.085,42.57,43.81,441100,42.8122
2016-02-03,42.965,43.315,42.52,42.875,329400,41.8985
2016-02-02,44.345,44.475,42.675,43.09,459600,42.1086
2016-02-01,45.19,45.385,44.305,44.50,260300,43.4864
2016-01-29,44.57,44.995,44.06,44.955,392400,43.9311
2016-01-28,44.33,44.87,43.905,44.11,311100,43.1053
2016-01-27,44.13,44.49,43.71,44.49,256700,43.4767
2016-01-26,43.27,44.385,43.27,44.22,256100,43.2128
2016-01-25,44.175,44.175,43.52,43.915,302200,42.9148
2016-01-22,43.395,44.125,43.035,43.85,405100,42.8513
2016-01-21,42.065,42.955,41.825,42.525,466400,41.5564
2016-01-20,42.165,42.585,40.91,41.90,430100,40.9457
2016-01-19,43.12,43.53,42.965,43.155,275900,42.1721
2016-01-18,42.87,43.545,42.435,42.52,362800,41.5515
2016-01-15,44.975,45.165,42.705,43.09,868000,42.1086
2016-01-14,46.185,46.185,45.10,45.79,397100,44.7471
2016-01-13,46.755,47.71,46.38,46.535,323900,45.4751
2016-01-12,45.955,46.80,45.44,46.215,337400,45.1624
2016-01-11,46.44,46.74,45.945,45.975,412600,44.9279
2016-01-08,46.89,47.66,46.45,46.63,562200,45.5679
2016-01-07,46.45,46.79,45.44,46.43,320500,45.3725
2016-01-06,48.315,48.355,47.205,47.65,241500,46.5647
2016-01-05,48.415,48.755,47.78,48.22,298400,47.1217
2016-01-04,48.00,48.305,47.135,47.925,460300,46.8334
2016-01-01,48.28,48.28,48.28,48.28,000,47.1804
2015-12-31,48.28,48.28,48.28,48.28,000,47.1804
2015-12-30,48.865,48.995,48.245,48.28,217200,47.1804
2015-12-29,48.515,49.155,48.475,49.07,197300,47.9524
2015-12-28,48.665,48.87,48.00,48.255,72300,47.1559
2015-12-25,48.685,48.685,48.685,48.685,000,47.5761
2015-12-24,48.685,48.685,48.685,48.685,000,47.5761
2015-12-23,48.285,48.815,48.195,48.685,159300,47.5761
2015-12-22,47.865,48.08,47.255,47.995,214900,46.9018
2015-12-21,48.125,48.465,47.48,47.48,253500,46.3986
2015-12-18,48.735,48.81,47.705,48.285,448800,47.1852
2015-12-17,49.005,49.18,48.83,48.975,586100,47.8595
2015-12-16,48.01,48.54,47.555,48.10,294300,47.0045
2015-12-15,46.975,48.15,46.88,47.805,317400,46.7162
2015-12-14,47.48,47.48,46.495,46.57,290800,45.5093
2015-12-11,48.38,48.38,46.54,47.04,343100,45.9686
2015-12-10,48.44,48.795,47.825,48.355,164100,47.2536
2015-12-09,49.02,49.115,48.25,48.525,276900,47.4198
2015-12-08,50.28,50.57,48.55,48.945,321200,47.8302
2015-12-07,50.74,51.97,50.29,50.47,394900,49.3205
2015-12-04,49.605,50.46,49.205,50.00,350100,48.8612
2015-12-03,50.77,51.50,49.455,49.455,286700,48.3286
2015-12-02,51.58,51.93,51.00,51.13,209900,49.9654
2015-12-01,51.76,52.57,51.70,51.70,343800,50.5225
2015-11-30,50.88,51.71,50.73,51.71,443700,50.5322
2015-11-27,50.55,50.98,50.29,50.93,152300,49.77
2015-11-26,50.20,51.10,50.20,50.61,277700,49.4573
2015-11-25,49.40,50.99,48.725,50.09,493100,48.9491
2015-11-24,50.93,51.00,49.79,50.17,226700,49.0273
2015-11-23,50.87,51.24,50.61,51.04,156600,49.8775
2015-11-20,51.06,51.19,50.84,50.98,290200,49.8189
2015-11-19,50.97,51.74,50.95,51.15,264200,49.985
2015-11-18,50.50,50.92,50.11,50.66,320200,49.5061
2015-11-17,49.40,50.22,49.32,50.11,288700,48.9687
2015-11-16,48.27,49.21,48.25,48.91,357600,47.796
2015-11-13,48.42,48.87,48.075,48.65,472100,47.5419
2015-11-12,48.78,48.86,48.285,48.52,326600,47.4149
2015-11-11,48.67,48.995,48.355,48.775,260100,47.6641
2015-11-10,48.845,48.93,47.67,48.555,411100,47.4491
2015-11-09,49.90,50.24,48.725,48.75,366100,47.6396
2015-11-06,49.68,50.09,49.205,49.905,441200,48.7683
2015-11-05,49.80,50.74,47.805,49.90,1158100,48.7635
2015-11-04,54.39,54.82,53.63,53.81,316000,52.5844
2015-11-03,55.04,55.12,54.08,54.25,278200,53.0144
2015-11-02,54.87,55.64,54.75,54.92,232200,53.6691
2015-10-30,54.55,54.99,54.18,54.95,343900,53.6984
2015-10-29,54.22,54.28,53.50,54.24,207700,53.0046
2015-10-28,52.59,54.04,52.43,53.97,234200,52.7408
2015-10-27,53.39,53.65,52.69,52.69,243900,51.4899
2015-10-26,53.67,53.95,53.52,53.60,296100,52.3792
2015-10-23,52.88,53.85,52.81,53.85,321000,52.6235
2015-10-22,50.18,52.62,50.18,52.30,422300,51.1088
2015-10-21,49.385,50.63,49.135,50.41,276400,49.2618
2015-10-20,49.66,49.79,48.955,49.19,175500,48.0696
2015-10-19,49.435,49.90,49.375,49.605,111300,48.4752
2015-10-16,49.83,50.10,49.105,49.56,208900,48.4312
2015-10-15,49.19,49.635,48.90,49.49,211200,48.3628
2015-10-14,48.35,48.695,48.13,48.63,243000,47.5224
2015-10-13,49.13,49.205,48.165,48.525,230600,47.4198
2015-10-12,49.705,49.80,49.015,49.315,232900,48.1918
2015-10-09,50.02,50.41,49.73,49.73,366800,48.5973
2015-10-08,49.435,49.955,49.205,49.70,225800,48.568
2015-10-07,50.10,50.48,49.305,49.475,293100,48.3481
2015-10-06,49.36,50.34,49.11,49.94,245500,48.8025
2015-10-05,49.205,50.00,49.07,49.445,230500,48.3188
2015-10-02,48.25,49.015,47.485,48.335,202000,47.2341
2015-10-01,48.93,49.675,47.94,47.96,245200,46.8676
2015-09-30,47.25,48.32,47.14,48.165,438300,47.068
2015-09-29,46.495,47.69,46.36,46.785,444200,45.7194
2015-09-28,48.00,48.145,47.075,47.285,240500,46.208
2015-09-25,47.675,48.39,47.385,48.165,227600,47.068
2015-09-24,47.54,47.895,46.635,46.89,303700,45.822
2015-09-23,48.055,48.085,47.25,47.525,366300,46.4426
2015-09-22,49.815,49.885,47.94,48.05,203000,46.9556
2015-09-21,48.29,50.08,48.18,49.675,321000,48.5436
2015-09-18,49.10,49.10,47.975,48.62,551200,47.5126
2015-09-17,49.58,49.695,49.305,49.395,154300,48.27
2015-09-16,49.785,50.10,49.35,49.47,224800,48.3433
2015-09-15,48.89,49.635,48.605,49.48,211300,48.353
2015-09-14,49.61,49.975,48.695,48.695,423000,47.5859
2015-09-11,50.00,50.10,49.235,49.52,224600,48.3921
2015-09-10,49.80,50.50,49.60,49.995,220900,48.8563
2015-09-09,50.38,50.61,49.88,50.21,301900,49.0664
2015-09-08,49.045,49.865,49.005,49.45,160600,48.3237
2015-09-07,49.06,49.225,48.475,48.795,149100,47.6836
2015-09-04,49.215,49.54,48.55,48.655,218800,47.5468
2015-09-03,49.72,50.31,49.42,49.85,255400,48.7146
2015-09-02,49.415,49.82,48.905,49.305,331800,48.182
2015-09-01,49.145,49.33,48.11,48.84,298700,47.7276
2015-08-31,49.47,50.20,49.26,49.58,254100,48.4507
2015-08-28,49.815,50.31,49.135,49.635,321700,48.5045
2015-08-27,49.165,49.945,48.25,49.595,522800,48.4654
2015-08-26,48.61,49.32,47.895,48.09,457800,46.9947
2015-08-25,49.015,49.67,48.37,49.19,485100,48.0696
2015-08-24,48.135,48.615,46.30,47.925,574800,46.8334
2015-08-21,50.40,51.61,49.85,49.85,309900,48.7146
2015-08-20,52.44,52.59,51.28,51.39,364300,50.2195
2015-08-19,53.12,53.19,52.61,52.69,208200,51.4899
2015-08-18,53.67,53.85,53.31,53.50,184900,52.2815
2015-08-17,54.38,54.66,53.40,53.80,198600,52.5746
2015-08-14,54.10,54.52,53.74,53.93,177000,52.7017
2015-08-13,54.02,55.00,53.82,54.06,293300,52.8287
2015-08-12,54.86,54.86,53.04,53.20,270800,51.9883
2015-08-11,55.67,56.91,55.13,55.40,245000,54.1382
2015-08-10,54.74,55.84,54.63,55.76,208100,54.49
2015-08-07,55.96,55.96,54.52,54.70,260000,53.4541
2015-08-06,54.25,56.62,54.25,55.47,481000,54.2066
2015-08-05,53.36,53.36,52.43,53.02,263900,51.8124
2015-08-04,52.37,53.43,52.09,53.19,255600,51.9785
2015-08-03,50.63,52.84,50.59,52.55,300000,51.3531
2015-07-31,51.06,51.27,50.24,50.63,430300,49.4768
2015-07-30,52.04,52.26,50.93,51.15,269200,49.985
2015-07-29,51.20,51.99,50.94,51.78,283400,50.6006
2015-07-28,50.77,51.18,50.08,51.06,271100,49.897
2015-07-27,51.50,51.58,50.26,50.35,167600,49.2032
2015-07-24,52.51,52.96,51.67,51.83,145900,50.6495
2015-07-23,52.76,52.92,52.25,52.50,162600,51.3042
2015-07-22,52.62,52.76,52.17,52.37,119700,51.1772
2015-07-21,53.16,53.31,52.76,52.88,138400,51.6756
2015-07-20,53.00,53.77,53.00,53.15,250300,51.9394
2015-07-17,53.53,53.57,53.00,53.08,212300,51.871
2015-07-16,53.33,53.74,53.10,53.44,210400,52.2228
2015-07-15,53.10,53.40,52.88,52.94,182100,51.7342
2015-07-14,52.97,53.15,52.64,52.99,172300,51.7831
2015-07-13,52.50,53.02,52.50,52.90,304300,51.6951
2015-07-10,52.18,52.26,51.59,52.10,157500,50.9133
2015-07-09,50.48,51.22,50.24,51.00,199800,49.8384
2015-07-08,50.40,50.52,49.90,50.14,402400,48.998
2015-07-07,51.51,51.76,50.19,50.20,225100,49.0566
2015-07-06,50.91,51.74,50.71,51.24,195600,50.0729
2015-07-03,51.75,51.99,51.51,51.63,154900,50.4541
2015-07-02,52.42,52.53,51.73,51.75,170300,50.5713
2015-07-01,52.00,52.73,51.67,52.32,253300,51.1283
2015-06-30,52.47,52.55,51.43,51.43,374400,50.2586
2015-06-29,51.81,53.38,51.50,52.41,215900,51.2163
2015-06-26,54.05,54.35,53.61,53.96,258300,52.731
2015-06-25,53.85,54.66,53.81,54.22,169300,52.9851
2015-06-24,54.21,54.33,53.91,54.05,237600,52.8189
2015-06-23,53.66,54.33,53.41,54.17,279100,52.9362
2015-06-22,53.32,53.51,52.71,53.25,237100,52.0372
2015-06-19,52.63,53.48,52.19,52.22,648600,51.0306
2015-06-18,51.40,52.46,50.66,52.39,410000,51.1967
2015-06-17,51.69,52.18,51.45,51.68,354100,50.5029
2015-06-16,50.86,51.82,50.65,51.67,315800,50.4931
2015-06-15,50.79,51.38,50.55,51.16,344800,49.9948
2015-06-12,51.78,51.97,50.90,51.40,336000,50.2293
2015-06-11,51.30,52.38,51.20,51.94,266700,50.757
2015-06-10,50.72,51.34,50.31,51.24,416100,50.0729
2015-06-09,51.14,51.81,50.02,51.50,419900,49.4475
2015-06-08,52.49,52.49,51.42,51.42,330500,49.3707
2015-06-05,53.40,53.43,52.49,52.50,243800,50.4077
2015-06-04,54.05,54.20,53.44,53.69,240200,51.5502
2015-06-03,54.99,55.09,54.32,54.38,298800,52.2127
2015-06-02,55.47,55.53,54.52,54.75,230400,52.568
2015-06-01,55.40,55.82,55.02,55.29,135000,53.0865
2015-05-29,55.83,56.16,54.93,54.99,315900,52.7984
2015-05-28,55.68,55.86,55.30,55.64,273000,53.4225
2015-05-27,55.35,55.89,54.98,55.76,394500,53.5377
2015-05-26,56.51,56.67,55.23,55.41,266500,53.2017
2015-05-25,56.50,56.50,56.50,56.50,000,54.2482
2015-05-22,56.66,56.92,56.26,56.50,148100,54.2482
2015-05-21,56.48,56.88,56.33,56.75,187900,54.4883
2015-05-20,56.50,56.56,56.21,56.49,255000,54.2386
2015-05-19,55.15,56.72,55.03,56.50,452400,54.2482
2015-05-18,57.46,57.89,56.69,57.20,207000,54.9203
2015-05-15,57.11,57.46,56.74,57.25,246300,54.9683
2015-05-14,55.46,57.00,55.11,56.88,205000,54.6131
2015-05-13,55.81,56.63,55.60,55.84,312300,53.6145
2015-05-12,55.74,55.92,54.98,55.67,284600,53.4513
2015-05-11,56.07,56.33,55.52,56.07,302300,53.8354
2015-05-08,55.13,56.25,54.84,56.12,301700,53.8834
2015-05-07,55.17,55.17,53.13,54.50,429100,52.3279
2015-05-06,53.97,54.50,53.17,53.69,329800,51.5502
2015-05-05,54.89,55.91,53.52,53.59,376700,51.4542
2015-05-04,54.08,54.89,53.89,54.69,220800,52.5104
2015-05-01,53.85,53.85,53.85,53.85,000,51.7039
2015-04-30,53.57,54.22,52.55,53.85,419300,51.7039
2015-04-29,55.15,55.57,53.12,53.12,316000,51.0029
2015-04-28,56.20,56.35,54.47,54.77,241900,52.5872
2015-04-27,55.45,55.98,54.78,55.83,141400,53.6049
2015-04-24,54.89,55.33,54.47,55.28,229200,53.0769
2015-04-23,55.54,55.79,54.33,54.64,336900,52.4624
2015-04-22,56.06,56.58,55.06,55.26,256400,53.0577
2015-04-21,56.28,57.12,55.88,55.98,218400,53.749
2015-04-20,55.73,56.31,55.67,55.88,247500,53.653
2015-04-17,57.06,57.65,55.64,55.68,321900,53.4609
2015-04-16,58.46,58.50,57.15,57.42,312300,55.1316
2015-04-15,58.80,59.39,58.39,58.52,223100,56.1877
2015-04-14,58.87,59.27,58.67,58.80,281300,56.4566
2015-04-13,58.49,59.18,58.13,58.91,235600,56.5622
2015-04-10,58.42,58.70,58.14,58.45,230600,56.1205
2015-04-09,57.40,58.30,56.99,58.28,269700,55.9573
2015-04-08,56.94,57.06,56.62,56.93,165100,54.6611
2015-04-07,56.85,57.22,56.59,57.09,230600,54.8147
2015-04-06,56.45,56.45,56.45,56.45,000,54.2002
2015-04-03,56.45,56.45,56.45,56.45,000,54.2002
2015-04-02,56.04,56.59,56.04,56.45,211200,54.2002
2015-04-01,55.41,56.52,55.21,56.14,287600,53.9026
2015-03-31,55.58,56.82,55.42,55.76,520000,53.5377
2015-03-30,54.38,55.90,54.32,55.56,259300,53.3457
2015-03-27,54.82,55.13,54.13,54.27,286700,52.1071
2015-03-26,54.77,54.88,53.60,54.47,364000,52.2991
2015-03-25,55.57,56.01,55.34,55.39,317700,53.1825
2015-03-24,54.23,55.85,53.30,55.54,281700,53.3265
2015-03-23,55.99,56.09,54.29,54.74,272200,52.5584
2015-03-20,55.00,56.53,54.72,56.10,518100,53.8642
2015-03-19,53.98,54.96,53.80,54.85,416800,52.664
2015-03-18,56.16,56.89,52.20,53.68,589500,51.5406
2015-03-17,55.60,55.77,54.43,54.78,228200,52.5968
2015-03-16,55.35,56.02,54.94,55.60,262400,53.3841
2015-03-13,54.55,55.41,54.33,55.15,352400,52.952
2015-03-12,53.66,54.46,53.47,54.38,255800,52.2127
2015-03-11,53.36,53.74,53.12,53.51,274100,51.3774
2015-03-10,52.90,53.53,52.53,52.96,340800,50.8493
2015-03-09,52.65,53.10,52.39,52.86,443500,50.7533
2015-03-06,52.40,52.79,52.08,52.59,299300,50.4941
2015-03-05,51.85,52.42,51.70,52.28,347500,50.1964
2015-03-04,51.54,51.64,51.15,51.62,244000,49.5627
2015-03-03,52.51,52.51,51.43,51.46,253800,49.4091
2015-03-02,52.17,52.91,52.16,52.33,161500,50.2444
2015-02-27,51.95,52.39,51.89,52.25,231000,50.1676
2015-02-26,51.91,52.13,51.72,52.02,201800,49.9468
2015-02-25,51.98,52.58,51.84,52.01,205500,49.9372
2015-02-24,52.51,52.63,51.50,51.93,226300,49.8604
2015-02-23,52.26,52.54,51.74,52.45,216800,50.3596
2015-02-20,51.58,52.12,51.57,52.02,158700,49.9468
2015-02-19,50.86,51.97,50.70,51.72,165400,49.6587
2015-02-18,50.64,51.25,50.64,51.11,146600,49.0731
2015-02-17,50.99,51.11,50.27,50.52,163800,48.5066
2015-02-16,50.96,51.20,50.69,50.84,153300,48.8138
2015-02-13,50.55,51.14,50.32,51.06,245800,49.025
2015-02-12,49.555,50.48,49.555,50.35,244100,48.3433
2015-02-11,49.715,49.875,49.275,49.62,156800,47.6424
2015-02-10,49.095,49.895,48.94,49.695,163600,47.7144
2015-02-09,49.12,49.255,48.27,49.13,258900,47.172
2015-02-06,49.85,50.10,49.45,49.595,196700,47.6184
2015-02-05,49.49,49.995,49.29,49.875,277700,47.8873
2015-02-04,49.30,49.795,48.895,49.795,261700,47.8105
2015-02-03,49.18,49.65,49.03,49.15,319400,47.1912
2015-02-02,48.28,48.97,47.88,48.945,384700,46.9943
2015-01-30,47.235,48.455,47.00,48.32,550700,46.3942
2015-01-29,46.96,47.095,46.605,46.865,422000,44.9972
2015-01-28,46.87,47.19,46.67,46.93,348000,45.0596
2015-01-27,47.65,47.735,46.63,46.76,214800,44.8964
2015-01-26,47.50,47.62,47.19,47.62,243400,45.7221
2015-01-23,46.45,47.65,46.32,47.645,285100,45.7461
2015-01-22,45.94,46.075,45.14,45.995,280800,44.1619
2015-01-21,46.025,46.025,45.32,45.895,280300,44.0659
2015-01-20,46.175,46.655,45.82,46.025,277900,44.1907
2015-01-19,45.535,46.175,45.265,46.13,180100,44.2915
2015-01-16,45.35,45.50,45.05,45.35,269600,43.5426
2015-01-15,45.05,45.51,44.25,45.51,350600,43.6962
2015-01-14,44.61,45.23,44.295,44.68,218200,42.8993
2015-01-13,44.90,45.165,44.51,45.045,321900,43.2498
2015-01-12,45.01,45.225,44.545,44.88,212100,43.0913
2015-01-09,44.965,45.955,44.53,44.76,313500,42.9761
2015-01-08,44.88,45.225,44.665,45.035,331900,43.2402
2015-01-07,44.91,45.03,43.95,44.215,404900,42.4528
2015-01-06,45.315,45.35,44.705,44.705,281100,42.9233
2015-01-05,45.845,46.635,45.12,45.33,203600,43.5234
2015-01-02,46.90,46.90,45.95,46.075,197900,44.2387
2015-01-01,46.51,46.51,46.51,46.51,000,44.6564
2014-12-31,46.51,46.51,46.51,46.51,000,44.6564
2014-12-30,46.40,46.85,46.365,46.51,136400,44.6564
2014-12-29,46.80,46.94,46.30,46.555,104300,44.6996
2014-12-26,46.66,46.66,46.66,46.66,000,44.8004
2014-12-25,46.66,46.66,46.66,46.66,000,44.8004
2014-12-24,46.66,46.66,46.66,46.66,000,44.8004
2014-12-23,46.41,46.705,46.34,46.66,141700,44.8004
2014-12-22,46.29,46.82,46.17,46.365,188800,44.5172
2014-12-19,46.00,46.355,45.68,46.00,540700,44.1667
2014-12-18,44.25,45.92,44.215,45.775,503100,43.9507
2014-12-17,43.095,43.925,42.885,43.715,257300,41.9728
2014-12-16,43.52,43.71,42.26,43.44,499800,41.7087
2014-12-15,44.08,44.695,43.22,43.31,298400,41.5839
2014-12-12,44.395,44.715,44.135,44.15,215000,42.3904
2014-12-11,44.20,44.835,44.15,44.68,253600,42.8993
2014-12-10,44.12,44.425,43.715,44.20,337700,42.4384
2014-12-09,44.275,44.72,43.89,43.98,292500,42.2272
2014-12-08,44.90,45.03,44.605,44.88,162500,43.0913
2014-12-05,45.075,45.075,44.385,44.95,249300,43.1586
2014-12-04,45.225,45.425,44.795,44.90,201800,43.1105
2014-12-03,44.75,45.36,44.735,45.24,214600,43.437
2014-12-02,45.295,45.34,44.75,45.18,200100,43.3794
2014-12-01,44.00,45.29,43.73,45.00,301600,43.2066
2014-11-28,44.64,44.65,43.97,44.29,255400,42.5249
2014-11-27,44.79,44.99,44.505,44.71,133700,42.9281
2014-11-26,44.585,44.90,44.53,44.79,114000,43.0049
2014-11-25,44.40,44.72,44.26,44.575,335200,42.7985
2014-11-24,44.215,44.555,44.02,44.31,197100,42.5441
2014-11-21,42.95,44.59,42.95,44.23,483800,42.4672
2014-11-20,42.94,42.965,42.165,42.965,198200,41.2527
2014-11-19,42.30,42.94,42.235,42.87,254000,41.1615
2014-11-18,41.83,42.51,41.64,42.275,371500,40.5902
2014-11-17,41.48,41.825,41.20,41.795,172600,40.1293
2014-11-14,41.85,41.915,41.45,41.71,164600,40.0477
2014-11-13,42.305,42.47,41.395,41.635,335600,39.9757
2014-11-12,42.98,42.98,41.76,42.205,438900,40.523
2014-11-11,41.58,42.05,41.58,41.73,229400,40.0669
2014-11-10,41.19,41.925,41.10,41.59,257200,39.9325
2014-11-07,41.715,42.23,41.18,41.35,425100,39.702
2014-11-06,40.58,41.56,40.255,41.50,335800,39.8461
2014-11-05,39.55,41.945,39.52,40.445,843500,38.8331
2014-11-04,38.89,39.44,38.67,38.755,388500,37.2105
2014-11-03,38.62,38.91,38.45,38.865,252900,37.3161
2014-10-31,38.495,38.915,38.42,38.60,302400,37.0616
2014-10-30,37.775,38.00,37.415,37.94,236000,36.4279
2014-10-29,37.815,38.085,37.615,37.78,290300,36.2743
2014-10-28,37.40,37.80,37.30,37.615,215300,36.1159
2014-10-27,37.985,37.985,36.97,37.235,345200,35.751
2014-10-24,37.99,38.075,37.46,37.545,263600,36.0487
2014-10-23,37.88,38.32,37.27,38.13,282700,36.6104
2014-10-22,37.21,38.13,37.15,38.125,464500,36.6056
2014-10-21,35.48,37.23,35.31,37.125,407400,35.6454
2014-10-20,36.055,36.30,35.485,35.67,255500,34.2484
2014-10-17,35.465,36.285,35.285,36.275,378700,34.8293
2014-10-16,35.22,35.34,34.435,35.22,564700,33.8163
2014-10-15,35.15,35.97,34.885,34.94,597100,33.5475
2014-10-14,35.11,35.735,34.575,35.06,591500,33.6627
2014-10-13,35.545,35.945,35.335,35.38,289900,33.97
2014-10-10,36.645,36.65,35.685,35.89,463200,34.4596
2014-10-09,37.435,37.825,36.715,36.825,341400,35.3574
2014-10-08,37.195,37.195,36.765,37.08,321000,35.6022
2014-10-07,38.27,38.34,37.245,37.50,429900,36.0055
2014-10-06,38.10,38.495,38.01,38.35,321600,36.8216
2014-10-03,38.065,38.065,38.065,38.065,000,36.5479
2014-10-02,38.22,38.525,37.845,38.065,287900,36.5479
2014-10-01,38.91,39.385,38.305,38.455,297800,36.9224
2014-09-30,38.365,38.96,38.32,38.91,406100,37.3593
2014-09-29,38.345,38.385,38.095,38.165,200800,36.644
2014-09-26,38.62,38.705,38.09,38.31,420100,36.7832
2014-09-25,39.24,39.62,38.575,38.715,302000,37.172
2014-09-24,39.10,39.175,38.685,39.175,196300,37.6137
2014-09-23,39.19,39.50,38.945,39.055,323700,37.4985
2014-09-22,39.50,39.74,39.205,39.365,271900,37.7961
2014-09-19,39.685,39.725,39.405,39.615,708700,38.0362
2014-09-18,39.46,39.72,39.35,39.46,191700,37.8874
2014-09-17,39.55,39.905,39.465,39.485,126300,37.9114
2014-09-16,39.42,39.42,38.90,39.305,181900,37.7385
2014-09-15,39.735,39.97,39.50,39.525,167600,37.9498
2014-09-12,39.99,40.09,39.85,40.01,179200,38.4154
2014-09-11,39.94,40.23,39.94,40.105,233100,38.5066
2014-09-10,40.00,40.355,39.805,39.89,281100,38.3002
2014-09-09,40.32,40.445,39.99,40.045,145800,38.449
2014-09-08,40.40,40.43,40.145,40.43,134700,38.8187
2014-09-05,40.55,40.73,40.34,40.405,138800,38.7947
2014-09-04,40.59,40.965,40.355,40.625,228700,39.0059
2014-09-03,40.57,41.04,40.35,40.70,202800,39.0779
2014-09-02,40.235,40.325,40.015,40.215,206400,38.6123
2014-09-01,40.235,40.615,39.945,40.10,203800,38.5018
2014-08-29,40.405,40.44,39.90,40.275,374200,38.6699
2014-08-28,40.86,40.96,40.04,40.21,278400,38.6075
2014-08-27,41.275,41.275,40.80,40.865,239700,39.2364
2014-08-26,40.925,41.13,40.595,41.09,295300,39.4524
2014-08-25,40.90,40.93,40.49,40.93,153400,39.2988
2014-08-22,40.46,40.795,40.14,40.30,296100,38.6939
2014-08-21,39.685,40.375,39.63,40.375,399400,38.7659
2014-08-20,40.00,40.095,39.645,39.68,501600,38.0986
2014-08-19,40.12,40.58,40.00,40.00,383400,38.4058
2014-08-18,40.29,40.36,39.77,39.97,312600,38.377
2014-08-15,40.145,40.415,39.655,39.78,302800,38.1946
2014-08-14,39.925,40.145,39.85,39.965,295600,38.3722
2014-08-13,39.75,40.055,39.58,40.055,356000,38.4586
2014-08-12,40.005,40.335,39.525,39.60,401400,38.0218
2014-08-11,39.42,40.295,39.38,40.15,640200,38.5499
2014-08-08,36.78,39.45,36.74,38.81,663100,37.2633
2014-08-07,36.38,38.20,36.16,37.30,968000,35.8134
2014-08-06,39.395,39.57,38.90,38.90,442500,37.3497
2014-08-05,40.00,40.29,39.64,39.69,220700,38.1082
2014-08-04,40.41,40.41,39.865,39.945,316900,38.353
2014-08-01,40.00,40.215,39.465,40.015,436500,38.4202
2014-07-31,41.40,41.5167,40.0333,40.0833,598000,12.8286
2014-07-30,41.30,41.50,40.5833,41.45,466200,13.266
2014-07-29,41.7667,42.0333,41.3333,41.3333,292000,13.2287
2014-07-28,124.7499,125.7999,123.3999,124.80,376200,39.9421
2014-07-25,126.00,126.45,124.5999,124.5999,368600,39.878
2014-07-24,126.00,127.4001,125.7999,126.15,251200,40.3741
2014-07-23,126.90,127.35,125.70,125.7999,215000,40.2621
2014-07-22,126.00,127.35,126.00,126.5499,205900,40.5021
2014-07-21,127.35,127.35,126.15,126.30,229000,40.4221
2014-07-18,126.2001,127.7499,124.2999,127.4499,346300,40.7902
2014-07-17,128.7999,129.0501,126.6999,126.75,306800,40.5662
2014-07-16,128.6001,129.6501,128.4999,129.0501,291000,41.3023
2014-07-15,130.2999,130.7499,128.40,128.40,245800,41.0942
2014-07-14,129.2001,131.0001,128.7999,130.8501,140700,41.8784
2014-07-11,129.9999,130.1001,128.1999,128.7501,223100,41.2063
2014-07-10,129.8499,130.35,128.3001,129.60,305900,41.4783
2014-07-09,131.40,131.40,129.90,130.50,211800,41.7663
2014-07-08,132.6501,132.90,130.7499,130.95,226500,41.9104
2014-07-07,133.50,133.8501,131.85,132.0999,337600,42.2784
2014-07-04,133.35,135.2001,133.2999,133.8999,110300,42.8545
2014-07-03,133.80,134.1999,133.20,133.8501,122200,42.8385
2014-07-02,134.9001,134.9001,131.4999,133.50,318800,42.7265
2014-07-01,131.25,134.3001,131.0001,134.3001,272600,42.9826
2014-06-30,131.1999,132.0999,130.50,130.50,345500,41.7663
2014-06-27,132.5499,133.8501,131.1999,131.1999,436800,41.9903
2014-06-26,131.10,132.3501,129.6999,132.3501,268100,42.3585
2014-06-25,132.9999,133.2501,128.3499,130.8999,412500,41.8943
2014-06-24,134.70,134.9001,132.60,133.50,170200,42.7265
2014-06-23,135.60,135.90,134.4501,134.6001,167900,43.0786
2014-06-20,136.1001,137.10,135.15,135.9501,315600,43.5106
2014-06-19,137.0001,137.1501,135.6999,135.6999,172200,43.4306
2014-06-18,134.3499,136.4499,134.0499,136.05,258200,43.5426
2014-06-17,136.80,137.4501,136.05,136.80,192700,41.2863
2014-06-16,136.80,137.1999,136.1001,136.65,198000,41.241
2014-06-13,138.15,138.3999,136.7499,137.0499,221000,41.3617
2014-06-12,140.55,141.00,139.4001,139.4001,163700,42.071
2014-06-11,141.0501,141.6501,140.0499,140.7501,143400,42.4784
2014-06-10,141.2001,141.60,140.0001,141.0999,194000,42.584
2014-06-09,141.45,141.8001,140.40,141.15,149200,42.5991
2014-06-06,138.5001,141.0999,138.5001,140.4999,183300,42.4029
2014-06-05,137.9499,138.8001,137.55,138.5499,141800,41.8144
2014-06-04,137.1999,137.6499,136.35,137.6499,137200,41.5428
2014-06-03,135.9999,137.3001,135.0999,137.0001,224000,41.3467
2014-06-02,137.9001,138.45,136.5501,136.95,228200,41.3315
2014-05-30,137.6499,138.3999,136.7499,137.0499,286500,41.3617
2014-05-29,138.15,138.2001,136.7001,138.00,128800,41.6484
2014-05-28,139.95,140.4501,138.00,138.2001,207900,41.7088
2014-05-27,138.3999,140.55,138.30,139.80,191400,42.1917
2014-05-26,137.7999,138.9501,137.10,138.2001,119300,41.7088
2014-05-23,136.7001,138.2001,136.7001,137.25,166300,41.4221
2014-05-22,135.5001,137.0001,135.3999,136.5501,127300,41.2109
2014-05-21,134.3001,136.1001,133.5999,135.2499,197400,40.8185
2014-05-20,135.2499,135.8499,134.6499,134.6499,184800,40.6374
2014-05-19,135.5499,135.90,135.00,135.45,187500,40.8788
2014-05-16,135.75,136.1499,134.0001,135.3501,287200,40.8487
2014-05-15,135.2001,136.20,134.3001,135.5001,297600,40.894
2014-05-14,134.3001,135.30,134.1999,135.2001,264300,40.8034
2014-05-13,133.8999,134.4999,133.2999,133.8501,171800,40.396
2014-05-12,132.5001,133.8501,132.2499,133.7499,144700,40.3658
2014-05-09,131.1501,132.45,130.8501,132.2499,99500,39.9131
2014-05-08,130.7001,131.55,129.9501,131.3001,168600,39.6264
2014-05-07,126.75,131.4999,126.75,130.5501,367700,39.4001
2014-05-06,131.4501,131.9001,129.30,129.30,183200,39.0228
2014-05-05,131.40,131.6499,129.9999,131.1501,104500,39.5811
2014-05-02,130.35,132.00,129.90,131.40,169300,39.6565
2014-05-01,130.35,130.35,130.35,130.35,000,39.3397
2014-04-30,130.05,130.4001,129.2499,130.35,198600,39.3397
2014-04-29,130.4001,131.40,129.5001,130.20,176800,39.2944
2014-04-28,129.8001,131.1501,129.0501,129.5001,153600,39.0832
2014-04-25,132.45,132.9999,129.5001,129.90,161800,39.2038
2014-04-24,133.50,134.25,131.3001,132.9999,269600,40.1394
2014-04-23,133.2999,133.35,132.2001,132.5499,215400,40.0036
2014-04-22,130.05,132.75,130.05,132.75,228900,40.064
2014-04-21,129.75,129.75,129.75,129.75,000,39.1586
2014-04-18,129.75,129.75,129.75,129.75,000,39.1586
2014-04-17,129.00,130.2501,128.4999,129.75,189200,39.1586
2014-04-16,128.25,129.00,127.4001,128.4501,165900,38.7663
2014-04-15,129.2001,129.8001,126.3999,126.8499,329500,38.2833
2014-04-14,128.1501,129.30,126.8499,128.9001,182900,38.9021
2014-04-11,130.7499,131.1999,128.85,129.0501,276000,38.9474
2014-04-10,132.9999,133.4499,131.25,131.85,222100,39.7924
2014-04-09,133.80,133.8501,132.00,132.3999,239900,39.9583
2014-04-08,135.00,135.30,132.9999,133.5999,211500,40.3205
2014-04-07,134.70,135.8001,133.2999,134.9001,202500,40.7129
2014-04-04,135.3999,136.65,134.7501,135.8001,229400,40.9845
2014-04-03,133.4499,134.85,133.05,134.7501,176000,40.6676
2014-04-02,135.6501,135.9999,133.05,133.50,311000,40.2903
2014-04-01,135.00,135.8001,134.7501,135.00,177700,40.743
2014-03-31,135.3999,136.2501,134.4501,134.6499,281300,40.6374
2014-03-28,134.4999,136.05,134.4501,135.0501,173500,40.7582
2014-03-27,133.4001,134.85,132.8499,133.95,156900,40.4261
2014-03-26,132.3999,134.3499,132.30,133.2501,161900,40.2149
2014-03-25,132.00,133.5999,131.6001,132.5001,290800,39.9886
2014-03-24,132.30,132.8499,131.40,132.30,314900,39.9282
2014-03-21,129.9999,131.55,129.30,131.3001,448800,39.6264
2014-03-20,131.0001,131.10,128.6499,129.60,324500,39.1133
2014-03-19,132.9999,134.1501,131.4999,132.00,373100,39.8376
2014-03-18,129.8499,132.3999,129.00,130.8999,235700,39.5056
2014-03-17,127.35,130.4001,127.2999,129.8499,205200,39.1887
2014-03-14,125.25,127.50,124.35,127.20,321100,38.389
2014-03-13,130.35,130.8999,126.45,126.45,289500,38.1626
2014-03-12,131.3499,132.0501,129.15,130.35,227700,39.3397
2014-03-11,131.3001,132.9501,130.5501,132.0999,162700,39.8678
2014-03-10,132.5001,132.75,130.1499,131.4501,238200,39.6717
2014-03-07,134.3001,135.3999,133.4499,133.4499,194600,40.2752
2014-03-06,134.4999,135.00,134.0001,134.3001,192500,40.5318
2014-03-05,134.0499,134.70,133.65,134.25,152000,40.5167
2014-03-04,132.5001,134.10,132.2499,134.10,263100,40.4714
2014-03-03,132.0999,132.8499,131.25,131.25,322700,39.6113
2014-02-28,134.0001,135.2001,133.95,134.7501,253000,40.6676
2014-02-27,134.4999,134.9499,133.4499,134.10,169600,40.4714
2014-02-26,136.2999,136.8501,134.6499,134.7999,153100,40.6826
2014-02-25,134.9001,136.80,133.65,136.7001,189300,41.2561
2014-02-24,134.3001,135.30,133.95,134.9499,242800,40.7279
2014-02-21,134.4999,134.9499,134.0001,134.4999,89300,40.5921
2014-02-20,133.7499,134.70,133.05,134.3001,147000,40.5318
2014-02-19,134.40,135.3501,133.4001,135.0999,136500,40.7732
2014-02-18,134.40,134.4999,133.4001,134.3001,88700,40.5318
2014-02-17,132.6999,134.4501,132.5499,134.1501,106200,40.4865
2014-02-14,133.2501,134.55,132.3501,132.60,185600,40.0187
2014-02-13,132.5499,133.35,130.80,133.2501,156500,40.2149
2014-02-12,132.9999,134.9499,132.5001,132.5001,178800,39.9886
2014-02-11,130.95,133.5999,130.95,132.75,228800,40.064
2014-02-10,130.20,132.15,130.1001,130.65,202500,39.4302
2014-02-07,128.9001,130.5501,128.3001,130.1499,222600,39.2793
2014-02-06,126.9999,128.6001,126.6501,128.3001,196700,38.721
2014-02-05,124.8999,126.5499,124.50,126.0501,226200,38.0419
2014-02-04,125.6001,125.7999,124.65,124.8501,342500,37.6798
2014-02-03,128.3499,129.5001,126.3999,126.60,182800,38.2079
2014-01-31,128.6499,129.30,126.2001,128.0001,269900,38.6305
2014-01-30,128.9499,129.90,128.0499,128.6499,306500,38.8266
2014-01-29,129.60,129.9501,126.3501,129.15,359900,38.9775
2014-01-28,127.5999,128.6001,127.05,128.1501,680800,38.6757
2014-01-27,126.5001,126.5001,124.2501,124.2501,420900,37.4987
2014-01-24,130.2501,130.95,126.75,126.8499,438500,38.2833
2014-01-23,131.0499,132.90,130.80,132.3999,177400,39.9583
2014-01-22,131.85,132.0501,130.95,131.4999,151600,39.6867
2014-01-21,132.5499,132.90,131.1501,131.6499,199900,39.732
2014-01-20,133.7499,134.1999,132.5499,132.8001,181900,40.0791
2014-01-17,133.65,134.85,133.5501,134.10,288100,40.4714
2014-01-16,132.5001,133.8501,131.7999,133.8501,261200,40.396
2014-01-15,128.9499,132.2499,128.9499,132.15,251700,39.8829
2014-01-14,128.7501,128.9499,127.35,128.6001,201500,38.8115
2014-01-13,126.9999,129.45,126.9999,128.4501,292500,38.7663
2014-01-10,124.80,127.65,123.6501,126.6999,522600,38.2381
2014-01-09,130.4499,131.1999,129.15,129.8001,270600,39.1737
2014-01-08,132.2001,132.2001,130.05,130.4499,292300,39.3698
2014-01-07,132.8001,132.8001,131.55,132.00,294700,39.8376
2014-01-06,133.65,133.65,132.2499,132.5499,218400,40.0036
2014-01-03,133.8999,134.6001,133.4001,134.0001,208800,40.4413
2014-01-02,135.0999,135.5001,133.2999,133.7499,157100,40.3658
2014-01-01,134.7501,134.7501,134.7501,134.7501,000,40.6676
2013-12-31,134.7501,134.7501,134.7501,134.7501,000,40.6676
2013-12-30,133.8999,134.85,133.35,134.7501,161100,40.6676
2013-12-27,132.9999,134.0499,132.2001,134.0499,207200,40.4563
2013-12-26,132.6501,132.6501,132.6501,132.6501,000,40.0338
2013-12-25,132.6501,132.6501,132.6501,132.6501,000,40.0338
2013-12-24,132.6501,132.6501,132.6501,132.6501,000,40.0338
2013-12-23,132.2499,133.35,131.9499,132.6501,113500,40.0338
2013-12-20,131.1999,132.15,130.2999,131.9499,319100,39.8225
2013-12-19,131.85,132.8001,130.2999,130.95,236500,39.5207
2013-12-18,132.0999,133.35,130.1499,131.0001,292100,39.5359
2013-12-17,131.1501,133.5999,130.95,132.00,217400,39.8376
2013-12-16,128.6499,130.5999,128.40,130.5501,148600,39.4001
2013-12-13,127.50,129.00,127.4001,128.4999,161500,38.7813
2013-12-12,128.3499,128.4501,127.1001,127.5999,192700,38.5097
2013-12-11,128.6499,129.3999,128.1501,128.55,202900,38.7964
2013-12-10,129.30,129.60,127.7499,128.85,268300,38.887
2013-12-09,127.50,129.30,127.1499,129.0999,154600,38.9624
2013-12-06,127.35,127.5999,126.75,127.1001,209400,38.3588
2013-12-05,126.60,126.90,124.8501,126.45,227200,38.1626
2013-12-04,128.0001,129.2499,126.30,127.1499,198900,38.3739
2013-12-03,130.65,130.8501,128.10,128.3001,240700,38.721
2013-12-02,130.5999,131.1999,129.8499,130.4499,110100,39.3698
2013-11-29,131.3499,132.00,130.50,130.7001,137500,39.4453
2013-11-28,129.9999,132.0501,129.6999,131.1999,191300,39.5962
2013-11-27,129.75,131.0499,129.75,130.2999,287100,39.3245
2013-11-26,129.90,130.2501,129.0999,129.75,331600,39.1586
2013-11-25,131.55,131.55,129.6999,129.75,360100,39.1586
2013-11-22,131.0499,133.1499,130.65,130.95,317700,39.5207
2013-11-21,128.0499,131.40,127.7499,130.95,315600,39.5207
2013-11-20,128.40,129.6999,127.7499,129.0999,201100,38.9624
2013-11-19,128.25,129.00,127.7001,128.7999,111000,38.8718
2013-11-18,129.00,129.45,127.5501,128.4501,157200,38.7663
2013-11-15,126.90,129.2001,125.9499,128.9499,219500,38.9171
2013-11-14,126.0999,127.4499,126.0999,126.5499,188600,38.1928
2013-11-13,124.80,125.0001,124.4001,125.0001,185300,37.7251
2013-11-12,124.95,125.1501,123.9999,125.0001,242300,37.7251
2013-11-11,123.45,125.1999,123.2001,125.0499,190900,37.7401
2013-11-08,123.30,123.45,120.5001,123.0501,184400,37.1365
2013-11-07,123.45,124.2999,123.2001,123.6999,291200,37.3327
2013-11-06,120.9999,124.2501,120.9999,123.45,392600,37.2572
2013-11-05,123.3999,123.6501,119.7999,120.90,274500,36.4876
2013-11-04,123.9501,124.1499,122.6001,123.00,157000,37.1214
2013-11-01,124.95,125.10,122.6499,123.3501,276600,37.2271
2013-10-31,123.9999,125.6499,123.9999,124.80,299800,37.6647
2013-10-30,123.90,124.7001,123.6501,124.5501,169400,37.5892
2013-10-29,122.9499,124.2501,122.9001,123.75,205000,37.3478
2013-10-28,123.2499,123.30,122.25,123.0501,171400,37.1365
2013-10-25,122.4501,123.0501,121.8999,122.7501,140000,37.046
2013-10-24,122.3001,122.85,121.7001,122.85,140600,37.0762
2013-10-23,122.0499,122.85,121.80,122.3001,139800,36.9102
2013-10-22,121.5501,122.4999,121.5501,122.1999,191400,36.88
2013-10-21,120.9501,122.7501,120.75,122.3499,208700,36.9252
2013-10-18,120.45,120.9501,120.00,120.8499,216400,36.4725
2013-10-17,120.2499,120.8001,119.85,120.00,199300,36.216
2013-10-16,121.1499,121.5501,119.85,120.5499,211300,36.382
2013-10-15,120.9999,122.9001,120.6501,121.50,266600,36.6687
2013-10-14,120.15,120.5001,119.25,120.45,162200,36.3518
2013-10-11,117.8001,120.30,117.8001,120.00,339800,36.216
2013-10-10,117.60,118.4001,116.70,118.2501,254900,35.6879
2013-10-09,118.7001,118.7001,117.00,117.60,193400,35.4917
2013-10-08,120.00,120.3999,118.7499,119.0001,166300,35.9143
2013-10-07,119.85,120.5001,118.8501,120.2001,201900,36.2764
2013-10-04,120.0999,120.2001,119.1501,119.55,207200,36.0802
2013-10-03,120.9999,121.20,119.70,120.00,321700,36.216
2013-10-02,122.7501,122.7501,120.45,120.6999,298600,36.4273
2013-10-01,123.6501,124.50,122.3499,122.7999,335200,37.061
2013-09-30,123.6501,123.75,122.4501,123.0501,440100,37.1365
2013-09-27,124.5501,125.40,124.2501,124.50,218900,37.5741
2013-09-26,123.00,124.5999,123.00,124.1499,191100,37.4685
2013-09-25,122.4999,123.60,122.25,123.5499,148500,37.2874
2013-09-24,123.30,124.1001,122.9499,123.00,173400,37.1214
2013-09-23,124.2999,124.2999,123.30,123.90,299000,37.393
2013-09-20,123.2499,125.1999,123.2499,123.9999,317100,37.4232
2013-09-19,124.65,126.00,123.2499,123.5001,261100,37.2724
2013-09-18,123.2499,123.9501,122.9001,123.8001,218200,37.3629
2013-09-17,123.3999,123.6999,122.6001,123.2499,168700,37.1968
2013-09-16,121.8501,123.9501,121.80,123.2499,275100,37.1968
2013-09-13,120.75,121.4499,119.70,120.3501,168500,36.3217
2013-09-12,121.8501,122.70,120.2499,120.75,156700,36.4424
2013-09-11,120.6501,122.0001,120.6501,121.80,141900,36.7593
2013-09-10,120.5001,121.35,120.3501,120.6999,225700,36.4273
2013-09-09,118.4001,121.1001,117.8001,120.00,273300,36.216
2013-09-06,118.05,119.0001,117.5499,118.35,211000,35.7181
2013-09-05,116.7501,118.2999,116.70,118.1001,250400,35.6426
2013-09-04,117.60,117.90,116.0001,116.70,214900,35.2201
2013-09-03,116.9001,118.05,116.3001,117.5499,317500,35.4766
2013-09-02,115.80,117.00,115.5999,116.85,131100,35.2654
2013-08-30,115.4499,115.95,114.45,114.9999,256600,34.707
2013-08-29,115.5501,116.55,114.6999,115.4001,307800,34.8278
2013-08-28,118.2999,118.7499,114.90,115.8501,296500,34.9636
2013-08-27,120.00,120.00,116.9499,118.65,244500,35.8086
2013-08-26,120.5001,120.6501,118.80,120.15,77600,36.2613
2013-08-23,120.0501,121.4001,119.55,120.6501,129500,36.4122
2013-08-22,118.5501,120.8499,118.20,120.0999,176700,36.2462
2013-08-21,119.4999,119.6499,118.20,118.4001,176100,35.7332
2013-08-20,119.3001,119.6001,117.5499,119.6001,206800,36.0953
2013-08-19,119.9001,120.6999,119.3499,119.55,266800,36.0802
2013-08-16,120.6999,121.35,119.0499,119.9499,231800,36.2009
2013-08-15,121.95,122.10,120.2001,120.9999,246500,36.5178
2013-08-14,119.4999,122.0001,119.4999,122.0001,345600,36.8197
2013-08-13,117.9501,120.3501,117.8499,119.25,255400,35.9897
2013-08-12,117.2001,118.2501,116.85,117.90,286600,35.5822
2013-08-09,117.8001,117.8001,115.20,117.00,528300,35.3106
2013-08-08,117.8001,119.0001,115.50,117.3999,512300,35.4313
2013-08-07,119.1501,119.4999,113.3001,119.1999,1757000,35.9746
2013-08-06,123.2001,123.45,122.1999,122.85,391500,37.0762
2013-08-05,122.9499,123.8001,122.85,123.2499,174000,37.1968
2013-08-02,123.2499,123.75,122.1501,122.9001,306200,37.0913
2013-08-01,121.80,123.9999,121.7001,123.2499,233600,37.1968
2013-07-31,122.7999,124.4499,122.7999,123.5001,261000,37.2724
2013-07-30,122.25,123.2001,122.0001,122.85,241600,37.0762
2013-07-29,122.1501,122.55,121.4001,121.8999,164500,36.7894
2013-07-26,123.9501,123.9501,121.50,122.0001,314400,36.8197
2013-07-25,123.5001,125.4999,122.9001,123.90,311600,37.393
2013-07-24,123.3501,123.6999,121.5999,122.70,219400,37.0309
2013-07-23,122.85,122.9499,121.2999,122.1501,182800,36.8649
2013-07-22,123.2499,123.5001,122.0001,122.9001,196300,37.0913
2013-07-19,123.45,125.1999,122.7999,123.30,189600,37.212
2013-07-18,123.6999,123.90,122.40,123.5001,343500,37.2724
2013-07-17,124.1001,124.2501,122.4501,123.6999,156900,37.3327
2013-07-16,124.80,125.0001,123.5001,124.05,100700,37.4383
2013-07-15,124.7499,125.70,124.2999,124.8501,202700,37.6798
2013-07-12,124.20,125.10,123.6999,124.7001,204400,37.6345
2013-07-11,123.6999,124.8501,122.6001,123.6501,266000,37.3176
2013-07-10,120.6999,122.6001,120.5499,122.0001,267800,36.8197
2013-07-09,118.65,121.4499,118.65,120.75,327700,36.4424
2013-07-08,119.0001,120.15,118.5999,118.5999,171400,35.7935
2013-07-05,119.25,120.5001,118.4001,118.80,331000,35.8539
2013-07-04,116.0001,119.25,115.95,119.0001,255900,35.9143
2013-07-03,115.65,116.40,114.6999,115.4001,282400,34.8278
2013-07-02,118.05,118.2501,115.8999,116.70,261700,35.2201
2013-07-01,117.3999,118.5501,116.6499,117.3999,268600,35.4313
2013-06-28,117.5001,117.8499,115.5501,116.70,474300,35.2201
2013-06-27,115.20,117.8499,114.9999,117.15,369000,35.3559
2013-06-26,114.5001,116.40,114.2499,116.3499,358600,35.1144
2013-06-25,109.5501,114.6501,109.50,114.5001,554400,34.5562
2013-06-24,109.95,110.7999,108.2499,108.8499,650600,32.8509
2013-06-21,115.80,116.40,111.0501,111.0501,1204200,33.5149
2013-06-20,116.40,116.7999,112.8999,115.7499,630500,34.9333
2013-06-19,119.9499,120.2001,118.8999,119.4501,250900,33.8771
2013-06-18,120.2001,120.8001,119.6499,120.00,196000,34.0331
2013-06-17,120.2499,120.90,119.85,120.00,144600,34.0331
2013-06-14,121.5999,121.5999,119.1999,119.7999,211100,33.9763
2013-06-13,119.6001,120.30,117.00,119.7501,339100,33.9622
2013-06-12,120.75,122.1501,120.75,121.2501,240800,34.3876
2013-06-11,121.80,122.10,120.75,121.2999,269800,34.4017
2013-06-10,122.0499,122.6001,121.5501,121.8999,189100,34.5719
2013-06-07,119.9499,122.4501,119.3001,121.4001,304600,34.4301
2013-06-06,119.7501,120.6999,119.6499,119.7999,246700,33.9763
2013-06-05,119.3001,120.5001,119.3001,120.00,341000,34.0331
2013-06-04,119.70,120.2001,119.0499,119.9001,310800,34.0047
2013-06-03,116.7999,119.85,116.1999,118.5501,432000,33.6219
2013-05-31,119.3499,120.45,116.6499,117.5001,744900,33.3241
2013-05-30,120.30,120.90,119.6001,119.7999,219000,33.9763
2013-05-29,122.6001,122.7501,120.15,120.15,235000,34.0756
2013-05-28,121.5999,123.2001,121.20,122.40,311200,34.7137
2013-05-27,121.7499,122.7501,121.4499,121.5501,167200,34.4727
2013-05-24,122.10,122.6499,121.05,121.65,389100,34.501
2013-05-23,123.0501,123.75,121.8501,122.10,315600,34.6286
2013-05-22,124.7499,125.4999,124.5501,124.95,271800,35.4369
2013-05-21,123.9999,125.1999,123.90,124.7499,396100,35.3802
2013-05-20,124.50,124.50,123.60,124.2999,264300,35.2526
2013-05-17,121.20,124.2501,120.90,123.5001,698200,35.0257
2013-05-16,121.4499,121.80,120.3999,121.5501,337900,34.4727
2013-05-15,120.9501,121.1001,120.0501,120.90,238600,34.2883
2013-05-14,118.7499,120.5499,117.9999,120.5001,424800,34.1749
2013-05-13,120.3999,121.1001,118.5501,118.8999,433400,33.7211
2013-05-10,119.9499,122.10,116.7501,121.1001,772400,34.3451
2013-05-09,121.80,122.55,120.00,120.0999,453000,34.0614
2013-05-08,125.0001,125.85,120.75,122.1501,1527700,34.6429
2013-05-07,132.15,132.30,130.5999,130.8999,407400,37.1244
2013-05-06,129.6501,131.6001,129.45,131.0499,197700,37.1669
2013-05-03,128.7999,129.8001,128.40,129.00,390900,36.5855
2013-05-02,129.75,132.0999,128.1999,129.2499,504500,36.6564
2013-05-01,129.45,129.45,129.45,129.45,000,36.7132
2013-04-30,128.55,129.45,127.5501,129.45,537500,36.7132
2013-04-29,127.20,128.25,126.5001,128.0001,170700,36.302
2013-04-26,127.1001,127.50,126.0501,126.5001,244800,35.8765
2013-04-25,126.8499,127.50,125.9001,127.1499,355000,36.0608
2013-04-24,126.6999,127.2501,125.6499,126.00,279600,35.7347
2013-04-23,124.50,127.4499,124.2999,126.5499,421400,35.8907
2013-04-22,123.6501,125.0001,122.9499,124.7001,259100,35.3661
2013-04-19,124.5999,124.8999,122.4999,123.30,260400,34.969
2013-04-18,122.9499,125.1501,121.65,123.3501,341400,34.9832
2013-04-17,125.0001,125.9499,121.8501,122.6001,316300,34.7705
2013-04-16,124.65,125.0001,122.9001,124.5501,242300,35.3235
2013-04-15,125.4501,126.0501,124.05,124.8501,196100,35.4086
2013-04-12,125.4999,126.0501,124.8999,125.4501,267400,35.5788
2013-04-11,124.7001,126.0501,124.7001,125.70,267700,35.6496
2013-04-10,121.80,125.10,121.20,125.0001,489000,35.4511
2013-04-09,122.3001,122.3001,120.0501,120.8499,405100,34.2741
2013-04-08,121.50,122.10,120.9501,121.5999,411400,34.4868
2013-04-05,124.05,124.05,120.15,120.9501,376500,34.3025
2013-04-04,127.80,127.80,122.70,123.3999,525600,34.9973
2013-04-03,126.0999,128.1501,125.4999,127.50,555900,36.1601
2013-04-02,123.9501,125.7999,123.45,125.40,485600,35.5645
2013-04-01,121.80,121.80,121.80,121.80,000,34.5436
2013-03-29,121.80,121.80,121.80,121.80,000,34.5436
2013-03-28,121.1001,122.1999,120.30,121.80,444500,34.5436
2013-03-27,123.2499,123.75,120.5001,121.2501,618300,34.3876
2013-03-26,119.85,123.6999,119.0499,122.10,680200,34.6286
2013-03-25,119.1501,119.7501,118.1499,118.95,365700,33.7353
2013-03-22,121.95,121.95,116.85,117.3501,611900,33.2815
2013-03-21,114.6999,121.65,113.9499,117.75,795500,33.3949
2013-03-20,114.30,115.5999,113.4501,113.85,366000,32.2889
2013-03-19,114.90,115.1499,113.6001,114.0999,195900,32.3597
2013-03-18,113.40,114.9999,113.0499,114.90,320700,32.5867
2013-03-15,112.2501,114.45,112.2501,114.45,503600,32.459
2013-03-14,113.4501,113.4501,111.5001,112.20,424000,31.8209
2013-03-13,113.40,114.75,112.5999,113.0499,266700,32.062
2013-03-12,113.0001,113.40,112.4499,112.8999,191200,32.0194
2013-03-11,113.25,113.40,112.20,112.8501,180800,32.0053
2013-03-08,114.3501,114.8499,112.7499,113.0001,243300,32.0478
2013-03-07,114.90,115.1499,113.6001,114.0999,164100,32.3597
2013-03-06,113.3001,114.90,112.8501,114.6501,281400,32.5158
2013-03-05,111.5499,113.4999,111.5499,112.7001,305600,31.9627
2013-03-04,110.40,111.8001,108.2001,111.5499,349000,31.6365
2013-03-01,109.20,110.4501,108.60,109.8999,213900,31.1686
2013-02-28,108.60,109.7499,107.9001,109.20,562600,30.9701
2013-02-27,109.50,109.7499,108.00,108.9501,225600,30.8992
2013-02-26,108.0999,109.4499,107.70,109.1499,333500,30.9559
2013-02-25,110.0001,110.6499,108.9501,109.50,245700,31.0552
2013-02-22,109.50,110.6001,109.4499,110.0001,199000,31.197
2013-02-21,110.3001,110.55,108.75,109.50,246200,31.0552
2013-02-20,110.85,111.90,110.3001,110.9499,323900,31.4664
2013-02-19,109.5999,110.7999,109.5999,110.70,200600,31.3955
2013-02-18,109.7499,109.80,108.9999,109.50,97900,31.0552
2013-02-15,109.2999,109.5999,108.6501,109.5999,199600,31.0835
2013-02-14,110.3499,111.2001,108.6999,109.05,223200,30.9275
2013-02-13,108.15,110.6001,108.0501,109.8501,355200,31.1545
2013-02-12,107.4501,107.7999,106.80,107.70,188300,30.5447
2013-02-11,108.3501,108.45,106.95,107.40,227100,30.4596
2013-02-08,108.3999,109.1001,107.25,108.15,280200,30.6723
2013-02-07,107.25,107.9001,106.5501,107.25,175900,30.417
2013-02-06,106.95,108.0999,106.05,107.3499,244900,30.4454
2013-02-05,106.4499,107.40,105.9501,106.95,188300,30.332
2013-02-04,109.1001,109.5501,105.90,106.80,384500,30.2894
2013-02-01,104.7999,108.0501,104.7999,107.6499,229300,30.5305
2013-01-31,105.9501,106.20,104.7501,104.9499,388700,29.7647
2013-01-30,106.4499,107.0001,105.6999,105.9501,207900,30.0484
2013-01-29,106.65,107.10,105.9999,106.1001,166500,30.0909
2013-01-28,106.7001,107.4501,106.35,106.8999,277600,30.3178
2013-01-25,105.3999,106.8501,105.0999,106.8501,362100,30.3036
2013-01-24,106.4001,106.8501,105.2001,105.6501,483100,29.9633
2013-01-23,105.9999,106.8501,105.5001,106.8501,302900,30.3036
2013-01-22,105.9501,105.9999,104.6001,105.9999,393200,30.0625
2013-01-21,106.2999,106.5501,104.25,105.75,309800,29.9916
2013-01-18,105.6501,106.2501,105.2499,106.2501,360800,30.1335
2013-01-17,103.95,105.0501,103.50,105.0501,352200,29.7931
2013-01-16,103.8999,104.1999,102.6999,104.0001,245600,29.4953
2013-01-15,102.00,105.5001,101.9001,103.7001,526100,29.4103
2013-01-14,101.6499,103.1001,101.3001,102.15,261400,28.9706
2013-01-11,102.30,102.60,100.8501,101.1999,240300,28.7012
2013-01-10,101.4999,103.50,101.1999,102.00,341000,28.9281
2013-01-09,99.7401,101.7999,99.3501,101.55,286800,28.8005
2013-01-08,99.3099,99.8001,99.0999,99.4599,205200,28.2077
2013-01-07,99.6999,99.8901,98.7999,99.7401,211600,28.2872
2013-01-04,99.60,99.6999,98.52,99.6999,231100,28.2758
2013-01-03,100.1001,100.2999,99.36,99.8301,186600,28.3127
2013-01-02,100.5501,101.70,99.24,99.90,339700,28.3325
2013-01-01,99.4299,99.4299,99.4299,99.4299,000,28.1992
2012-12-31,99.4299,99.4299,99.4299,99.4299,000,28.1992
2012-12-28,98.1999,99.4299,97.8999,99.4299,212600,28.1992
2012-12-27,99.0501,99.5499,98.4699,98.4999,168300,27.9354
2012-12-26,99.24,99.24,99.24,99.24,000,28.1453
2012-12-25,99.24,99.24,99.24,99.24,000,28.1453
2012-12-24,99.24,99.24,99.24,99.24,000,28.1453
2012-12-21,99.4401,99.5001,97.9599,99.24,535000,28.1453
2012-12-20,99.3399,99.8799,99.30,99.5199,245600,28.2247
2012-12-19,99.4401,100.4001,99.4401,99.5799,341700,28.2417
2012-12-18,100.7001,101.6499,99.39,99.4299,346600,28.1992
2012-12-17,101.0499,101.4501,100.4001,100.5999,245900,28.531
2012-12-14,100.5999,101.40,100.2501,101.1999,205500,28.7012
2012-12-13,101.6001,101.6001,99.8001,100.2999,285600,28.4459
2012-12-12,101.70,102.30,101.10,101.4999,371400,28.7863
2012-12-11,102.00,102.8001,101.70,102.60,262700,29.0983
2012-12-10,101.7501,102.30,101.0001,102.2499,227900,28.999
2012-12-07,102.00,102.75,100.7499,102.2001,473800,28.9849
2012-12-06,99.3201,102.8001,98.73,101.9499,844700,28.9139
2012-12-05,99.3501,99.6699,98.28,98.5701,320200,27.9554
2012-12-04,98.85,99.60,98.7501,98.9601,347300,28.066
2012-12-03,99.3099,100.2999,98.79,98.9199,369200,28.0546
2012-11-30,99.24,100.2501,99.09,99.3999,402600,28.1907
2012-11-29,98.8899,99.84,98.1699,99.3699,290500,28.1822
2012-11-28,97.98,98.9901,97.65,98.4999,330000,27.9354
2012-11-27,96.5001,98.5899,96.3201,98.1201,340000,27.8277
2012-11-26,96.8901,97.2099,95.9799,96.0999,249000,27.2548
2012-11-23,95.0301,97.3599,94.8999,96.9399,469800,27.493
2012-11-22,94.3401,95.0799,94.3401,95.0301,208100,26.9514
2012-11-21,94.0101,94.44,93.57,94.1901,281600,26.7131
2012-11-20,93.7599,94.4199,92.97,94.2501,321300,26.7302
2012-11-19,93.9801,94.8399,93.45,94.2399,317600,26.7273
2012-11-16,94.11,94.9101,93.6201,93.7299,305100,26.5826
2012-11-15,95.6199,95.97,94.3299,94.62,280800,26.8351
2012-11-14,96.9399,97.5801,95.70,96.00,414600,27.2264
2012-11-13,95.3601,97.4301,95.3601,97.1499,553400,27.5526
2012-11-12,96.00,96.6099,95.1501,96.2499,657700,27.2973
2012-11-09,95.3199,96.2799,94.5699,95.7399,622600,27.1527
2012-11-08,96.9099,96.9099,94.5699,95.04,356900,26.9542
2012-11-07,92.4999,97.50,90.2601,96.00,1198800,27.2264
2012-11-06,96.7299,98.2701,96.7299,97.4799,291400,27.6462
2012-11-05,97.1499,98.2101,96.63,96.7299,251200,27.4335
2012-11-02,98.94,99.0399,97.44,97.8201,274400,27.7426
2012-11-01,97.65,98.9901,97.32,98.6901,238700,27.9894
2012-10-31,97.3899,98.07,97.11,97.2399,199200,27.5781
2012-10-30,97.7799,98.16,97.59,97.6299,161100,27.6887
2012-10-29,97.11,97.8201,96.4101,97.5201,179100,27.6576
2012-10-26,95.2101,97.4499,94.7799,96.9801,358500,27.5044
2012-10-25,96.8199,96.87,95.7399,95.7399,319300,27.1527
2012-10-24,96.9999,97.02,95.76,96.5301,322500,27.3768
2012-10-23,98.7399,98.7399,96.48,96.7599,278700,27.442
2012-10-22,99.7299,99.7299,98.37,98.9199,228100,28.0546
2012-10-19,101.0001,101.0001,99.3399,99.4101,280100,28.1936
2012-10-18,100.2999,101.40,99.42,101.40,231600,28.7579
2012-10-17,101.4999,101.4999,99.75,100.4499,207300,28.4885
2012-10-16,100.4499,101.1999,99.7101,101.1501,413500,28.6871
2012-10-15,98.7999,99.9501,98.79,99.3201,329100,28.1681
2012-10-12,99.8601,100.20,98.5899,98.5899,271700,27.961
2012-10-11,99.15,100.8501,99.15,99.6999,478000,28.2758
2012-10-10,100.65,100.65,99.0099,99.0099,427200,28.0801
2012-10-09,101.0001,101.9001,100.05,100.65,420700,28.5452
2012-10-08,99.3501,101.0001,98.6199,100.50,399300,28.5027
2012-10-05,99.3501,100.4499,98.88,99.63,373400,28.2559
2012-10-04,100.8501,100.8999,98.7501,99.15,284800,28.1198
2012-10-03,98.5101,100.7001,98.5101,100.20,576100,28.4176
2012-10-02,99.00,99.5601,97.1901,98.8299,980300,28.029
2012-10-01,99.81,102.60,99.81,100.5501,486900,28.5169
2012-09-28,99.0501,99.9699,98.9799,99.60,421100,28.2474
2012-09-27,98.2401,99.1599,98.1501,98.85,325900,28.0347
2012-09-26,97.83,98.8299,96.8799,97.95,381300,27.7795
2012-09-25,98.4999,99.39,97.95,99.03,199500,28.0858
2012-09-24,98.4999,99.3399,98.10,98.5101,255200,27.9383
2012-09-21,97.3899,98.88,96.4299,98.49,818100,27.9326
2012-09-20,96.9699,96.9999,96.00,96.6201,305600,27.4023
2012-09-19,96.84,97.5801,96.2499,97.4001,264800,27.6235
2012-09-18,96.9501,96.9501,95.85,96.1599,291200,27.2718
2012-09-17,96.5301,98.0001,96.5301,96.8499,234300,27.4675
2012-09-14,97.8999,98.5299,97.4301,97.4799,285800,27.6462
2012-09-13,98.01,98.5101,96.42,96.5901,284500,27.3938
2012-09-12,98.0499,98.52,97.1601,98.01,321400,27.7965
2012-09-11,97.2399,98.3001,96.9801,98.0001,346600,27.7937
2012-09-10,96.45,100.95,96.45,97.89,309500,27.7625
2012-09-07,96.2601,96.8601,95.61,96.5301,271500,27.3768
2012-09-06,96.0999,96.8199,95.5701,96.06,285200,27.2435
2012-09-05,96.1101,96.1101,94.9899,95.52,230900,27.0903
2012-09-04,95.7999,96.2199,95.1099,95.6001,309700,27.113
2012-09-03,95.2101,96.39,94.80,96.0501,272400,27.2407
2012-08-31,94.0599,95.25,94.0599,94.7499,1102000,26.8719
2012-08-30,94.02,94.65,93.75,94.2999,264800,26.7443
2012-08-29,93.9999,94.2699,93.39,94.05,229900,26.6734
2012-08-28,92.94,94.2399,92.5299,93.90,226900,26.6309
2012-08-27,92.9901,93.7299,92.5101,93.5601,125200,26.5345
2012-08-24,92.7201,93.0699,91.6101,92.6001,168400,26.2622
2012-08-23,93.9399,94.5501,92.76,93.1101,335600,26.4068
2012-08-22,93.33,93.33,92.2899,92.7501,309400,26.3047
2012-08-21,92.64,95.1501,92.58,93.60,498300,26.5458
2012-08-20,92.1399,92.8401,91.74,92.16,146300,26.1374
2012-08-17,90.6999,92.5101,90.69,92.13,165200,26.1289
2012-08-16,91.0599,91.3401,90.3501,91.11,292900,25.8396
2012-08-15,91.9899,92.16,91.41,91.41,202100,25.9247
2012-08-14,91.80,92.1699,90.9999,92.0601,303600,26.1091
2012-08-13,90.8301,91.1499,90.2499,90.72,352000,25.729
2012-08-10,90.1101,90.75,89.7699,90.75,290800,25.7375
2012-08-09,90.00,90.3501,89.6499,90.2499,349400,25.5957
2012-08-08,89.2299,93.30,88.6101,90.00,1227200,25.5248
2012-08-07,91.5999,92.82,91.5399,92.4999,439400,26.2338
2012-08-06,90.84,92.3901,90.6399,91.98,315500,26.0863
2012-08-03,88.3299,91.1499,87.99,90.9501,405800,25.7943
2012-08-02,90.4899,90.8901,87.6201,87.6999,701500,24.8725
2012-08-01,89.6301,90.6699,89.52,90.03,253000,25.5333
2012-07-31,90.5601,91.0599,89.2101,89.22,341000,25.3036
2012-07-30,91.7601,91.7601,90.6201,90.9501,185900,25.7943
2012-07-27,90.8301,91.4199,89.97,91.02,175600,25.8141
2012-07-26,88.5399,90.72,88.0899,90.4401,541400,25.6496
2012-07-25,88.7499,89.7399,88.23,88.8801,230700,25.2072
2012-07-24,88.6599,89.8401,88.6299,88.8801,206000,25.2072
2012-07-23,91.2201,91.2201,88.4001,88.8801,488800,25.2072
2012-07-20,92.79,93.48,91.7001,91.8099,385300,26.0381
2012-07-19,92.6901,93.48,92.4201,93.15,366800,26.4182
2012-07-18,91.9899,92.3799,91.3101,92.3799,267100,26.1998
2012-07-17,91.6701,92.0301,91.05,91.38,269300,25.9162
2012-07-16,91.50,91.9899,90.7899,91.56,264800,25.9672
2012-07-13,89.64,91.8999,89.5701,91.62,461500,25.9842
2012-07-12,88.20,90.0699,87.7101,89.5899,647900,25.4085
2012-07-11,88.0299,89.25,87.4299,88.4301,392800,25.0796
2012-07-10,86.91,88.4799,86.82,88.1001,619400,24.986
2012-07-09,88.3899,88.59,86.8401,87.0999,562400,24.7023
2012-07-06,89.0001,89.4801,87.75,87.75,2258900,24.8867
2012-07-05,91.5999,92.0499,90.5301,91.8099,308100,26.0381
2012-07-04,91.4199,91.9101,90.4401,91.47,346400,25.9417
2012-07-03,88.83,90.9201,88.83,90.8601,405400,25.7687
2012-07-02,87.3999,88.74,87.2901,88.7001,372000,25.1561
2012-06-29,84.75,87.18,84.6699,87.18,660500,24.725
2012-06-28,84.5499,84.8901,81.6501,83.2101,377200,23.5991
2012-06-27,86.3601,86.37,83.3499,83.6601,603400,23.7267
2012-06-26,85.8801,86.6199,85.2699,85.95,242600,24.3762
2012-06-25,86.01,86.4801,85.41,86.2401,294900,24.4585
2012-06-22,87.30,87.4599,86.1801,86.1801,330200,24.4414
2012-06-21,88.5501,89.16,88.2699,88.35,321900,25.0568
2012-06-20,90.30,91.4199,89.34,90.63,375300,24.0018
2012-06-19,89.0001,90.66,88.95,90.2499,280000,23.9012
2012-06-18,89.0001,89.3499,88.1301,88.3299,396500,23.3927
2012-06-15,88.8999,88.8999,87.5001,87.9999,470300,23.3053
2012-06-14,89.52,89.52,87.27,87.9801,339700,23.30
2012-06-13,89.9199,90.39,89.1999,89.2899,338300,23.6469
2012-06-12,90.2001,91.17,89.1999,89.2101,400900,23.6258
2012-06-11,91.7301,92.0001,89.1999,90.2901,287100,23.9118
2012-06-08,90.9501,90.9501,89.1999,90.0801,443800,23.8562
2012-06-07,90.00,91.56,89.4999,91.0101,382900,24.1025
2012-06-06,87.5001,90.00,87.2601,90.00,440900,23.835
2012-06-05,86.8599,87.5199,85.7799,87.4599,388100,23.1623
2012-06-04,87.6201,87.7299,85.7601,86.0001,488000,22.7757
2012-06-01,91.6701,91.89,88.0599,88.5699,676100,23.4562
2012-05-31,91.74,92.1699,90.42,91.11,715800,24.1289
2012-05-30,92.9001,92.9001,91.4301,91.74,300000,24.2958
2012-05-29,91.5999,92.7099,91.5999,92.7099,306100,24.5526
2012-05-28,91.0701,91.9701,90.3399,91.0599,210200,24.1157
2012-05-25,90.63,91.6101,89.9601,90.6801,310200,24.0151
2012-05-24,89.4999,90.8499,88.7499,90.75,436000,24.0336
2012-05-23,90.2499,90.8001,88.9401,88.95,264500,23.5569
2012-05-22,89.0001,91.1901,89.0001,90.9699,521400,24.0918
2012-05-21,87.33,88.4799,86.6001,88.0401,410500,23.3159
2012-05-18,89.2101,89.31,86.8101,87.21,403600,23.0961
2012-05-17,89.37,90.12,88.8099,89.4699,299900,23.6946
2012-05-16,89.31,89.8401,88.4499,88.7799,382700,23.5119
2012-05-15,90.7899,91.7499,90.00,90.3099,335800,23.917
2012-05-14,91.9899,91.9899,90.2601,90.9399,192900,24.0839
2012-05-11,90.72,92.3799,90.5301,92.25,440700,24.4308
2012-05-10,91.0101,91.8099,90.12,91.23,305600,24.1607
2012-05-09,90.9999,93.1899,90.3999,90.9501,523600,24.0866
2012-05-08,90.5001,91.05,89.85,90.2001,382400,23.888
2012-05-07,90.5001,91.1199,89.76,90.9099,330000,24.0759
2012-05-04,92.94,93.09,90.6201,90.8799,353000,24.068
2012-05-03,93.00,93.7599,92.5701,92.6001,404600,24.5236
2012-05-02,95.3001,96.39,92.13,92.9199,730000,24.6083
2012-05-01,94.1001,94.1001,94.1001,94.1001,000,24.9208
2012-04-30,93.9999,95.0001,93.69,94.1001,386600,24.9208
2012-04-27,91.8999,93.8001,91.7499,93.7101,579900,24.8175
2012-04-26,93.06,93.1401,92.28,93.00,356800,24.6295
2012-04-25,90.6999,92.82,90.5499,92.6001,324800,24.5236
2012-04-24,90.5001,91.2801,90.0099,90.5001,352500,23.9674
2012-04-23,91.08,91.56,89.8599,90.1101,302500,23.8641
2012-04-20,92.2101,92.2701,91.2999,92.19,362600,24.415
2012-04-19,93.3501,93.4101,91.9299,92.04,402300,24.3752
2012-04-18,94.20,94.41,92.1801,92.9499,393500,24.6162
2012-04-17,91.20,94.32,90.8601,94.0101,519700,24.897
2012-04-16,90.3699,91.4199,90.0099,90.84,287300,24.0574
2012-04-13,91.6701,91.7799,89.7699,90.4899,658900,23.9647
2012-04-12,90.00,91.86,89.4999,91.2399,561500,24.1633
2012-04-11,89.82,90.4701,88.59,89.0601,532300,23.5861
2012-04-10,89.9001,90.00,88.62,88.62,401900,23.4695
2012-04-09,90.6399,90.6399,90.6399,90.6399,000,24.0044
2012-04-06,90.6399,90.6399,90.6399,90.6399,000,24.0044
2012-04-05,91.29,91.7901,89.9499,90.6399,400200,24.0044
2012-04-04,92.34,92.49,90.6201,90.9099,496800,24.0759
2012-04-03,94.20,94.7001,92.67,93.03,492400,24.6374
2012-04-02,92.40,94.2399,92.25,94.0701,555100,24.9129
2012-03-30,91.6401,91.9299,90.1599,91.8201,426500,24.317
2012-03-29,89.5599,90.60,89.0499,90.0099,523900,23.8376
2012-03-28,91.9299,92.6001,89.58,89.88,452500,23.8032
2012-03-27,91.32,92.55,90.6999,91.8699,1008600,24.3302
2012-03-26,88.7499,90.6801,88.1499,90.6801,386700,24.0151
2012-03-23,87.1401,88.53,87.1401,88.35,538300,23.398
2012-03-22,86.3499,87.0201,84.2799,87.00,645500,23.0405
2012-03-21,87.3999,88.1001,85.2399,86.2599,588500,22.8445
2012-03-20,87.9999,88.2099,86.01,86.9301,384900,23.022
2012-03-19,88.05,88.7199,87.3801,88.2501,430300,23.3715
2012-03-16,89.0601,89.49,88.1301,88.1301,1088700,23.3398
2012-03-15,88.50,89.3001,88.05,88.5999,267500,23.4642
2012-03-14,89.0001,89.7501,88.1799,88.7499,512200,23.5039
2012-03-13,88.2399,89.13,87.3501,88.2999,326300,23.3847
2012-03-12,87.93,89.37,87.8301,88.08,342000,23.3265
2012-03-09,87.2901,88.5099,87.2901,88.08,375600,23.3265
2012-03-08,85.1001,88.1499,85.08,87.45,401100,23.1596
2012-03-07,83.43,85.4001,83.0601,85.1001,549700,22.5373
2012-03-06,87.1599,87.1599,83.88,83.91,623500,22.2221
2012-03-05,87.24,87.5301,86.1099,86.70,304700,22.961
2012-03-02,87.5499,88.50,86.5701,87.00,394700,23.0405
2012-03-01,87.48,88.0401,86.4501,87.48,744400,23.1676
2012-02-29,87.9999,88.50,87.5001,87.5001,2588100,23.1729
2012-02-28,86.9199,88.0599,86.4201,87.7899,609800,23.2497
2012-02-27,84.00,86.7699,83.88,86.7699,836300,22.9795
2012-02-24,83.1999,84.9999,82.83,84.15,3362900,22.2857
2012-02-23,86.4999,87.7701,85.7601,86.76,267900,22.9769
2012-02-22,86.1099,87.3501,86.0499,86.5101,356000,22.9107
2012-02-21,87.9999,87.9999,85.8399,86.0901,367600,22.7995
2012-02-20,85.5999,88.1799,85.5999,87.87,429300,23.2709
2012-02-17,84.87,85.7499,84.4701,85.4799,288100,22.6379
2012-02-16,85.8999,85.8999,83.25,84.1899,527000,22.2963
2012-02-15,85.3401,86.4999,84.9999,85.9101,287600,22.7518
2012-02-14,84.9999,86.0499,84.4299,85.3701,247200,22.6088
2012-02-13,86.3901,86.3901,84.8499,85.2801,142300,22.585
2012-02-10,84.8001,86.4399,84.6201,85.74,426200,22.7068
2012-02-09,84.1401,85.14,84.1101,85.1199,465800,22.5426
2012-02-08,84.6099,84.9801,83.6901,84.09,357500,22.2698
2012-02-07,85.47,85.47,83.6799,84.09,333200,22.2698
2012-02-06,84.8001,85.3599,84.3501,85.2501,359200,22.577
2012-02-03,83.34,85.0299,83.0001,84.6999,325500,22.4313
2012-02-02,83.01,84.03,82.74,83.0001,495500,21.9812
2012-02-01,81.39,83.10,81.0099,82.7499,635100,21.9149
2012-01-31,78.1701,80.10,78.0999,79.9401,297400,21.1708
2012-01-30,78.1101,78.5301,77.9001,78.2601,205400,20.7259
2012-01-27,79.2999,79.59,78.48,78.7599,234300,20.8582
2012-01-26,79.6899,80.0001,79.0599,79.4001,283000,21.0278
2012-01-25,78.0999,79.2501,78.0999,79.1001,274400,20.9483
2012-01-24,77.91,78.1101,77.3301,77.58,325400,20.5457
2012-01-23,78.2499,79.7799,77.6601,78.09,334400,20.6808
2012-01-20,78.3999,78.3999,77.61,78.30,392500,20.7364
2012-01-19,76.5999,78.4299,76.1799,78.42,768100,20.7682
2012-01-18,76.41,76.7901,76.1001,76.38,489800,20.2279
2012-01-17,76.1301,76.74,75.7299,76.74,372800,20.3233
2012-01-16,74.0001,75.5901,74.0001,75.33,217500,19.9499
2012-01-13,74.8701,75.2001,73.4001,74.49,1279000,19.7274
2012-01-12,77.10,77.73,76.4199,76.59,333200,20.2836
2012-01-11,76.68,77.0001,75.1599,76.9299,402300,20.3736
2012-01-10,74.94,76.77,74.5101,76.7301,406500,20.3207
2012-01-09,74.1099,74.1999,72.9801,73.89,359600,19.5685
2012-01-06,71.85,73.7601,71.43,73.5501,591500,19.4785
2012-01-05,69.9999,71.70,69.8799,71.40,1413000,18.9091
2012-01-04,72.5799,72.7401,72.06,72.24,270900,19.1315
2012-01-03,72.18,73.5399,71.8899,72.5001,335700,19.2004
2012-01-02,72.3999,72.96,71.9499,72.3999,163700,19.1739
2011-12-30,72.6399,72.6399,71.5299,71.9499,100200,19.0547
2011-12-29,71.4699,72.0801,71.3799,71.85,284300,19.0283
2011-12-28,71.4201,71.9799,70.9101,71.2701,170000,18.8747
2011-12-27,72.09,72.2001,71.25,71.4099,56000,18.9117
2011-12-26,71.6601,71.6601,71.6601,71.6601,000,18.978
2011-12-23,71.8899,71.8899,71.19,71.6601,61400,18.978
2011-12-22,71.4699,71.8101,71.0001,71.0001,206600,18.8032
2011-12-21,71.3901,72.00,70.4499,70.7601,252800,18.7396
2011-12-20,70.4901,71.4999,69.93,71.3001,348700,18.8826
2011-12-19,69.8601,71.0799,69.8601,70.1001,369900,18.5648
2011-12-16,71.3601,71.3601,70.08,70.5699,750200,18.6892
2011-12-15,69.9999,71.1501,69.9999,70.5999,439900,18.6972
2011-12-14,69.4701,70.83,69.3099,70.0299,475800,18.5462
2011-12-13,69.9099,70.5399,69.5499,70.05,191500,18.5516
2011-12-12,69.6999,70.4799,69.3999,69.8001,425000,18.4854
2011-12-09,69.66,71.04,69.66,69.90,290000,18.5118
2011-12-08,70.7301,70.7301,69.3099,70.59,315200,18.6946
2011-12-07,71.4999,71.7501,69.8001,69.8901,343500,18.5092
2011-12-06,68.9901,71.61,68.7501,71.01,568500,18.8058
2011-12-05,70.0599,70.26,68.7399,69.00,379300,18.2735
2011-12-02,70.4499,70.4499,69.12,69.7101,326300,18.4615
2011-12-01,70.5099,71.8299,69.33,69.33,414800,18.3609
2011-11-30,68.2101,71.16,68.1801,71.16,493000,18.8455
2011-11-29,68.8299,69.39,67.5699,69.0399,232500,18.284
2011-11-28,68.6001,70.3599,68.0001,69.3999,389200,18.3794
2011-11-25,66.6201,67.8399,66.48,67.4901,169800,17.8736
2011-11-24,67.02,67.29,66.30,66.9999,250800,17.7438
2011-11-23,66.03,67.3899,65.7201,66.5001,262100,17.6114
2011-11-22,65.9001,66.9699,65.55,66.6399,323000,17.6484
2011-11-21,67.1199,67.17,65.3499,65.4999,276000,17.3465
2011-11-18,67.0101,68.0199,66.75,66.9999,241800,17.7438
2011-11-17,68.10,68.40,66.9999,67.86,241000,17.9716
2011-11-16,69.0501,69.75,68.0301,68.2401,320600,18.0722
2011-11-15,69.75,70.5099,68.5599,69.51,158800,18.4085
2011-11-14,70.50,71.1999,69.3699,69.75,279600,18.4721
2011-11-11,69.8901,70.7499,68.4399,70.2501,307500,18.6045
2011-11-10,69.0999,71.43,68.28,68.9799,649200,18.2682
2011-11-09,74.6001,74.6001,70.50,70.6401,413700,18.7078
2011-11-08,74.16,75.15,73.56,73.6701,617800,19.5103
2011-11-07,74.2101,74.67,73.4001,74.4999,479000,19.73
2011-11-04,73.41,74.5899,72.9999,74.40,497100,19.7036
2011-11-03,70.14,73.5201,69.99,73.2999,325500,19.4122
2011-11-02,71.1099,72.21,70.5099,71.0301,346800,18.8111
2011-11-01,71.3799,72.24,69.5199,70.3599,520300,18.6336
2011-10-31,74.2599,74.7999,72.8799,72.9999,365600,19.3328
2011-10-28,74.9901,75.48,73.11,75.3399,445100,19.9525
2011-10-27,73.0599,74.6499,72.15,74.4501,316600,19.7168
2011-10-26,71.0601,72.5199,70.9599,71.6001,317600,18.9621
2011-10-25,72.3999,72.9501,70.56,71.2599,302000,18.872
2011-10-24,71.4501,73.5201,70.50,72.90,357900,19.3063
2011-10-21,72.0999,72.0999,70.95,71.3799,372400,18.9038
2011-10-20,72.00,72.03,70.6299,71.25,241800,18.8694
2011-10-19,73.7001,74.2899,72.2499,72.7299,272400,19.2613
2011-10-18,71.6901,73.4301,69.7401,73.1601,430900,19.3752
2011-10-17,73.8999,74.1201,71.3199,71.82,294900,19.0203
2011-10-14,72.3999,74.4501,72.0399,72.9801,199600,19.3275
2011-10-13,72.93,73.6899,72.2901,72.54,421900,19.211
2011-10-12,71.1801,72.6699,70.35,72.6699,227400,19.2454
2011-10-11,71.5299,72.0699,70.2999,71.0001,218600,18.8032
2011-10-10,69.9999,71.5899,69.2199,71.37,231200,18.9011
2011-10-07,69.1701,70.1601,68.1399,69.4701,316600,18.398
2011-10-06,66.3801,69.1701,65.94,69.1701,477700,18.3185
2011-10-05,66.1599,66.60,64.1001,65.7801,517300,17.4207
2011-10-04,66.3801,66.90,63.5601,65.37,634000,17.3121
2011-10-03,64.6599,66.7701,63.9999,66.5601,275500,17.6273
2011-09-30,68.07,68.22,63.7599,65.4999,665800,17.3465
2011-09-29,69.4401,70.2999,67.38,68.8899,358000,18.2443
2011-09-28,69.24,71.04,68.94,69.63,269900,18.4403
2011-09-27,69.7401,71.1201,69.30,70.0899,505600,18.5621
2011-09-26,67.7301,69.2301,66.5001,67.7199,308500,17.9345
2011-09-23,70.4301,70.5501,66.5001,68.5701,421200,18.1596
2011-09-22,71.8101,72.5499,68.6799,69.7701,555500,18.4774
2011-09-21,75.9501,75.9501,73.8201,74.1501,442700,19.6374
2011-09-20,73.80,75.5001,73.68,75.45,403200,19.9817
2011-09-19,73.23,74.46,73.1499,74.2299,344900,19.6585
2011-09-16,75.0201,75.4299,73.2201,74.91,1376100,19.8386
2011-09-15,71.0199,74.8701,71.0199,73.7499,617000,19.5314
2011-09-14,69.3201,71.40,69.2199,70.8999,690800,18.7766
2011-09-13,69.51,70.0701,67.62,69.48,493600,18.4006
2011-09-12,69.5799,69.93,68.3001,68.58,438900,18.1622
2011-09-09,71.5299,72.33,70.6401,70.77,395500,18.7422
2011-09-08,70.59,72.1899,70.5099,71.4999,539900,18.9355
2011-09-07,71.0001,72.0201,70.4901,70.92,445200,18.782
2011-09-06,69.0501,71.2599,68.9601,70.0299,788500,18.5462
2011-09-05,69.9801,70.11,68.1099,69.0399,610700,18.284
2011-09-02,69.87,71.3301,69.5499,70.7799,338900,18.7449
2011-09-01,71.25,71.8299,69.57,71.13,442300,18.8376
2011-08-31,68.9799,72.0801,68.9799,71.6901,560600,18.9859
2011-08-30,68.0601,69.00,67.65,69.00,394600,18.2735
2011-08-29,66.78,68.1501,66.78,67.59,194100,17.9001
2011-08-26,66.27,67.0101,64.4799,66.30,319100,17.5584
2011-08-25,66.1401,67.3101,65.7501,66.4701,524400,17.6035
2011-08-24,64.5999,66.09,63.9999,65.8101,668600,17.4287
2011-08-23,66.5001,66.66,63.81,64.11,439100,16.9784
2011-08-22,66.0399,67.7001,65.73,65.9001,393600,17.4525
2011-08-19,67.5399,67.6701,65.1801,66.2499,520800,17.5452
2011-08-18,69.7299,69.7299,65.91,67.71,651700,17.9318
2011-08-17,70.8399,71.3199,69.7401,69.9999,614100,18.5383
2011-08-16,73.0401,73.0401,71.0301,71.55,661400,18.9488
2011-08-15,72.2301,74.2401,72.2301,73.6899,614000,19.5155
2011-08-12,70.5099,74.10,69.2301,71.1699,850200,18.8481
2011-08-11,67.77,71.1501,66.51,69.78,633500,18.48
2011-08-10,67.7499,69.90,65.3499,66.8901,774000,17.7147
2011-08-09,65.7999,66.54,60.9399,64.89,875500,17.185
2011-08-08,66.87,68.5899,65.0001,65.7999,606700,17.426
2011-08-05,64.1199,70.20,63.0399,67.89,795900,17.9795
2011-08-04,69.09,69.36,66.8199,67.50,987100,17.8762
2011-08-03,67.20,68.2701,65.7201,67.86,664000,17.9716
2011-08-02,69.51,70.2801,67.62,68.0001,905200,18.0087
2011-08-01,71.8899,72.8799,70.1601,70.2501,418700,18.6045
2011-07-29,70.9899,71.79,69.33,71.13,621200,18.8376
2011-07-28,75.2001,75.5499,71.4699,71.9799,632400,19.0627
2011-07-27,75.2001,75.7299,74.4999,75.3501,293500,19.9552
2011-07-26,76.7001,77.1999,75.0099,75.2001,279800,19.9155
2011-07-25,75.9399,76.74,75.2199,76.0599,244600,20.1432
2011-07-22,76.4499,76.62,75.7899,76.2099,213600,20.1829
2011-07-21,77.3001,77.40,75.7701,75.9999,428900,20.1273
2011-07-20,75.57,76.4901,75.0399,75.7401,305400,20.0585
2011-07-19,74.7999,75.8199,74.6199,75.4899,442200,19.9922
2011-07-18,77.1099,77.8599,73.17,74.0001,596900,19.5977
2011-07-15,76.5999,77.5899,75.9399,77.1801,295200,20.4398
2011-07-14,77.3001,77.7801,76.68,77.4399,299100,20.5086
2011-07-13,76.6701,78.3699,76.6701,77.70,397800,20.5775
2011-07-12,76.50,78.03,75.3501,77.55,454500,20.5378
2011-07-11,78.5301,79.71,76.6101,77.6001,419700,20.5511
2011-07-08,79.62,80.46,78.18,78.84,329500,20.8794
2011-07-07,79.65,80.5101,78.9999,79.4001,253700,21.0278
2011-07-06,80.40,80.40,78.5799,78.7401,292800,20.853
2011-07-05,81.66,82.2699,80.0199,80.19,341200,21.237
2011-07-04,82.05,82.50,80.7999,81.66,214400,21.6263
2011-07-01,81.00,82.20,79.7601,82.1499,400200,21.756
2011-06-30,78.9999,80.67,77.58,80.16,414400,21.229
2011-06-29,76.7199,78.9801,76.5999,78.12,533800,20.6888
2011-06-28,76.65,77.6001,76.05,76.4799,372300,20.2544
2011-06-27,76.6299,77.9601,75.3099,76.2501,219200,20.1935
2011-06-24,77.10,78.2601,76.6299,76.6299,316500,20.2941
2011-06-23,77.4999,77.6601,75.3999,76.2501,430300,20.1935
2011-06-22,79.26,79.80,77.55,79.0299,320600,19.8174
2011-06-21,78.00,79.95,76.62,79.26,349600,19.8751
2011-06-20,77.64,78.1701,76.8699,76.9299,260600,19.2908
2011-06-17,80.0001,80.0001,77.70,78.7701,617900,19.7523
2011-06-16,78.9501,79.0101,77.1999,78.6501,403200,19.7222
2011-06-15,79.7499,81.4599,79.23,79.2999,330100,19.8851
2011-06-14,80.7999,81.3999,78.9699,80.1699,244900,20.1033
2011-06-13,81.36,81.69,79.98,80.4801,179600,20.1811
2011-06-10,81.9999,82.74,80.6601,81.00,369100,20.3114
2011-06-09,81.99,83.0001,81.36,82.0101,317100,20.5647
2011-06-08,83.3301,83.4099,79.86,81.7599,303200,20.502
2011-06-07,83.0001,83.1399,82.02,82.4499,154700,20.675
2011-06-06,82.89,84.06,82.3599,82.6299,142200,20.7202
2011-06-03,83.0001,83.25,82.3401,82.7301,151700,20.7453
2011-06-02,83.8101,84.24,83.0001,83.37,144200,20.9057
2011-06-01,83.1999,85.20,82.95,84.7401,347200,21.2493
2011-05-31,82.1301,83.19,81.2799,82.80,566700,20.7628
2011-05-30,81.5499,82.50,80.8101,81.7599,110900,20.502
2011-05-27,80.9301,81.5001,80.1399,80.9799,149800,20.3064
2011-05-26,81.2001,81.7701,80.19,80.7699,201900,20.2537
2011-05-25,81.45,81.7599,80.0301,81.00,211200,20.3114
2011-05-24,80.7801,82.4499,80.5701,81.90,282800,20.5371
2011-05-23,81.78,81.78,79.23,80.7801,317300,20.2563
2011-05-20,82.1901,82.95,81.00,82.1001,180900,20.5873
2011-05-19,79.7499,82.0899,79.35,81.2199,446900,20.3666
2011-05-18,80.9499,81.9999,80.0499,80.28,237700,20.1309
2011-05-17,82.4199,82.50,80.46,80.82,195700,20.2663
2011-05-16,82.9599,82.9599,81.30,82.2801,318400,20.6324
2011-05-13,80.9901,83.55,80.7699,82.9299,531100,20.7954
2011-05-12,81.0399,81.3099,78.6099,80.4099,386100,20.1635
2011-05-11,83.1999,83.8899,79.8999,80.88,607600,20.2814
2011-05-10,82.2999,84.57,81.51,83.85,403600,21.0261
2011-05-09,81.6999,83.1999,81.21,82.05,310100,20.5747
2011-05-06,80.1699,81.9801,79.7799,81.6699,307800,20.4794
2011-05-05,79.5399,81.6399,78.06,79.7001,482500,19.9855
2011-05-04,82.50,82.50,78.9999,79.41,311800,19.9127
2011-05-03,83.70,84.3201,81.2901,81.6999,207500,20.487
2011-05-02,84.00,85.6899,83.49,83.7501,179800,21.0011
2011-04-29,83.73,83.73,82.50,83.0001,179900,20.813
2011-04-28,83.4999,83.8299,82.50,83.19,196800,20.8606
2011-04-27,83.88,84.21,82.1001,82.6401,145400,20.7227
2011-04-26,82.7001,84.9999,82.2501,83.3901,280400,20.9108
2011-04-21,82.68,82.74,81.6501,82.5999,188200,20.7126
2011-04-20,80.73,82.4601,80.28,81.7599,191200,20.502
2011-04-19,78.6099,80.10,78.6099,79.2201,168200,19.8651
2011-04-18,80.9001,80.9001,78.45,79.1799,158500,19.855
2011-04-15,80.3301,81.57,79.80,80.7501,250400,20.2488
2011-04-14,80.5599,80.7999,79.0101,79.8201,145200,20.0156
2011-04-13,80.9001,81.2499,79.4901,80.4099,295000,20.1635
2011-04-12,80.4999,81.3399,79.3101,80.9001,220800,20.2864
2011-04-11,81.0999,82.2699,80.49,81.12,251500,20.3415
2011-04-08,80.9001,81.6801,79.8099,81.6801,160300,20.482
2011-04-07,81.30,81.5799,79.6401,80.3601,268700,20.151
2011-04-06,80.4501,82.47,79.4601,81.30,430600,20.3867
2011-04-05,79.5999,81.2001,79.0599,80.6499,506900,20.2237
2011-04-04,79.9299,80.0001,78.5001,78.8001,268800,19.7598
2011-04-01,78.3999,80.04,78.2499,79.1901,513700,19.8576
2011-03-31,78.4101,78.69,78.0999,78.36,275000,19.6494
2011-03-30,77.2299,78.9399,77.1399,78.21,469200,19.6118
2011-03-29,75.1599,76.2999,75.1599,76.1499,240900,19.0952
2011-03-28,75.6999,76.29,75.0201,75.30,237100,18.8821
2011-03-25,73.7499,76.5501,73.1799,75.3099,347800,18.8846
2011-03-24,71.0001,73.74,71.0001,73.53,349800,18.4383
2011-03-23,72.5001,72.5001,68.9901,70.5201,314000,17.6835
2011-03-22,73.7001,73.7001,71.5101,72.21,114300,18.1073
2011-03-21,73.7499,73.77,72.57,73.1601,344500,18.3455
2011-03-18,71.0001,73.1499,70.9101,73.1499,810800,18.343
2011-03-17,70.8699,71.1099,69.9099,70.5201,336400,17.6835
2011-03-16,70.59,71.7201,69.63,70.2099,349300,17.6057
2011-03-15,69.9999,70.3299,67.5399,69.9699,547000,17.5456
2011-03-14,70.83,72.4401,70.3701,71.4999,279000,17.9292
2011-03-11,72.9999,72.9999,71.16,71.4999,431700,17.9292
2011-03-10,74.07,74.7699,72.5001,73.0599,290100,18.3204
2011-03-09,74.94,74.94,73.5699,74.19,253800,18.6038
2011-03-08,76.1601,76.4301,74.7399,74.9001,205400,18.7818
2011-03-07,76.74,76.80,75.1899,76.59,174500,19.2056
2011-03-04,75.9801,77.40,75.9801,77.0001,243400,19.3084
2011-03-03,76.1001,76.5201,75.54,76.5201,251700,19.1881
2011-03-02,76.14,76.23,74.1501,75.51,352900,18.9348
2011-03-01,76.4601,77.34,75.30,76.86,312800,19.2733
2011-02-28,74.97,76.32,74.8299,75.75,796100,18.995
2011-02-25,73.3599,75.4401,72.8799,75.1101,628200,18.8345
2011-02-24,72.93,73.5501,72.27,72.96,360700,18.2953
2011-02-23,75.3999,75.4599,73.6599,74.10,436300,18.5812
2011-02-22,75.5499,76.6101,75.00,75.75,206500,18.995
2011-02-21,77.04,77.6001,75.9501,75.9999,212000,19.0576
2011-02-18,76.1799,77.37,74.79,76.9299,278400,19.2908
2011-02-17,73.05,75.9999,73.05,75.9999,962100,19.0576
2011-02-16,72.75,72.9501,72.30,72.6999,192200,18.2301
2011-02-15,72.8901,73.1499,72.6099,72.6999,259800,18.2301
2011-02-14,72.3999,73.1799,72.15,72.5001,334200,18.18
2011-02-11,71.7999,72.1299,71.13,71.8599,114900,18.0195
2011-02-10,72.7299,72.7299,71.52,71.7999,137900,18.0044
2011-02-09,72.8499,73.2999,72.06,72.06,299200,18.0697
2011-02-08,72.1299,72.90,71.5899,72.45,402600,18.1675
2011-02-07,70.8801,72.1299,70.4199,72.1299,445000,18.0872
2011-02-04,68.8299,70.7199,68.7501,70.4001,266400,17.6534
2011-02-03,68.8101,69.96,68.8101,68.9001,200500,17.2773
2011-02-02,70.53,70.53,68.37,69.12,352800,17.3324
2011-02-01,69.5799,70.17,69.2601,69.9999,433100,17.5531
2011-01-31,70.68,70.7001,68.9901,69.2199,373000,17.3575
2011-01-28,71.4099,71.4501,70.5999,70.95,238100,17.7913
2011-01-27,69.9501,71.46,69.9399,70.7199,356800,17.7336
2011-01-26,70.5501,70.5501,69.3201,70.05,483900,17.5656
2011-01-25,70.2201,70.50,69.5001,69.9201,307700,17.5331
2011-01-24,71.25,71.25,68.64,70.1199,299400,17.5832
2011-01-21,70.7001,71.1099,69.7701,71.1099,718800,17.8314
2011-01-20,70.3299,70.8099,68.70,70.4799,724700,17.6734
2011-01-19,71.7501,71.7501,70.4499,70.5999,1737500,17.7035
2011-01-18,72.6801,74.5899,72.1701,72.3999,159200,18.1549
2011-01-17,75.2001,75.2001,71.1501,72.4599,250400,18.1699
2011-01-14,71.5101,74.9001,71.3001,74.4999,458500,18.6815
2011-01-13,71.7801,72.1299,71.04,72.00,191600,18.0546
2011-01-12,70.1001,72.30,69.9999,71.7699,246000,17.9969
2011-01-11,69.9501,70.7499,69.3801,69.9999,234300,17.5531
2011-01-10,71.1999,71.6001,68.1501,69.30,238400,17.3776
2011-01-07,71.6001,72.00,71.1999,71.6001,112200,17.9543
2011-01-06,73.44,73.44,70.05,71.7501,335000,17.992
2011-01-05,75.3801,75.3801,72.1899,73.02,366900,18.3104
2011-01-04,74.70,76.41,74.1399,75.3999,210200,18.9072
2011-01-03,76.1499,76.47,73.9899,74.6199,177700,18.7116
2010-12-30,74.7501,76.44,74.7501,76.2999,161300,19.1329
2010-12-29,75.00,75.5001,74.3301,75.0999,64200,18.8319
2010-12-28,75.5901,75.60,74.61,75.12,34600,18.837
2010-12-27,75.5499,75.6999,74.79,75.6999,79500,18.9824
2010-12-23,74.8401,75.5499,74.25,75.5499,200700,18.9448
2010-12-22,73.50,74.64,73.1001,74.64,164600,18.7166
2010-12-21,73.74,74.79,73.05,73.7001,177200,18.4809
2010-12-20,72.8901,74.1399,72.5799,73.6701,150800,18.4734
2010-12-17,73.7901,73.7901,72.2199,72.9099,667300,18.2828
2010-12-16,72.6699,73.5999,72.1599,73.23,272900,18.3631
2010-12-15,72.21,72.78,70.7301,72.5901,226000,18.2026
2010-12-14,71.70,72.21,71.2899,72.21,128300,18.1073
2010-12-13,71.70,72.00,71.55,71.70,159500,17.9794
2010-12-10,70.8801,72.00,70.8801,71.6199,228600,17.9593
2010-12-09,71.4999,71.6499,69.3501,71.1399,355400,17.8389
2010-12-08,71.8899,71.8899,70.7499,71.25,268400,17.8666
2010-12-07,72.69,72.8001,71.7099,72.00,288800,18.0546
2010-12-06,72.5001,72.5001,71.25,71.9901,338500,18.0521
2010-12-03,72.9999,72.9999,72.0201,72.24,268100,18.1148
2010-12-02,70.50,72.2901,69.9801,72.2901,563200,18.1274
2010-12-01,67.9101,69.3999,67.20,69.3999,417800,17.4026
2010-11-30,66.6999,67.8999,65.19,67.8999,5395800,17.0265
2010-11-29,67.7901,68.31,65.01,65.4801,583700,16.4197
2010-11-26,66.9999,67.8501,66.8499,67.1601,431500,16.841
2010-11-25,66.72,67.23,66.42,66.93,258900,16.7833
2010-11-24,64.4499,66.6999,64.35,66.3801,464000,16.6454
2010-11-23,63.84,64.50,62.4699,64.2201,358900,16.1037
2010-11-22,64.7499,64.9701,63.2499,63.84,282200,16.0084
2010-11-19,64.05,64.9899,63.9501,64.4601,222700,16.1639
2010-11-18,64.47,64.8501,63.9999,64.20,293500,16.0987
2010-11-17,64.8699,64.8999,63.06,63.87,325400,16.016
2010-11-16,65.7699,65.9199,64.6899,64.9899,489100,16.2968
2010-11-15,66.3201,66.3201,65.4699,66.00,343400,16.5501
2010-11-12,65.3901,67.4199,64.41,66.9399,435100,16.7858
2010-11-11,67.80,67.9899,64.6899,65.4399,988700,16.4096
2010-11-10,67.6599,68.9499,67.5699,67.7901,311400,16.999
2010-11-09,68.1501,69.0501,67.9599,68.3001,294900,17.1268
2010-11-08,67.9701,69.1101,67.89,68.1999,338200,17.1017
2010-11-05,68.3001,68.3499,67.56,67.9701,230400,17.0441
2010-11-04,67.5801,68.1501,66.8001,68.1501,388900,17.0892
2010-11-03,67.2999,67.3101,66.45,66.9501,261100,16.7883
2010-11-02,67.50,68.0001,67.0599,67.3101,133800,16.8786
2010-11-01,68.31,68.3499,67.3299,67.56,134400,16.9413
2010-10-29,67.3101,67.6101,65.52,67.35,191000,16.8886
2010-10-28,67.50,68.19,66.5001,66.9999,137600,16.8008
2010-10-27,66.9699,67.8699,66.63,67.2999,172600,16.876
2010-10-26,66.6099,67.1301,66.0999,66.9999,208200,16.8008
2010-10-25,66.00,67.35,65.37,66.3399,247300,16.6353
2010-10-22,66.30,66.6201,65.2599,66.00,127600,16.5501
2010-10-21,65.28,67.26,65.0001,66.75,321800,16.7381
2010-10-20,64.4601,65.34,63.8799,64.8501,141300,16.2617
2010-10-19,65.1501,65.91,64.08,64.4301,293100,16.1564
2010-10-18,65.76,66.1401,65.4201,65.7201,117700,16.4799
2010-10-15,65.6001,66.5199,65.3799,65.85,381000,16.5125
2010-10-14,65.3001,65.3001,64.98,65.13,204000,16.3319
2010-10-13,64.6899,65.1999,64.2099,65.0799,519900,16.3193
2010-10-12,64.8399,65.1999,63.8799,64.1001,198400,16.0737
2010-10-11,64.4901,64.95,64.4901,64.95,105100,16.2868
2010-10-08,65.0001,65.2701,64.2801,64.7499,156000,16.2366
2010-10-07,65.49,65.49,64.20,64.9899,374700,16.2968
2010-10-06,63.00,65.3001,62.9499,65.3001,804300,16.3746
2010-10-05,62.3001,63.0801,62.0601,62.9799,474100,15.7928
2010-10-04,61.9401,62.49,61.6401,62.3499,580000,15.6348
2010-10-01,61.50,62.7501,61.2099,61.8999,2578700,15.5219
2010-09-30,60.8499,61.6401,60.7299,60.9999,511600,15.2963
2010-09-29,60.30,61.50,60.2901,60.60,150500,15.196
2010-09-28,60.9801,60.9801,59.2401,59.85,120800,15.0079
2010-09-27,60.81,61.50,60.5601,60.8199,103600,15.2511
2010-09-24,60.5001,60.8799,60.00,60.6501,148400,15.2085
2010-09-23,60.1101,61.80,60.1101,60.90,137900,15.2712
2010-09-22,60.3501,60.4899,59.7501,60.00,60800,15.0455
2010-09-21,61.20,61.50,60.0699,60.2601,130300,15.1107
2010-09-20,62.9001,62.9001,60.9999,61.50,137700,15.4217
2010-09-17,62.4999,62.9301,60.9501,62.9301,314800,15.7803
2010-09-16,62.1201,62.37,61.4901,62.0001,92000,15.5471
2010-09-15,62.67,63.00,61.62,61.8999,181700,15.5219
2010-09-14,63.99,64.1799,61.5501,62.7501,127500,15.7351
2010-09-13,63.6999,64.7901,63.5301,63.90,83600,16.0235
2010-09-10,62.4999,63.60,62.4501,63.3999,74900,15.8981
2010-09-09,62.5299,62.5299,61.92,62.1801,69500,15.5922
2010-09-08,62.40,62.70,60.8601,62.5299,108600,15.6799
2010-09-07,62.49,62.79,61.8999,62.28,120200,15.6172
2010-09-06,60.45,62.7801,60.3999,62.6301,96300,15.705
2010-09-03,60.7899,60.9501,59.6001,60.3999,120400,15.1458
2010-09-02,60.9201,61.9401,59.7501,60.5001,124100,15.1709
2010-09-01,59.6601,61.1001,59.6601,61.1001,123900,15.3214
2010-08-31,60.0999,60.3099,59.8101,60.0699,193800,15.063
2010-08-30,60.3999,60.99,60.3999,60.4101,21400,15.1484
2010-08-27,59.3001,60.3999,58.8099,60.2499,103600,15.1082
2010-08-26,59.9499,59.9499,58.50,59.0001,98400,14.7948
2010-08-25,61.1499,61.1499,58.5699,59.6001,91900,14.9452
2010-08-24,60.4899,61.47,59.5701,61.2099,84700,15.3489
2010-08-23,62.0001,62.0001,60.2901,60.9699,118900,15.2887
2010-08-20,63.5901,63.87,61.4001,61.5999,172300,15.4467
2010-08-19,63.15,64.50,62.8101,63.45,224800,15.9106
2010-08-18,63.00,63.3801,62.3001,63.06,101500,15.8128
2010-08-17,61.80,63.0501,61.59,62.73,89400,15.7301
2010-08-16,61.0101,61.59,60.51,61.50,147900,15.4217
2010-08-13,61.1001,61.50,60.2199,60.90,196100,15.2712
2010-08-12,60.60,60.8901,59.58,60.5001,249200,15.1709
2010-08-11,62.3799,62.4999,60.0201,60.0501,74700,15.0581
2010-08-10,62.3799,62.3799,61.35,61.7601,79200,15.4869
2010-08-09,59.1399,62.9901,59.1399,62.2299,192300,15.6047
2010-08-06,59.0001,59.6601,58.38,59.0199,121600,14.7997
2010-08-05,59.2701,59.64,58.5099,58.80,122700,14.7446
2010-08-04,58.7799,59.8299,58.2999,58.80,196100,14.7446
2010-08-03,59.7999,59.7999,58.6701,58.8801,142600,14.7647
2010-08-02,58.32,59.8299,58.32,59.7699,63700,14.9878
2010-07-30,59.49,59.4999,57.15,58.50,259500,14.6694
2010-07-29,58.41,59.5899,57.5499,59.3499,167500,14.8825
2010-07-28,59.3499,59.6499,58.11,58.56,81400,14.6844
2010-07-27,60.3999,61.14,59.28,59.88,91000,15.0154
2010-07-26,59.9199,60.00,58.5999,59.9001,148300,15.0205
2010-07-23,59.1801,59.6301,58.50,59.6301,43500,14.9528
2010-07-22,56.4999,59.4099,56.4999,59.3001,115800,14.87
2010-07-21,56.0001,56.97,54.90,56.4999,77400,14.1678
2010-07-20,57.00,57.00,55.05,55.5999,79900,13.9422
2010-07-19,56.4999,57.4299,56.4999,57.2499,35000,14.3559
2010-07-16,57.60,58.0101,56.34,56.55,80900,14.1804
2010-07-15,57.0501,59.7999,56.5299,57.8799,101000,14.5139
2010-07-14,54.99,57.4299,54.5199,57.4299,192200,14.401
2010-07-13,54.9999,55.8699,54.5001,54.78,92500,13.7366
2010-07-12,55.3101,55.38,54.5001,54.8001,80500,13.7416
2010-07-09,54.9999,55.4001,54.75,54.8001,38300,13.7416
2010-07-08,55.50,55.7499,55.1001,55.1001,83900,13.8168
2010-07-07,55.14,55.4301,53.9799,54.9999,203000,13.7917
2010-07-06,55.0299,56.5401,55.0299,55.6599,134500,13.9572
2010-07-05,53.13,54.69,53.0001,54.30,99500,13.6162
2010-07-02,52.50,53.0199,52.2999,53.0001,87400,13.2902
2010-07-01,51.54,53.0001,51.5001,52.2501,234400,13.1022
2010-06-30,52.50,53.2701,51.51,52.02,227900,13.0445
2010-06-29,54.9999,55.1799,51.51,52.59,165900,13.1874
2010-06-28,54.99,55.6401,54.7101,55.4001,84300,13.8921
2010-06-25,53.67,54.9999,53.4999,54.6999,33900,13.7165
2010-06-24,54.6999,54.72,53.2401,53.6601,30300,13.4557
2010-06-23,54.51,55.4001,54.0999,54.9999,59100,13.7917
2010-06-22,55.95,56.9499,54.9999,54.9999,226300,13.7917
2010-06-21,57.3999,57.5001,55.0299,56.0001,373100,14.0425
2010-06-18,55.1199,57.3999,54.60,56.0001,1013100,14.0425
2010-06-17,54.0099,55.11,54.0099,54.78,31300,13.7366
2010-06-16,55.50,55.8999,54.6099,54.9999,68900,13.7917
2010-06-15,54.5001,55.3101,54.0501,54.75,132000,13.729
2010-06-14,53.9301,55.9701,53.9199,54.9999,103100,13.7917
2010-06-11,52.50,54.00,52.50,52.9701,34400,13.2827
2010-06-10,52.9701,52.9701,51.9999,52.50,94200,13.1648
2010-06-09,51.0501,52.7001,51.0501,52.50,176400,13.1648
2010-06-08,50.8701,52.20,50.8599,51.42,209500,12.894
2010-06-07,51.5001,51.60,49.7001,50.4999,55200,12.6633
2010-06-04,50.67,51.5901,50.67,51.30,127800,12.8639
2010-06-03,51.75,51.75,50.5701,51.3501,28300,12.8765
2010-06-02,52.1001,52.1001,51.30,51.3099,72300,12.8664
2010-06-01,52.5501,52.95,51.30,52.02,143200,13.0445
2010-05-31,51.5001,52.9599,51.30,52.7499,112600,13.2275
2010-05-28,50.4099,51.3801,50.4099,51.30,48200,12.8639
2010-05-27,49.80,50.9499,49.7649,50.8401,60400,12.7486
2010-05-26,48.9999,49.95,48.9999,49.50,330100,12.4126
2010-05-25,49.4049,49.95,48.8199,48.9999,236700,12.2871
2010-05-24,49.0899,50.3499,49.005,50.3499,128400,12.6257
2010-05-21,48.9999,50.0001,48.12,50.0001,344500,12.538
2010-05-20,51.8001,51.8001,48.555,48.90,294800,12.2621
2010-05-19,50.8599,51.78,50.8299,50.94,191000,12.7736
2010-05-18,51.0201,51.9999,51.0201,51.8001,21300,12.9893
2010-05-17,52.8999,52.8999,50.9001,50.9901,202700,12.7862
2010-05-14,53.0001,53.3001,52.6299,52.95,185900,13.2777
2010-05-13,52.50,52.8501,51.9999,52.50,162800,13.1648
2010-05-12,53.4501,54.1599,52.50,52.50,188800,13.1648
2010-05-11,54.45,54.9999,53.7999,54.00,93000,13.541
2010-05-10,53.8299,54.99,53.1099,54.99,241500,13.7892
2010-05-07,53.10,54.00,50.07,51.5199,472100,12.9191
2010-05-06,53.7501,54.9999,53.1999,54.9999,196700,13.7917
2010-05-05,55.6599,56.49,54.5001,54.9999,142900,13.7917
2010-05-04,55.4001,58.5999,55.4001,55.7499,264900,13.9798
2010-05-03,54.5499,55.4001,54.4899,55.4001,96600,13.8921
2010-04-30,55.20,55.20,54.03,54.60,103000,13.6914
2010-04-29,53.70,54.9999,53.2101,54.30,99800,13.6162
2010-04-28,54.48,54.96,53.1999,53.7699,65700,13.4833
2010-04-27,55.50,55.74,54.51,54.6999,22900,13.7165
2010-04-26,55.9899,56.0001,55.4901,56.0001,204900,14.0425
2010-04-23,54.9999,55.50,54.5001,55.50,63400,13.9171
2010-04-22,54.5001,54.9999,54.5001,54.5001,65200,13.6664
2010-04-21,53.8599,54.96,53.8599,54.90,179800,13.7666
2010-04-20,53.4999,54.30,53.01,54.30,153300,13.6162
2010-04-19,54.00,54.00,52.50,53.0001,222200,13.2902
2010-04-16,54.4899,55.38,54.0999,54.0999,33000,13.566
2010-04-15,54.0999,54.6201,54.0999,54.54,141600,13.6764
2010-04-14,53.01,55.08,53.01,54.27,320500,13.6087
2010-04-13,54.0099,54.0201,52.8501,53.10,507200,13.3153
2010-04-12,54.90,54.90,54.0999,54.2001,152000,13.5911
2010-04-09,54.9999,54.9999,54.45,54.5001,155900,13.6664
2010-04-08,54.78,55.20,54.60,54.9999,148800,13.7917
2010-04-07,56.4999,56.9499,55.05,55.4799,273100,13.9121
2010-04-06,54.9999,56.9001,54.5199,56.40,494500,14.1428
2010-04-05,54.9999,54.9999,54.9999,54.9999,000,13.7917
2010-04-02,54.9999,54.9999,54.9999,54.9999,000,13.7917
2010-04-01,53.10,55.5501,53.10,54.9999,715700,13.7917
2010-03-31,53.7999,55.7901,53.7999,54.9999,1363900,13.7917
2010-03-30,53.9001,54.39,52.5501,53.8899,1924300,13.5134
2010-03-29,51.0999,54.00,51.0999,54.00,7502200,13.541
