Date,Open,High,Low,Close,Volume,Adj Close
2016-10-27,27.735,28.22,27.40,28.18,1324700,28.18
2016-10-26,27.715,27.945,27.575,27.715,785900,27.715
2016-10-25,27.72,27.86,27.595,27.72,740800,27.72
2016-10-24,27.60,28.045,27.515,27.68,1112600,27.68
2016-10-21,28.54,28.54,27.73,28.025,1210600,28.025
2016-10-20,28.14,28.665,27.95,28.465,942100,28.465
2016-10-19,28.505,28.515,27.935,28.16,1212600,28.16
2016-10-18,28.46,28.765,28.34,28.485,865800,28.485
2016-10-17,29.00,29.08,28.30,28.415,1393100,28.415
2016-10-14,29.185,29.81,29.05,29.475,979900,29.475
2016-10-13,29.31,29.31,28.74,29.015,1499800,29.015
2016-10-12,30.00,30.04,29.42,29.45,935400,29.45
2016-10-11,30.085,30.16,29.82,29.90,529000,29.90
2016-10-10,29.73,30.17,29.47,30.11,806100,30.11
2016-10-07,30.08,30.28,29.49,29.61,2510300,29.61
2016-10-06,30.74,31.02,30.695,30.915,724600,30.915
2016-10-05,30.465,30.81,30.32,30.595,929600,30.595
2016-10-04,30.695,30.925,30.435,30.745,1167300,30.745
2016-10-03,30.095,30.095,30.095,30.095,000,30.095
2016-09-30,29.62,30.095,29.45,30.095,754800,30.095
2016-09-29,30.48,30.605,29.88,29.985,542400,29.985
2016-09-28,29.97,30.40,29.84,30.175,652000,30.175
2016-09-27,30.18,30.18,29.52,29.80,669900,29.80
2016-09-26,30.235,30.26,29.885,29.955,520400,29.955
2016-09-23,30.465,30.535,30.225,30.385,614000,30.385
2016-09-22,30.23,30.74,30.105,30.535,948600,30.535
2016-09-21,30.015,30.175,29.885,29.96,537500,29.96
2016-09-20,29.80,29.92,29.545,29.745,636800,29.745
2016-09-19,29.50,29.675,29.32,29.385,525900,29.385
2016-09-16,29.20,29.355,28.90,29.27,1526200,29.27
2016-09-15,29.72,29.725,29.27,29.455,929300,29.455
2016-09-14,29.50,29.77,29.325,29.665,747100,29.665
2016-09-13,29.475,29.865,29.355,29.355,821400,29.355
2016-09-12,29.34,29.44,29.01,29.41,585600,29.41
2016-09-09,30.01,30.20,29.47,29.635,638300,29.635
2016-09-08,30.37,30.64,29.965,30.05,582400,30.05
2016-09-07,30.40,30.40,30.085,30.335,783300,30.335
2016-09-06,30.415,30.415,30.03,30.285,657600,30.285
2016-09-05,30.70,30.70,30.195,30.345,528000,30.345
2016-09-02,30.43,30.72,30.195,30.545,693900,30.545
2016-09-01,30.05,30.49,30.05,30.40,720500,30.40
2016-08-31,30.50,30.615,30.135,30.135,2275000,30.135
2016-08-30,30.56,30.77,30.44,30.53,705300,30.53
2016-08-29,30.22,30.54,30.055,30.455,425200,30.455
2016-08-26,30.21,30.515,29.97,30.36,520800,30.36
2016-08-25,29.885,30.265,29.87,30.185,500400,30.185
2016-08-24,29.72,30.205,29.665,29.98,493300,29.98
2016-08-23,29.82,30.065,29.73,29.85,412200,29.85
2016-08-22,30.00,30.12,29.56,29.65,652400,29.65
2016-08-19,30.14,30.14,29.74,29.96,285200,29.96
2016-08-18,30.05,30.365,29.87,30.07,501900,30.07
2016-08-17,29.925,30.155,29.835,29.915,700000,29.915
2016-08-16,30.00,30.18,29.875,29.935,620200,29.935
2016-08-15,30.045,30.125,29.805,30.00,426600,30.00
2016-08-12,30.00,30.31,29.78,30.09,904300,30.09
2016-08-11,29.75,29.965,29.49,29.78,863500,29.78
2016-08-10,29.74,29.975,29.41,29.665,677400,29.665
2016-08-09,29.08,29.83,29.08,29.71,1316700,29.71
2016-08-08,29.05,29.34,28.915,29.08,788600,29.08
2016-08-05,28.685,29.18,28.415,29.01,1691500,29.01
2016-08-04,27.81,27.905,27.45,27.665,641300,27.665
2016-08-03,27.60,27.705,27.31,27.705,391400,27.705
2016-08-02,27.81,27.915,27.19,27.56,617000,27.56
2016-08-01,27.955,28.165,27.565,27.745,458300,27.745
2016-07-29,27.83,27.88,27.55,27.88,634800,27.88
2016-07-28,27.925,28.125,27.685,27.685,473600,27.685
2016-07-27,28.20,28.25,27.87,27.91,576300,27.91
2016-07-26,27.58,28.195,27.535,28.13,644000,28.13
2016-07-25,27.89,28.015,27.605,27.62,497900,27.62
2016-07-22,27.84,27.90,27.635,27.80,530800,27.80
2016-07-21,28.09,28.17,27.695,27.815,769100,27.815
2016-07-20,27.995,28.015,27.705,27.95,575200,27.95
2016-07-19,27.935,27.935,27.535,27.765,683200,27.765
2016-07-18,27.89,28.105,27.75,27.93,578700,27.93
2016-07-15,27.51,27.91,27.51,27.855,597600,27.855
2016-07-14,27.205,27.85,27.205,27.69,787000,27.69
2016-07-13,27.275,27.38,27.015,27.23,667800,27.23
2016-07-12,27.11,27.395,27.05,27.225,530800,27.225
2016-07-11,26.83,27.195,26.705,27.155,731400,27.155
2016-07-08,26.165,26.53,26.05,26.485,565600,26.485
2016-07-07,26.205,26.35,25.97,26.09,493600,26.09
2016-07-06,26.04,26.235,25.72,26.01,829600,26.01
2016-07-05,26.63,26.68,26.175,26.20,550800,26.20
2016-07-04,27.20,27.255,26.73,26.79,454000,26.79
2016-07-01,26.96,27.195,26.745,27.08,1000900,27.08
2016-06-30,26.365,27.02,26.185,26.74,1344600,26.74
2016-06-29,25.92,26.56,25.705,26.49,812000,26.49
2016-06-28,25.65,25.95,25.47,25.51,666400,25.51
2016-06-27,26.35,26.415,25.025,25.18,1036600,25.18
2016-06-24,25.70,26.67,25.55,26.27,1496200,26.27
2016-06-23,27.315,27.895,27.21,27.52,686300,27.52
2016-06-22,27.50,27.50,27.05,27.18,511200,27.18
2016-06-21,26.995,27.44,26.89,27.26,687000,27.26
2016-06-20,26.49,27.02,26.405,26.955,783100,26.955
2016-06-17,26.15,26.46,25.89,25.89,4734300,25.89
2016-06-16,25.68,26.035,25.585,25.98,1079100,25.98
2016-06-15,26.20,26.355,25.925,25.925,1070800,25.925
2016-06-14,25.715,26.395,25.58,26.105,1801900,26.105
2016-06-13,25.65,25.95,25.495,25.56,871100,25.56
2016-06-10,26.23,26.23,25.70,25.92,827500,25.92
2016-06-09,26.95,27.03,26.30,26.34,927000,26.34
2016-06-08,27.20,27.20,26.825,27.05,663400,27.05
2016-06-07,26.825,27.31,26.795,27.25,814500,27.25
2016-06-06,26.53,26.74,26.445,26.64,447100,26.64
2016-06-03,26.77,26.915,26.31,26.45,598400,26.45
2016-06-02,26.655,26.75,26.335,26.67,608800,26.67
2016-06-01,26.56,26.66,26.25,26.55,624100,26.55
2016-05-31,26.75,26.75,26.29,26.50,1167300,26.50
2016-05-30,26.53,26.65,26.33,26.63,329400,26.63
2016-05-27,26.46,26.635,26.40,26.49,854100,26.49
2016-05-26,26.42,26.60,26.31,26.50,1063600,26.50
2016-05-25,26.155,26.475,25.935,26.34,2191400,26.34
2016-05-24,25.28,26.02,25.21,26.00,5376600,26.00
2016-05-23,27.13,27.28,26.855,26.99,609100,26.99
2016-05-20,26.905,27.125,26.82,27.11,636200,27.11
2016-05-19,27.055,27.135,26.39,26.665,1246600,26.665
2016-05-18,28.41,28.58,27.93,28.285,879800,27.135
2016-05-17,28.995,29.02,28.44,28.555,595400,27.394
2016-05-16,28.735,28.735,28.735,28.735,000,27.567
2016-05-13,28.45,28.735,28.18,28.735,1015300,27.567
2016-05-12,28.70,28.94,28.49,28.545,660400,27.384
2016-05-11,29.135,29.185,28.69,28.845,675700,27.672
2016-05-10,29.10,29.265,28.75,29.10,897100,27.917
2016-05-09,29.35,29.40,28.635,28.845,720400,27.672
2016-05-06,27.90,29.24,27.145,29.20,2299200,28.013
2016-05-05,27.68,28.015,27.66,27.95,391100,26.814
2016-05-04,28.00,28.895,27.67,27.695,978400,26.569
2016-05-03,27.74,27.85,27.35,27.655,716100,26.531
2016-05-02,27.935,27.96,27.69,27.74,322900,26.612
2016-04-29,27.975,28.04,27.585,27.665,529600,26.54
2016-04-28,28.01,28.075,27.645,28.035,596800,26.895
2016-04-27,27.96,28.30,27.73,28.24,629200,27.092
2016-04-26,28.315,28.315,27.67,27.805,461200,26.675
2016-04-25,28.20,28.235,27.75,27.865,401100,26.732
2016-04-22,28.00,28.345,27.845,28.20,607600,27.053
2016-04-21,28.245,28.355,27.88,28.18,478600,27.034
2016-04-20,27.995,28.315,27.85,28.235,626400,27.087
2016-04-19,27.915,28.19,27.79,27.965,741800,26.828
2016-04-18,27.21,27.785,27.055,27.735,409800,26.607
2016-04-15,27.59,27.65,27.34,27.475,554100,26.358
2016-04-14,27.585,27.765,27.41,27.765,654300,26.636
2016-04-13,26.86,27.64,26.86,27.64,730700,26.516
2016-04-12,26.495,26.655,26.325,26.60,878600,25.519
2016-04-11,25.75,26.47,25.63,26.38,754100,25.307
2016-04-08,25.815,25.945,25.55,25.80,574200,24.751
2016-04-07,25.91,26.06,25.50,25.64,887100,24.598
2016-04-06,25.45,25.76,25.32,25.76,790700,24.713
2016-04-05,25.40,25.575,25.11,25.365,945800,24.334
2016-04-04,26.00,26.13,25.72,25.85,728900,24.799
2016-04-01,26.25,26.25,25.55,25.605,979100,24.564
2016-03-31,26.44,26.605,26.34,26.365,924800,25.293
2016-03-30,26.705,26.975,26.705,26.725,598700,25.638
2016-03-29,26.66,26.66,26.31,26.49,424800,25.413
2016-03-28,26.48,26.48,26.48,26.48,000,25.403
2016-03-25,26.48,26.48,26.48,26.48,000,25.403
2016-03-24,26.975,26.98,26.365,26.48,560300,25.403
2016-03-23,27.15,27.345,26.90,27.13,631600,26.027
2016-03-22,26.755,27.285,26.72,27.05,1275400,25.95
2016-03-21,27.08,27.35,26.84,26.97,870700,25.873
2016-03-18,27.43,27.70,26.75,27.095,1160000,25.993
2016-03-17,27.50,27.735,26.705,27.315,1618000,26.204
2016-03-16,26.15,26.835,26.055,26.65,1293700,25.566
2016-03-15,25.895,25.995,25.735,25.95,647400,24.895
2016-03-14,26.00,26.145,25.77,25.875,757900,24.823
2016-03-11,25.125,25.85,25.025,25.775,872000,24.727
2016-03-10,25.26,25.865,24.70,24.71,1332700,23.705
2016-03-09,24.80,25.33,24.79,25.20,1152300,24.175
2016-03-08,24.725,25.085,24.46,25.005,1145400,23.988
2016-03-07,24.85,24.995,24.655,24.835,1462700,23.825
2016-03-04,25.20,25.45,24.72,24.795,2500600,23.787
2016-03-03,25.39,25.99,24.35,24.90,5456100,23.888
2016-03-02,28.74,28.94,28.165,28.285,622800,27.135
2016-03-01,27.94,28.52,27.855,28.465,653400,27.308
2016-02-29,27.80,27.925,27.395,27.82,475400,26.689
2016-02-26,27.82,28.25,27.66,27.755,496800,26.627
2016-02-25,27.535,27.865,27.43,27.585,406800,26.463
2016-02-24,27.945,27.945,27.085,27.29,384500,26.18
2016-02-23,28.115,28.115,27.70,27.895,446700,26.761
2016-02-22,27.98,28.285,27.94,28.155,479900,27.01
2016-02-19,27.645,27.925,27.41,27.705,457200,26.579
2016-02-18,27.70,27.785,27.15,27.735,496000,26.607
2016-02-17,26.60,27.52,26.535,27.49,683200,26.372
2016-02-16,26.895,27.00,26.21,26.425,436800,25.351
2016-02-15,26.555,26.735,26.245,26.67,438900,25.586
2016-02-12,25.56,25.82,25.325,25.805,520100,24.756
2016-02-11,25.825,25.825,25.015,25.38,959600,24.348
2016-02-10,25.83,26.33,25.54,26.09,658000,25.029
2016-02-09,25.95,26.14,25.165,25.56,783700,24.521
2016-02-08,27.235,27.31,25.68,25.885,824400,24.833
2016-02-05,27.115,27.585,26.92,27.11,328000,26.008
2016-02-04,27.79,27.84,26.645,27.105,613300,26.003
2016-02-03,27.955,27.955,27.105,27.41,545000,26.296
2016-02-02,28.335,28.37,27.695,27.84,456300,26.708
2016-02-01,28.555,28.735,28.115,28.395,474800,27.241
2016-01-29,28.23,28.395,27.73,28.395,1039500,27.241
2016-01-28,28.34,28.525,27.665,27.83,492400,26.698
2016-01-27,28.375,28.48,27.98,28.365,625500,27.212
2016-01-26,27.60,28.60,27.335,28.60,760300,27.437
2016-01-25,28.73,28.73,27.75,27.875,399200,26.742
2016-01-22,28.445,29.10,28.255,28.44,788100,27.284
2016-01-21,26.925,27.75,26.885,27.75,734300,26.622
2016-01-20,27.35,27.485,26.755,26.88,736000,25.787
2016-01-19,27.855,28.09,27.695,27.84,689600,26.708
2016-01-18,27.765,28.075,27.27,27.45,426900,26.334
2016-01-15,28.50,28.745,27.60,27.76,721200,26.631
2016-01-14,29.28,29.28,28.56,28.865,1001200,27.691
2016-01-13,29.67,30.045,29.30,29.39,904300,28.195
2016-01-12,27.965,29.345,27.95,29.155,1171900,27.97
2016-01-11,27.70,28.53,27.70,27.85,785000,26.718
2016-01-08,27.95,28.35,27.665,27.675,601900,26.55
2016-01-07,27.875,27.94,27.055,27.83,911600,26.698
2016-01-06,29.51,29.67,28.475,28.625,548700,27.461
2016-01-05,29.77,29.87,29.165,29.505,392000,28.305
2016-01-04,30.59,30.59,29.40,29.75,568400,28.54
2016-01-01,30.615,30.615,30.615,30.615,000,29.37
2015-12-31,30.615,30.615,30.615,30.615,000,29.37
2015-12-30,30.865,30.865,30.42,30.615,172200,29.37
2015-12-29,30.33,30.96,30.27,30.875,305700,29.62
2015-12-28,30.555,30.555,29.95,30.18,121700,28.953
2015-12-25,30.44,30.44,30.44,30.44,000,29.202
2015-12-24,30.44,30.44,30.44,30.44,000,29.202
2015-12-23,30.19,30.50,30.11,30.44,239600,29.202
2015-12-22,29.985,30.09,29.375,29.865,317200,28.651
2015-12-21,30.55,30.60,29.82,29.825,349700,28.612
2015-12-18,30.53,30.64,30.145,30.385,1168200,29.15
2015-12-17,30.645,30.965,30.515,30.74,764000,29.49
2015-12-16,29.93,30.435,29.79,30.185,558900,28.958
2015-12-15,29.375,29.88,29.34,29.86,672100,28.646
2015-12-14,29.485,29.645,28.96,29.12,516500,27.936
2015-12-11,29.94,30.065,29.085,29.20,557300,28.013
2015-12-10,30.165,30.40,30.00,30.025,392300,28.804
2015-12-09,30.40,30.55,29.685,30.18,864600,28.953
2015-12-08,31.045,31.05,29.965,30.145,786300,28.919
2015-12-07,31.055,31.665,30.95,31.195,503000,29.927
2015-12-04,30.925,31.115,30.73,30.89,633800,29.634
2015-12-03,31.49,31.865,30.79,30.84,718000,29.586
2015-12-02,31.98,32.075,31.455,31.58,490900,30.296
2015-12-01,32.26,32.42,31.95,31.95,562600,30.651
2015-11-30,32.33,32.62,31.96,32.34,1058200,31.025
2015-11-27,33.85,33.85,32.72,33.015,1110500,31.673
2015-11-26,33.88,34.40,33.88,34.13,365000,32.742
2015-11-25,33.80,34.24,33.78,33.90,421500,32.522
2015-11-24,33.885,33.935,33.355,33.795,647600,32.421
2015-11-23,33.745,34.04,33.565,33.93,227700,32.55
2015-11-20,33.435,33.945,33.31,33.775,414600,32.402
2015-11-19,33.59,33.965,33.14,33.34,505900,31.984
2015-11-18,32.85,33.45,32.73,33.32,626800,31.965
2015-11-17,32.495,33.265,32.38,33.01,1123100,31.668
2015-11-16,31.58,32.51,31.55,32.12,514100,30.814
2015-11-13,31.91,31.98,31.64,31.84,1051600,30.545
2015-11-12,32.405,32.64,31.54,31.84,823900,30.545
2015-11-11,32.44,32.675,32.22,32.37,789200,31.054
2015-11-10,32.70,32.78,32.08,32.315,1623400,31.001
2015-11-09,33.49,33.71,33.17,33.205,357100,31.855
2015-11-06,33.055,33.75,33.055,33.55,484100,32.186
2015-11-05,32.95,33.35,32.625,32.99,867400,31.649
2015-11-04,33.90,34.00,32.225,32.475,1050900,31.155
2015-11-03,33.375,33.53,33.205,33.455,465100,32.095
2015-11-02,32.70,33.65,32.70,33.315,399300,31.96
2015-10-30,33.19,33.29,32.76,33.05,415300,31.706
2015-10-29,32.855,33.16,32.67,33.02,354100,31.677
2015-10-28,32.57,33.04,32.42,32.855,293300,31.519
2015-10-27,32.985,33.15,32.565,32.565,342600,31.241
2015-10-26,33.045,33.245,32.875,33.08,406300,31.735
2015-10-23,32.76,33.22,32.565,33.03,477800,31.687
2015-10-22,31.60,32.735,31.60,32.44,415700,31.121
2015-10-21,31.50,31.85,31.185,31.71,445900,30.421
2015-10-20,31.385,31.475,30.89,31.37,427000,30.095
2015-10-19,31.21,31.62,31.105,31.505,382200,30.224
2015-10-16,31.185,31.275,30.77,30.96,527100,29.701
2015-10-15,30.64,31.335,30.515,31.05,532400,29.788
2015-10-14,31.00,31.045,30.33,30.44,679100,29.202
2015-10-13,30.72,30.74,30.18,30.57,610300,29.327
2015-10-12,31.65,31.65,30.485,30.785,619800,29.533
2015-10-09,31.295,31.545,30.745,30.845,461500,29.591
2015-10-08,30.68,31.015,30.41,31.00,425700,29.74
2015-10-07,30.755,31.215,30.52,30.67,577300,29.423
2015-10-06,30.45,30.825,30.10,30.515,555400,29.274
2015-10-05,30.50,30.74,30.31,30.42,627700,29.183
2015-10-02,29.92,30.185,29.45,29.975,690200,28.756
2015-10-01,30.12,30.745,29.615,29.715,782700,28.507
2015-09-30,30.035,30.22,29.67,29.915,580600,28.699
2015-09-29,28.85,29.715,28.725,29.52,770700,28.32
2015-09-28,30.10,30.30,29.195,29.195,806100,28.008
2015-09-25,30.00,30.44,29.95,30.165,793300,28.939
2015-09-24,29.425,29.68,28.925,29.155,721600,27.97
2015-09-23,29.29,29.895,29.10,29.48,471900,28.281
2015-09-22,30.375,30.41,29.125,29.25,766400,28.061
2015-09-21,30.06,30.485,29.83,30.355,508300,29.121
2015-09-18,30.275,30.55,29.63,30.145,1167000,28.919
2015-09-17,30.705,30.97,30.35,30.49,566500,29.25
2015-09-16,30.685,30.88,30.12,30.655,740900,29.409
2015-09-15,31.16,31.20,29.90,30.49,1012400,29.25
2015-09-14,31.05,31.445,30.90,31.045,507500,29.783
2015-09-11,31.53,31.53,31.01,31.085,485500,29.821
2015-09-10,31.61,31.79,31.215,31.415,620500,30.138
2015-09-09,32.24,32.615,31.80,31.85,764400,30.555
2015-09-08,31.25,31.75,31.21,31.55,693700,30.267
2015-09-07,31.905,32.09,30.505,31.14,933900,29.874
2015-09-04,31.855,32.02,31.125,31.68,938600,30.392
2015-09-03,32.50,32.50,31.84,32.165,1933400,30.857
2015-09-02,32.595,32.955,32.19,32.87,604300,31.534
2015-09-01,32.78,32.92,32.09,32.38,449000,31.064
2015-08-31,32.715,33.205,32.45,33.205,809000,31.855
2015-08-28,33.17,33.245,32.53,32.89,359200,31.553
2015-08-27,32.455,33.165,32.30,33.015,668500,31.673
2015-08-26,32.015,32.39,31.56,31.715,644300,30.426
2015-08-25,31.31,32.595,31.04,32.405,955800,31.087
2015-08-24,30.89,31.575,30.05,30.88,981000,29.624
2015-08-21,32.57,33.10,31.75,31.75,892900,30.459
2015-08-20,34.215,34.365,33.14,33.23,853200,31.879
2015-08-19,35.07,35.07,34.325,34.40,514500,33.001
2015-08-18,35.495,35.80,35.105,35.105,494600,33.678
2015-08-17,36.11,36.285,35.43,35.66,359300,34.21
2015-08-14,35.775,36.135,35.46,35.895,581900,34.436
2015-08-13,36.025,36.085,35.83,36.085,412400,34.618
2015-08-12,36.355,36.45,35.27,35.465,622800,34.023
2015-08-11,37.67,37.695,36.76,36.895,531000,35.395
2015-08-10,37.425,37.745,37.085,37.725,702900,36.191
2015-08-07,37.16,37.26,36.90,37.22,605300,35.707
2015-08-06,37.325,37.425,36.995,37.155,726000,35.644
2015-08-05,36.50,37.34,36.485,37.20,864700,35.688
2015-08-04,36.295,36.36,35.42,36.36,1270300,34.882
2015-08-03,36.305,36.91,36.29,36.585,776000,35.098
2015-07-31,36.05,36.435,35.825,36.435,746100,34.954
2015-07-30,36.385,36.435,35.705,35.96,524400,34.498
2015-07-29,35.875,36.32,35.63,36.315,577400,34.839
2015-07-28,35.435,35.97,35.145,35.68,757100,34.229
2015-07-27,36.00,36.01,35.125,35.125,633300,33.697
2015-07-24,36.385,36.695,36.10,36.255,489100,34.781
2015-07-23,36.98,36.98,36.075,36.45,796900,34.968
2015-07-22,36.60,36.745,36.385,36.445,478200,34.963
2015-07-21,36.92,37.045,36.55,36.705,960900,35.213
2015-07-20,36.20,36.84,36.20,36.72,823000,35.227
2015-07-17,36.18,36.21,35.83,36.16,781600,34.69
2015-07-16,35.90,36.24,35.75,35.90,3725400,34.44
2015-07-15,34.68,35.72,34.625,35.62,1821100,34.172
2015-07-14,34.70,35.08,34.32,34.50,2786100,33.097
2015-07-13,36.10,36.35,35.455,35.455,862300,34.013
2015-07-10,35.84,35.99,35.67,35.80,660800,34.344
2015-07-09,34.32,35.24,34.32,35.24,586800,33.807
2015-07-08,34.27,34.47,34.12,34.30,349800,32.905
2015-07-07,34.88,35.00,34.165,34.235,626900,32.843
2015-07-06,34.435,34.875,34.33,34.745,538100,33.332
2015-07-03,34.97,35.04,34.75,34.91,345500,33.491
2015-07-02,35.08,35.185,34.675,34.955,695500,33.534
2015-07-01,34.50,35.20,34.29,34.945,987200,33.524
2015-06-30,34.25,34.425,34.05,34.225,937800,32.833
2015-06-29,34.00,34.73,33.68,34.395,576700,32.997
2015-06-26,35.19,35.735,35.11,35.425,433200,33.985
2015-06-25,34.90,35.50,34.785,35.435,366500,33.994
2015-06-24,35.33,35.405,34.85,35.085,462700,33.659
2015-06-23,35.05,35.41,34.955,35.33,487500,33.894
2015-06-22,34.665,35.05,34.425,34.97,594500,33.548
2015-06-19,34.17,34.45,33.84,34.22,1263300,32.829
2015-06-18,33.55,34.07,33.155,34.04,605500,32.656
2015-06-17,33.57,33.885,33.52,33.77,420100,32.397
2015-06-16,33.28,33.63,32.915,33.55,586400,32.186
2015-06-15,33.50,33.66,33.225,33.545,569300,32.181
2015-06-12,34.28,34.31,33.52,33.875,447100,32.498
2015-06-11,33.815,34.415,33.72,34.315,543500,32.92
2015-06-10,33.25,33.765,32.98,33.70,317700,32.33
2015-06-09,33.07,33.30,32.74,33.25,512000,31.898
2015-06-08,33.35,33.44,33.11,33.205,283400,31.855
2015-06-05,33.525,33.65,33.23,33.41,356000,32.052
2015-06-04,34.025,34.025,33.40,33.68,552500,32.311
2015-06-03,33.89,34.235,33.76,34.145,625500,32.757
2015-06-02,33.99,34.02,33.415,33.725,735300,32.354
2015-06-01,34.15,34.265,33.76,33.845,600600,32.469
2015-05-29,34.05,34.175,33.675,34.00,8671800,32.618
2015-05-28,34.095,34.20,33.665,34.01,617000,32.627
2015-05-27,33.755,34.125,33.75,34.10,907500,32.714
2015-05-26,33.72,34.00,33.525,33.685,880100,32.315
2015-05-25,33.555,33.555,33.555,33.555,000,32.191
2015-05-22,33.55,33.82,33.335,33.555,474100,32.191
2015-05-21,33.50,33.725,33.045,33.655,558900,32.287
2015-05-20,32.75,33.475,32.45,33.35,942000,31.994
2015-05-19,33.495,33.78,33.04,33.30,814400,30.987
2015-05-18,33.26,33.43,32.81,33.33,819200,31.015
2015-05-15,33.21,33.495,32.93,32.96,767400,30.67
2015-05-14,32.82,33.415,32.495,33.21,401400,30.903
2015-05-13,33.10,33.60,32.77,32.86,1145800,30.577
2015-05-12,33.055,33.105,32.345,32.59,706200,30.326
2015-05-11,33.09,33.63,33.045,33.30,589800,30.987
2015-05-08,32.25,33.155,32.22,33.07,1487800,30.773
2015-05-07,31.85,32.24,31.65,32.00,4587900,29.777
2015-05-06,35.49,35.49,32.69,33.38,1025600,31.061
2015-05-05,35.00,35.325,34.145,34.20,597900,31.824
2015-05-04,34.65,34.89,34.525,34.72,269500,32.308
2015-05-01,34.435,34.435,34.435,34.435,000,32.043
2015-04-30,34.22,34.495,33.915,34.435,805700,32.043
2015-04-29,35.49,35.545,34.15,34.295,586000,31.913
2015-04-28,35.64,35.69,35.19,35.25,477700,32.801
2015-04-27,35.375,35.73,35.08,35.54,443100,33.071
2015-04-24,35.07,35.185,34.755,35.165,254400,32.722
2015-04-23,35.315,35.355,34.615,34.835,353500,32.415
2015-04-22,35.375,35.49,34.96,35.15,323300,32.708
2015-04-21,35.30,35.50,35.00,35.305,400800,32.852
2015-04-20,34.605,35.12,34.60,35.115,362000,32.676
2015-04-17,34.885,35.12,34.32,34.56,538900,32.159
2015-04-16,35.51,35.58,34.76,34.965,585100,32.536
2015-04-15,35.50,35.93,35.245,35.50,446300,33.034
2015-04-14,35.32,35.82,35.29,35.55,414700,33.08
2015-04-13,35.97,36.08,35.55,35.585,468200,33.113
2015-04-10,35.45,36.10,35.45,36.10,723600,33.592
2015-04-09,34.50,35.39,34.45,35.39,606100,32.932
2015-04-08,34.735,34.995,34.365,34.47,342500,32.075
2015-04-07,34.15,34.805,34.10,34.745,380800,32.331
2015-04-06,34.025,34.025,34.025,34.025,000,31.661
2015-04-03,34.025,34.025,34.025,34.025,000,31.661
2015-04-02,34.22,34.22,33.84,34.025,310900,31.661
2015-04-01,33.135,34.275,33.05,34.17,741300,31.796
2015-03-31,33.06,33.35,32.95,33.20,653500,30.894
2015-03-30,32.33,33.345,32.33,33.12,448800,30.819
2015-03-27,32.57,32.645,32.195,32.32,386800,30.075
2015-03-26,32.77,32.85,31.65,32.475,764400,30.219
2015-03-25,33.165,33.355,32.80,32.92,375000,30.633
2015-03-24,32.595,33.28,32.43,33.11,352700,30.81
2015-03-23,33.115,33.215,32.76,32.795,416600,30.517
2015-03-20,32.60,33.33,32.55,33.16,1573600,30.856
2015-03-19,31.395,31.995,31.395,31.795,470900,29.586
2015-03-18,31.73,31.85,31.155,31.52,511000,29.33
2015-03-17,32.47,32.515,31.625,31.785,545900,29.577
2015-03-16,32.255,32.665,32.10,32.37,404400,30.121
2015-03-13,32.355,32.575,31.965,32.095,512400,29.865
2015-03-12,31.375,32.335,31.375,32.255,732300,30.014
2015-03-11,31.07,31.645,30.89,31.495,430100,29.307
2015-03-10,30.61,31.13,30.51,30.88,616200,28.735
2015-03-09,30.71,30.895,30.505,30.66,414100,28.53
2015-03-06,30.32,31.10,30.315,30.705,1652400,28.572
2015-03-05,29.50,30.115,29.50,30.00,3990300,27.916
2015-03-04,31.42,31.475,30.71,30.88,488200,28.735
2015-03-03,31.095,31.49,30.865,31.40,774800,29.219
2015-03-02,30.53,30.98,30.53,30.815,441600,28.674
2015-02-27,30.00,30.49,30.00,30.455,344800,28.339
2015-02-26,29.635,30.11,29.605,30.055,161200,27.967
2015-02-25,29.86,29.91,29.645,29.805,155100,27.735
2015-02-24,29.73,29.865,29.55,29.815,140200,27.744
2015-02-23,29.945,30.00,29.595,29.805,173700,27.735
2015-02-20,29.85,29.89,29.505,29.875,190100,27.80
2015-02-19,29.64,29.845,29.27,29.83,188200,27.758
2015-02-18,29.485,29.69,29.325,29.645,220500,27.586
2015-02-17,29.085,29.49,28.72,29.35,272100,27.311
2015-02-16,29.17,29.185,29.00,29.13,116200,27.106
2015-02-13,29.045,29.19,28.955,29.15,239900,27.125
2015-02-12,28.205,28.965,28.205,28.88,304300,26.874
2015-02-11,28.25,28.445,27.825,28.225,919700,26.264
2015-02-10,28.73,29.25,28.535,28.835,448500,26.832
2015-02-09,28.395,28.775,27.85,28.55,275300,26.567
2015-02-06,28.59,28.69,28.275,28.485,128300,26.506
2015-02-05,28.41,28.78,28.18,28.78,256600,26.781
2015-02-04,28.425,28.55,28.065,28.48,183600,26.502
2015-02-03,28.495,28.71,28.295,28.365,164900,26.395
2015-02-02,28.31,28.585,28.15,28.385,185500,26.413
2015-01-30,28.00,28.395,27.89,28.155,256900,26.199
2015-01-29,27.66,27.95,27.50,27.84,166100,25.906
2015-01-28,26.935,28.17,26.935,27.85,482300,25.915
2015-01-27,27.24,27.295,26.665,26.86,159500,24.994
2015-01-26,26.945,27.175,26.845,27.17,256000,25.283
2015-01-23,27.20,27.485,26.83,27.01,273500,25.134
2015-01-22,27.08,27.41,26.925,27.305,186100,25.408
2015-01-21,27.125,27.19,26.875,27.09,159800,25.208
2015-01-20,27.29,27.38,27.07,27.22,136100,25.329
2015-01-19,26.99,27.165,26.855,27.10,134400,25.217
2015-01-16,26.73,26.85,26.51,26.775,126000,24.915
2015-01-15,26.565,26.75,25.94,26.74,181000,24.882
2015-01-14,26.55,26.625,25.95,26.30,238300,24.473
2015-01-13,26.54,26.865,26.50,26.685,274700,24.831
2015-01-12,27.445,27.56,26.59,26.705,267900,24.85
2015-01-09,27.20,27.45,26.92,27.105,180900,25.222
2015-01-08,27.15,27.245,26.905,27.20,195100,25.311
2015-01-07,26.75,26.94,26.57,26.86,154700,24.994
2015-01-06,26.705,26.705,26.25,26.60,173100,24.752
2015-01-05,27.04,27.24,26.50,26.595,159600,24.748
2015-01-02,27.385,27.385,26.92,27.10,76800,25.217
2015-01-01,27.125,27.125,27.125,27.125,000,25.241
2014-12-31,27.125,27.125,27.125,27.125,000,25.241
2014-12-30,27.385,27.385,27.10,27.125,30700,25.241
2014-12-29,27.345,27.42,27.00,27.42,54500,25.515
2014-12-26,27.27,27.27,27.27,27.27,000,25.376
2014-12-25,27.27,27.27,27.27,27.27,000,25.376
2014-12-24,27.27,27.27,27.27,27.27,000,25.376
2014-12-23,27.16,27.31,27.08,27.27,171600,25.376
2014-12-22,27.00,27.32,27.00,27.14,119700,25.255
2014-12-19,27.335,27.345,26.85,26.98,419600,25.106
2014-12-18,26.565,27.30,26.495,27.19,306800,25.301
2014-12-17,25.97,26.275,25.865,26.20,210200,24.38
2014-12-16,25.77,26.07,25.27,26.045,268500,24.236
2014-12-15,26.37,26.465,25.695,25.74,172500,23.952
2014-12-12,26.54,26.81,26.26,26.325,167100,24.496
2014-12-11,26.585,27.00,26.585,26.94,126600,25.069
2014-12-10,27.105,27.105,26.615,26.705,106900,24.85
2014-12-09,26.835,27.125,26.775,26.865,123900,24.999
2014-12-08,27.30,27.33,27.03,27.15,117600,25.264
2014-12-05,27.015,27.40,26.885,27.22,279500,25.329
2014-12-04,27.12,27.355,26.75,26.885,246200,25.017
2014-12-03,26.56,26.995,26.55,26.905,127100,25.036
2014-12-02,26.685,26.75,26.415,26.59,119500,24.743
2014-12-01,26.345,26.655,26.30,26.47,64000,24.631
2014-11-28,26.945,26.995,26.425,26.525,146800,24.682
2014-11-27,26.74,27.03,26.66,26.945,99000,25.073
2014-11-26,26.885,26.885,26.55,26.755,104600,24.896
2014-11-25,26.685,26.87,26.525,26.685,188500,24.831
2014-11-24,26.50,26.79,26.395,26.62,172300,24.771
2014-11-21,25.895,26.45,25.79,26.38,160800,24.547
2014-11-20,26.01,26.01,25.625,25.80,255700,24.008
2014-11-19,25.93,26.06,25.71,25.99,157300,24.185
2014-11-18,25.585,25.94,25.545,25.835,158400,24.04
2014-11-17,25.065,25.435,25.06,25.40,186000,23.636
2014-11-14,25.295,25.40,24.715,25.225,528900,23.473
2014-11-13,25.92,25.92,25.295,25.34,177600,23.58
2014-11-12,25.60,25.87,25.41,25.665,181400,23.882
2014-11-11,25.70,25.71,25.405,25.50,160900,23.729
2014-11-10,25.585,25.645,25.43,25.49,167000,23.719
2014-11-07,26.225,26.225,25.30,25.515,347100,23.743
2014-11-06,26.255,26.395,26.00,26.06,319300,24.25
2014-11-05,26.505,26.505,26.075,26.19,204100,24.371
2014-11-04,26.49,26.615,26.055,26.13,217100,24.315
2014-11-03,26.67,26.71,26.21,26.45,248900,24.613
2014-10-31,26.795,26.795,26.45,26.64,351000,24.789
2014-10-30,27.23,27.30,25.995,26.20,272700,24.38
2014-10-29,26.87,27.16,26.51,26.85,233400,24.985
2014-10-28,26.48,26.865,26.36,26.80,182500,24.938
2014-10-27,26.665,26.695,26.095,26.365,276300,24.534
2014-10-24,26.855,26.99,26.44,26.52,210000,24.678
2014-10-23,26.50,27.13,26.435,26.95,171000,25.078
2014-10-22,26.48,26.79,26.41,26.76,187200,24.901
2014-10-21,25.57,26.445,25.50,26.445,208500,24.608
2014-10-20,25.95,26.365,25.665,25.725,362400,23.938
2014-10-17,24.825,25.47,24.70,25.465,320000,23.696
2014-10-16,24.90,25.275,24.18,24.66,314500,22.947
2014-10-15,25.36,25.63,24.74,24.80,284500,23.077
2014-10-14,25.19,25.495,24.86,25.46,172400,23.691
2014-10-13,25.20,25.40,24.87,25.19,227900,23.44
2014-10-10,25.70,25.73,25.05,25.255,367700,23.501
2014-10-09,26.225,26.37,25.78,25.835,227900,24.04
2014-10-08,26.235,26.405,26.00,26.065,168100,24.254
2014-10-07,26.85,26.89,26.30,26.48,208500,24.641
2014-10-06,27.52,27.52,26.765,26.85,307700,24.985
2014-10-03,27.40,27.40,27.40,27.40,000,25.497
2014-10-02,27.12,27.98,27.085,27.40,428900,25.497
2014-10-01,27.50,28.05,27.05,27.09,235100,25.208
2014-09-30,27.475,27.57,27.255,27.44,117400,25.534
2014-09-29,27.90,27.90,27.045,27.44,142300,25.534
2014-09-26,27.51,27.565,27.05,27.14,261000,25.255
2014-09-25,28.02,28.28,27.465,27.585,169500,25.669
2014-09-24,27.37,28.18,27.265,28.065,411400,26.115
2014-09-23,27.805,27.875,27.23,27.29,131100,25.394
2014-09-22,27.75,28.00,27.465,27.76,161000,25.832
2014-09-19,27.465,27.80,27.21,27.775,321200,25.846
2014-09-18,26.63,27.33,26.63,27.28,222500,25.385
2014-09-17,26.54,26.78,26.485,26.63,207000,24.78
2014-09-16,26.50,26.66,26.30,26.415,130000,24.58
2014-09-15,26.875,26.895,26.58,26.605,107200,24.757
2014-09-12,27.06,27.06,26.785,26.84,59200,24.976
2014-09-11,27.05,27.15,26.85,26.93,97800,25.059
2014-09-10,27.20,27.31,27.03,27.06,82100,25.18
2014-09-09,27.37,27.55,27.27,27.34,164000,25.441
2014-09-08,27.32,27.435,27.235,27.425,67600,25.52
2014-09-05,27.22,27.355,27.16,27.23,125200,25.338
2014-09-04,27.21,27.49,27.18,27.395,152000,25.492
2014-09-03,27.545,27.945,27.365,27.405,156900,25.501
2014-09-02,27.70,27.775,27.36,27.485,114300,25.576
2014-09-01,27.39,27.615,27.30,27.595,119300,25.678
2014-08-29,27.505,27.525,27.20,27.44,135600,25.534
2014-08-28,27.50,27.72,27.19,27.375,169300,25.473
2014-08-27,27.755,27.805,27.24,27.68,161400,25.757
2014-08-26,27.71,27.775,27.51,27.68,117400,25.757
2014-08-25,27.92,27.92,27.585,27.715,93700,25.79
2014-08-22,27.52,27.79,27.35,27.68,141100,25.757
2014-08-21,27.38,27.575,27.185,27.52,146100,25.608
2014-08-20,27.115,27.32,26.95,27.255,92100,25.362
2014-08-19,27.215,27.34,27.065,27.065,164500,25.185
2014-08-18,26.99,27.265,26.955,27.11,169500,25.227
2014-08-15,27.06,27.205,26.725,26.785,87200,24.924
2014-08-14,26.90,27.175,26.845,26.95,98500,25.078
2014-08-13,26.695,26.935,26.415,26.825,108500,24.962
2014-08-12,26.915,26.94,26.38,26.525,134000,24.682
2014-08-11,26.845,27.01,26.665,26.845,189400,24.98
2014-08-08,26.25,26.485,25.925,26.485,159300,24.645
2014-08-07,26.72,26.845,26.355,26.61,187000,24.761
2014-08-06,26.845,26.895,26.285,26.85,169800,24.985
2014-08-05,27.65,27.65,26.98,27.06,153100,25.18
2014-08-04,27.345,27.59,26.635,26.725,264100,24.869
2014-08-01,27.70,27.70,27.05,27.375,354000,25.473
2014-07-31,28.30,28.75,27.175,27.585,238300,25.669
2014-07-30,28.755,28.80,28.305,28.47,95700,26.492
2014-07-29,28.315,28.65,28.295,28.55,80700,26.567
2014-07-28,28.60,28.675,27.91,28.345,153800,26.376
2014-07-25,28.92,28.92,28.465,28.535,94000,26.553
2014-07-24,28.37,29.05,28.32,28.825,158200,26.823
2014-07-23,28.36,28.39,28.19,28.355,133400,26.385
2014-07-22,28.26,28.32,27.98,28.30,190400,26.334
2014-07-21,28.37,28.37,27.81,28.15,149400,26.195
2014-07-18,28.80,28.80,27.935,28.265,221100,26.302
2014-07-17,28.65,28.935,28.41,28.80,80100,26.799
2014-07-16,28.91,29.085,28.18,28.78,260100,26.781
2014-07-15,29.17,29.20,28.78,28.89,90400,26.883
2014-07-14,29.07,29.19,28.88,29.175,98800,27.148
2014-07-11,28.78,28.92,28.56,28.72,122300,26.725
2014-07-10,29.10,29.195,28.55,28.76,193900,26.762
2014-07-09,28.88,29.21,28.81,29.10,55600,27.079
2014-07-08,29.185,29.355,28.66,29.01,270500,26.995
2014-07-07,29.695,29.695,29.01,29.24,200800,27.209
2014-07-04,29.96,29.99,29.655,29.84,65500,27.767
2014-07-03,29.87,30.125,29.56,29.975,138100,27.893
2014-07-02,29.41,29.89,29.35,29.705,178400,27.641
2014-07-01,29.08,29.365,29.00,29.31,171100,27.274
2014-06-30,28.85,29.145,28.48,29.05,198300,27.032
2014-06-27,28.75,28.95,28.59,28.67,108900,26.678
2014-06-26,28.885,29.04,28.35,28.72,198800,26.725
2014-06-25,29.15,29.21,28.805,28.95,116900,26.939
2014-06-24,29.30,29.40,29.15,29.20,149600,27.172
2014-06-23,29.69,29.69,29.055,29.205,174500,27.176
2014-06-20,29.64,29.905,29.60,29.675,368500,27.614
2014-06-19,29.755,29.84,29.365,29.42,126800,27.376
2014-06-18,28.96,29.695,28.96,29.51,304500,27.46
2014-06-17,28.81,28.98,28.60,28.91,229100,26.902
2014-06-16,28.42,28.655,28.42,28.655,100600,26.664
2014-06-13,28.515,28.735,28.28,28.58,117300,26.595
2014-06-12,28.475,28.975,28.455,28.67,165600,26.678
2014-06-11,28.305,28.69,28.26,28.40,177900,26.427
2014-06-10,28.675,28.82,28.22,28.395,159800,26.422
2014-06-09,28.765,28.85,28.56,28.735,143700,26.739
2014-06-06,28.25,28.875,28.205,28.775,253900,26.776
2014-06-05,28.16,28.35,27.955,28.075,235100,26.125
2014-06-04,28.30,28.675,27.80,28.10,743700,26.148
2014-06-03,29.035,29.10,28.665,28.895,123300,26.888
2014-06-02,28.885,29.40,28.885,29.01,190000,26.995
2014-05-30,29.00,29.185,28.835,28.92,130000,26.911
2014-05-29,28.77,29.045,28.75,29.00,119600,26.985
2014-05-28,28.835,29.35,28.835,28.93,168400,26.92
2014-05-27,27.725,29.09,27.725,28.995,545800,26.981
2014-05-26,27.71,27.78,27.60,27.78,47100,25.85
2014-05-23,27.40,27.76,27.30,27.575,104900,25.659
2014-05-22,27.20,27.495,27.02,27.40,141200,25.497
2014-05-21,26.805,27.42,26.80,27.125,207100,25.241
2014-05-20,27.94,28.205,27.715,27.85,160900,24.985
2014-05-19,27.76,28.11,27.67,27.80,331400,24.94
2014-05-16,27.845,27.86,27.50,27.745,197900,24.891
2014-05-15,27.91,28.05,27.595,27.785,159100,24.927
2014-05-14,28.215,28.36,27.93,27.95,136300,25.075
2014-05-13,28.03,28.25,27.98,28.13,128100,25.236
2014-05-12,28.31,28.405,27.68,27.955,147200,25.079
2014-05-09,27.45,28.18,27.45,28.18,329600,25.281
2014-05-08,27.39,27.645,27.22,27.57,221300,24.734
2014-05-07,26.94,27.39,26.545,27.24,221000,24.438
2014-05-06,27.91,28.15,26.79,26.885,447400,24.119
2014-05-05,28.42,28.60,27.91,28.22,107800,25.317
2014-05-02,28.50,28.50,28.225,28.475,83800,25.546
2014-05-01,28.435,28.435,28.435,28.435,000,25.51
2014-04-30,28.23,28.435,27.94,28.435,106100,25.51
2014-04-29,28.24,28.38,27.94,28.24,142300,25.335
2014-04-28,28.665,28.665,28.04,28.13,130400,25.236
2014-04-25,28.40,28.57,28.30,28.42,87200,25.496
2014-04-24,28.885,29.005,28.31,28.71,93100,25.756
2014-04-23,28.66,29.01,28.59,28.775,100800,25.815
2014-04-22,28.30,28.72,28.11,28.615,90900,25.671
2014-04-21,28.025,28.025,28.025,28.025,000,25.142
2014-04-18,28.025,28.025,28.025,28.025,000,25.142
2014-04-17,27.875,28.14,27.68,28.025,75100,25.142
2014-04-16,27.915,28.10,27.64,27.715,135000,24.864
2014-04-15,28.20,28.20,27.76,27.81,123000,24.949
2014-04-14,28.50,28.53,28.02,28.155,260700,25.258
2014-04-11,28.885,29.00,28.505,28.58,236900,25.64
2014-04-10,28.75,29.10,28.655,28.96,306600,25.981
2014-04-09,28.55,29.26,28.485,28.60,252800,25.658
2014-04-08,28.505,28.505,28.05,28.47,123200,25.541
2014-04-07,28.505,28.505,28.165,28.39,146300,25.469
2014-04-04,28.22,28.705,28.22,28.58,110900,25.64
2014-04-03,28.60,28.60,28.11,28.23,176300,25.326
2014-04-02,28.675,28.675,28.195,28.335,156200,25.42
2014-04-01,28.50,28.755,28.175,28.46,239800,25.532
2014-03-31,27.975,28.40,27.70,28.28,281700,25.371
2014-03-28,27.00,27.805,27.00,27.515,166100,24.684
2014-03-27,27.27,27.63,27.205,27.505,160600,24.675
2014-03-26,27.275,27.52,27.185,27.315,157400,24.505
2014-03-25,26.65,27.17,26.575,27.06,145200,24.276
2014-03-24,27.00,27.135,26.34,26.59,164000,23.854
2014-03-21,26.82,27.15,26.70,26.75,316400,23.998
2014-03-20,26.80,27.155,26.52,26.90,189900,24.133
2014-03-19,26.77,27.035,26.72,26.935,195800,24.164
2014-03-18,26.36,27.00,26.315,26.855,346900,24.092
2014-03-17,26.34,26.605,26.13,26.42,218600,23.702
2014-03-14,26.32,26.73,26.145,26.45,250400,23.729
2014-03-13,26.50,26.54,26.21,26.40,232300,23.684
2014-03-12,26.85,27.075,26.02,26.44,283200,23.72
2014-03-11,27.25,27.425,26.55,26.90,274300,24.133
2014-03-10,27.70,27.88,27.04,27.14,421600,24.348
2014-03-07,28.40,29.20,27.72,28.115,376400,25.223
2014-03-06,28.005,28.19,27.65,28.13,177400,25.236
2014-03-05,28.12,28.14,27.68,27.925,212600,25.052
2014-03-04,28.455,28.57,28.005,28.065,176300,25.178
2014-03-03,28.50,28.58,28.05,28.175,186500,25.276
2014-02-28,28.815,29.12,28.655,28.98,93200,25.999
2014-02-27,29.045,29.115,28.63,28.895,113300,25.922
2014-02-26,29.01,29.19,28.875,29.09,152700,26.097
2014-02-25,29.11,29.135,28.90,29.015,87600,26.03
2014-02-24,29.04,29.24,28.90,29.20,71400,26.196
2014-02-21,29.18,29.30,28.89,28.975,98000,25.994
2014-02-20,28.80,29.22,28.80,29.205,83300,26.20
2014-02-19,29.30,29.445,28.86,29.32,267300,26.304
2014-02-18,29.45,29.61,29.035,29.305,149600,26.29
2014-02-17,29.37,29.69,29.37,29.49,120100,26.456
2014-02-14,29.12,29.665,29.12,29.365,164300,26.344
2014-02-13,29.09,29.255,28.855,29.255,99900,26.245
2014-02-12,28.55,29.32,28.55,29.065,214800,26.075
2014-02-11,28.44,28.545,28.20,28.54,162500,25.604
2014-02-10,28.55,28.55,28.155,28.25,123800,25.344
2014-02-07,28.30,28.60,28.245,28.49,92700,25.559
2014-02-06,28.185,28.30,28.00,28.15,195000,25.254
2014-02-05,28.24,28.50,28.09,28.13,128000,25.236
2014-02-04,27.81,28.52,27.81,28.34,206100,25.424
2014-02-03,28.25,28.435,28.12,28.195,152500,25.294
2014-01-31,28.25,28.25,27.595,28.00,175300,25.119
2014-01-30,27.995,28.235,27.91,28.085,107100,25.196
2014-01-29,28.50,28.68,27.82,28.11,164000,25.218
2014-01-28,28.19,28.485,28.04,28.22,109600,25.317
2014-01-27,28.00,28.38,27.73,28.01,282800,25.128
2014-01-24,29.005,29.005,27.94,28.08,295100,25.191
2014-01-23,29.30,29.43,28.935,29.07,199000,26.079
2014-01-22,29.94,30.065,29.32,29.40,160400,26.375
2014-01-21,30.30,30.30,29.71,29.805,186600,26.739
2014-01-20,30.00,30.35,30.00,30.25,136000,27.138
2014-01-17,29.95,30.25,29.845,29.99,204600,26.905
2014-01-16,30.175,30.175,29.62,29.825,189400,26.757
2014-01-15,30.09,30.27,29.94,30.03,138800,26.941
2014-01-14,30.30,30.30,29.47,29.90,192900,26.824
2014-01-13,30.56,30.70,30.36,30.45,110500,27.317
2014-01-10,29.975,30.55,29.83,30.41,245300,27.281
2014-01-09,30.50,30.75,29.655,29.725,244100,26.667
2014-01-08,30.47,30.955,30.205,30.43,324800,27.299
2014-01-07,29.485,30.11,29.485,29.965,132800,26.882
2014-01-06,29.76,29.92,29.485,29.555,79300,26.514
2014-01-03,29.61,29.765,29.205,29.69,83400,26.636
2014-01-02,29.95,29.95,29.40,29.61,91300,26.564
2014-01-01,29.63,29.63,29.63,29.63,000,26.582
2013-12-31,29.63,29.63,29.63,29.63,000,26.582
2013-12-30,29.65,29.75,29.455,29.63,78800,26.582
2013-12-27,29.80,29.80,29.335,29.60,86100,26.555
2013-12-26,29.525,29.525,29.525,29.525,000,26.487
2013-12-25,29.525,29.525,29.525,29.525,000,26.487
2013-12-24,29.525,29.525,29.525,29.525,000,26.487
2013-12-23,29.45,29.525,29.135,29.525,86200,26.487
2013-12-20,28.88,29.495,28.77,29.365,282500,26.344
2013-12-19,28.50,28.91,28.435,28.80,202800,25.837
2013-12-18,28.58,28.58,28.06,28.265,154500,25.357
2013-12-17,28.10,28.62,28.03,28.355,186200,25.438
2013-12-16,27.79,28.03,27.60,27.965,164000,25.088
2013-12-13,28.23,28.385,27.98,27.98,71900,25.101
2013-12-12,28.25,28.38,28.045,28.20,90600,25.299
2013-12-11,28.355,28.62,28.325,28.395,60700,25.474
2013-12-10,28.52,28.77,28.35,28.375,57100,25.456
2013-12-09,28.75,28.87,28.54,28.66,74400,25.711
2013-12-06,28.82,28.92,28.59,28.695,54300,25.743
2013-12-05,28.46,28.995,28.325,28.675,146700,25.725
2013-12-04,28.70,28.76,28.30,28.30,119700,25.389
2013-12-03,29.53,29.685,28.705,28.705,226600,25.752
2013-12-02,29.27,29.905,29.255,29.595,291500,26.55
2013-11-29,28.78,29.365,28.715,29.195,281700,26.191
2013-11-28,28.32,28.89,28.17,28.68,327000,25.729
2013-11-27,27.80,27.90,27.695,27.83,109800,24.967
2013-11-26,27.75,27.79,27.59,27.75,132900,24.895
2013-11-25,27.77,27.815,27.60,27.68,92600,24.832
2013-11-22,27.44,27.79,27.44,27.62,227700,24.778
2013-11-21,27.15,27.48,27.06,27.38,150400,24.563
2013-11-20,27.32,27.45,27.10,27.205,201300,24.406
2013-11-19,27.51,27.73,26.90,27.44,288800,24.617
2013-11-18,27.77,27.80,27.36,27.695,127300,24.846
2013-11-15,27.59,27.97,27.535,27.645,81600,24.801
2013-11-14,27.36,27.82,27.36,27.535,45100,24.702
2013-11-13,27.15,27.305,27.095,27.22,57400,24.42
2013-11-12,27.12,27.39,27.095,27.20,98400,24.402
2013-11-11,27.31,27.375,27.06,27.26,124400,24.456
2013-11-08,27.425,27.785,27.05,27.30,149300,24.491
2013-11-07,27.82,27.82,27.47,27.75,118600,24.895
2013-11-06,27.26,27.80,27.055,27.80,103000,24.94
2013-11-05,28.11,28.11,26.98,27.295,136300,24.487
2013-11-04,27.89,28.08,27.855,27.98,92500,25.101
2013-11-01,28.00,28.145,27.755,27.81,87700,24.949
2013-10-31,28.20,28.295,27.50,28.00,309600,25.119
2013-10-30,27.745,27.745,27.185,27.30,122800,24.491
2013-10-29,27.41,27.55,27.355,27.53,122900,24.698
2013-10-28,27.55,27.55,27.08,27.455,139700,24.63
2013-10-25,27.285,27.69,27.24,27.335,111600,24.523
2013-10-24,27.40,27.66,27.125,27.27,107400,24.464
2013-10-23,27.25,27.43,26.765,27.40,181500,24.581
2013-10-22,27.18,27.90,26.895,27.30,190200,24.491
2013-10-21,26.88,27.15,26.62,26.985,117000,24.209
2013-10-18,26.20,26.985,25.84,26.71,251700,23.962
2013-10-17,25.695,26.16,25.355,26.16,203700,23.469
2013-10-16,26.20,26.20,25.40,25.875,256000,23.213
2013-10-15,26.02,26.40,26.01,26.20,228800,23.505
2013-10-14,26.16,26.30,25.71,25.985,176100,23.312
2013-10-11,26.00,26.345,25.555,26.15,296500,23.46
2013-10-10,25.70,26.18,25.66,25.95,158200,23.28
2013-10-09,26.22,26.26,25.40,25.70,151200,23.056
2013-10-08,26.60,26.60,26.10,26.23,88800,23.531
2013-10-07,26.875,26.875,26.30,26.60,118700,23.863
2013-10-04,26.825,27.005,26.61,26.88,95000,24.115
2013-10-03,26.955,27.405,26.62,26.75,112200,23.998
2013-10-02,27.10,27.115,26.76,26.855,56400,24.092
2013-10-01,27.25,27.405,26.90,27.07,127500,24.285
2013-09-30,27.50,27.59,27.11,27.305,135400,24.496
2013-09-27,28.00,28.00,27.59,27.63,132700,24.787
2013-09-26,28.195,28.195,27.915,28.00,132400,25.119
2013-09-25,28.00,28.135,27.855,28.03,137300,25.146
2013-09-24,28.20,28.20,27.85,28.00,149700,25.119
2013-09-23,28.88,28.995,27.855,28.00,219400,25.119
2013-09-20,28.815,29.17,28.105,28.965,2717000,25.985
2013-09-19,28.93,29.025,28.59,28.90,288300,25.927
2013-09-18,28.87,28.87,28.60,28.815,176500,25.851
2013-09-17,28.625,28.85,28.25,28.85,222500,25.882
2013-09-16,28.05,28.725,27.98,28.725,205900,25.77
2013-09-13,28.00,28.12,27.845,27.97,158500,25.092
2013-09-12,27.70,28.45,27.60,28.085,208400,25.196
2013-09-11,27.83,28.05,27.205,27.49,200500,24.662
2013-09-10,28.02,28.15,27.43,27.95,112300,25.075
2013-09-09,28.20,28.48,27.89,27.98,66300,25.101
2013-09-06,27.99,28.25,27.80,28.10,156100,25.209
2013-09-05,27.95,28.05,27.755,27.94,126500,25.066
2013-09-04,27.80,27.93,27.375,27.67,175200,24.823
2013-09-03,28.21,28.24,27.71,27.80,66500,24.94
2013-09-02,28.15,28.33,27.565,28.005,167600,25.124
2013-08-30,27.71,28.18,27.71,27.84,95000,24.976
2013-08-29,27.48,28.00,27.00,27.70,123200,24.85
2013-08-28,28.20,28.51,27.505,27.505,152700,24.675
2013-08-27,28.505,28.90,28.00,28.375,119600,25.456
2013-08-26,28.67,28.93,28.18,28.76,35500,25.801
2013-08-23,28.395,28.695,28.265,28.51,79200,25.577
2013-08-22,28.10,28.35,27.95,28.30,75700,25.389
2013-08-21,27.54,28.215,27.40,28.10,129300,25.209
2013-08-20,27.77,27.85,27.315,27.50,87300,24.671
2013-08-19,27.535,27.98,27.30,27.635,117900,24.792
2013-08-16,27.695,28.075,27.28,27.49,66700,24.662
2013-08-15,27.865,27.995,27.645,27.65,49800,24.805
2013-08-14,28.40,28.415,27.805,27.82,86200,24.958
2013-08-13,28.195,28.65,28.06,28.40,187100,25.478
2013-08-12,27.355,28.41,27.055,27.95,105100,25.075
2013-08-09,27.30,27.63,26.80,27.42,112600,24.599
2013-08-08,26.865,27.61,26.855,27.22,74300,24.42
2013-08-07,26.995,27.195,26.50,26.65,148700,23.908
2013-08-06,27.00,27.225,26.755,26.99,165500,24.213
2013-08-05,26.65,27.44,26.015,27.13,166000,24.339
2013-08-02,26.80,26.80,26.005,26.42,183300,23.702
2013-08-01,26.20,26.915,25.50,26.81,217800,24.052
2013-07-31,25.30,26.38,25.075,26.08,100700,23.397
2013-07-30,25.38,25.63,24.815,25.345,170400,22.738
2013-07-29,25.40,25.58,25.01,25.20,143600,22.607
2013-07-26,25.61,25.75,25.255,25.485,63800,22.863
2013-07-25,25.84,26.22,25.515,25.67,66200,23.029
2013-07-24,25.69,26.11,25.405,25.96,70100,23.289
2013-07-23,25.85,25.955,25.56,25.70,63300,23.056
2013-07-22,26.36,26.36,25.715,25.78,65800,23.128
2013-07-19,25.91,26.395,25.20,26.24,128500,23.54
2013-07-18,25.505,26.00,25.37,25.78,71900,23.128
2013-07-17,25.90,25.99,25.54,25.54,68300,22.912
2013-07-16,25.49,26.155,25.42,25.855,105700,23.195
2013-07-15,26.15,26.465,25.31,25.655,110000,23.016
2013-07-12,26.25,26.46,25.86,26.15,143800,23.46
2013-07-11,25.39,26.325,25.235,26.00,152400,23.325
2013-07-10,25.25,25.25,24.70,25.13,172900,22.545
2013-07-09,24.85,25.25,24.565,25.00,273100,22.428
2013-07-08,24.35,24.775,23.965,24.56,194300,22.033
