Date,Open,High,Low,Close,Volume,Adj Close
2016-10-27,51.95,56.34,51.61,55.06,716200,55.06
2016-10-26,56.00,56.00,53.21,54.84,474500,54.84
2016-10-25,56.35,56.51,55.69,56.10,313000,56.10
2016-10-24,56.69,56.77,56.00,56.15,239600,56.15
2016-10-21,55.82,56.58,55.71,56.39,238600,56.39
2016-10-20,57.16,57.16,55.61,55.97,335400,55.97
2016-10-19,57.20,57.26,56.55,56.91,284000,56.91
2016-10-18,56.74,57.27,56.54,56.61,279100,56.61
2016-10-17,56.19,56.69,56.02,56.57,229400,56.57
2016-10-14,55.94,56.52,55.78,56.20,290200,56.20
2016-10-13,56.16,56.30,55.58,55.70,349400,55.70
2016-10-12,56.77,57.21,56.27,56.60,325900,56.60
2016-10-11,58.16,58.38,56.54,56.69,290000,56.69
2016-10-10,57.98,58.08,57.73,58.00,278900,58.00
2016-10-07,57.87,58.05,57.27,57.90,194500,57.90
2016-10-06,57.81,58.15,57.65,57.78,280700,57.78
2016-10-05,57.15,57.60,56.81,57.60,344100,57.60
2016-10-04,57.80,58.00,57.15,57.23,407400,57.23
2016-10-03,57.62,57.62,57.62,57.62,000,57.62
2016-09-30,57.00,57.77,56.65,57.62,270400,57.62
2016-09-29,57.57,57.95,57.31,57.58,237100,57.58
2016-09-28,57.00,57.98,57.00,57.22,264000,57.22
2016-09-27,57.48,57.48,56.22,57.00,240900,57.00
2016-09-26,56.73,57.62,56.36,57.14,313000,57.14
2016-09-23,58.13,58.20,56.85,56.85,301200,56.85
2016-09-22,57.50,58.18,57.10,58.09,285200,58.09
2016-09-21,56.65,57.12,56.53,56.89,200700,56.89
2016-09-20,55.95,56.26,55.67,56.17,176200,56.17
2016-09-19,55.40,55.78,55.10,55.78,166400,55.78
2016-09-16,54.69,55.31,54.49,55.03,294400,55.03
2016-09-15,54.33,55.06,54.07,54.74,253300,54.74
2016-09-14,53.55,54.42,53.11,54.25,269600,54.25
2016-09-13,53.65,53.79,52.94,53.26,146900,53.26
2016-09-12,52.60,53.36,52.03,53.15,141700,53.15
2016-09-09,53.95,53.97,53.08,53.35,123800,53.35
2016-09-08,54.51,54.56,53.41,53.95,240900,53.95
2016-09-07,53.63,54.38,53.43,54.05,207800,54.05
2016-09-06,52.37,53.11,52.31,52.65,193800,52.65
2016-09-05,52.27,52.39,51.94,52.31,92900,52.31
2016-09-02,51.31,52.03,51.14,52.00,114000,52.00
2016-09-01,51.30,51.60,51.18,51.29,159600,51.29
2016-08-31,51.29,51.66,51.00,51.07,173100,51.07
2016-08-30,51.83,52.14,51.26,51.33,131300,51.33
2016-08-29,51.33,51.74,50.95,51.65,75100,51.65
2016-08-26,51.72,51.96,51.35,51.89,126200,51.89
2016-08-25,52.11,52.18,51.42,51.95,114400,51.95
2016-08-24,52.02,52.39,51.86,52.16,136300,52.16
2016-08-23,51.75,52.35,51.35,52.20,157400,52.20
2016-08-22,51.70,52.01,51.34,51.65,103300,51.65
2016-08-19,51.68,51.70,51.09,51.60,109500,51.60
2016-08-18,51.11,52.00,51.02,51.50,154200,51.50
2016-08-17,50.97,51.28,50.63,50.89,200000,50.89
2016-08-16,51.74,51.74,50.63,50.98,215200,50.98
2016-08-15,51.25,52.41,51.25,51.58,201600,51.58
2016-08-12,50.48,50.85,50.28,50.75,140500,50.75
2016-08-11,50.48,50.65,50.03,50.64,128500,50.64
2016-08-10,50.25,50.69,49.85,50.27,288300,50.27
2016-08-09,48.85,50.25,48.85,50.25,231100,50.25
2016-08-08,48.70,49.505,48.60,48.945,131200,48.945
2016-08-05,48.485,48.705,48.225,48.55,140200,48.55
2016-08-04,48.26,48.30,47.405,48.30,148000,48.30
2016-08-03,48.345,48.545,47.64,48.00,192900,48.00
2016-08-02,49.25,49.25,48.03,48.405,240000,48.405
2016-08-01,49.355,49.425,48.875,49.245,140300,49.245
2016-07-29,49.04,49.24,48.595,49.03,210500,49.03
2016-07-28,49.50,49.675,49.035,49.145,300900,49.145
2016-07-27,49.27,49.63,49.10,49.63,156400,49.63
2016-07-26,48.52,49.33,48.23,49.195,294400,49.195
2016-07-25,49.105,49.545,48.78,49.33,264500,49.33
2016-07-22,48.245,49.10,48.125,48.87,247300,48.87
2016-07-21,49.295,49.295,47.925,48.475,254300,48.475
2016-07-20,48.76,49.715,48.185,49.15,418700,49.15
2016-07-19,47.50,48.905,47.26,48.855,925400,48.855
2016-07-18,47.35,48.465,46.01,46.43,449500,46.43
2016-07-15,46.125,46.345,45.555,45.80,192000,45.80
2016-07-14,45.605,46.32,45.56,46.24,202300,46.24
2016-07-13,45.135,45.59,44.905,45.14,203400,45.14
2016-07-12,45.115,45.615,44.885,45.07,342300,45.07
2016-07-11,43.24,45.02,43.17,45.00,347500,45.00
2016-07-08,42.26,42.905,42.14,42.765,184400,42.765
2016-07-07,42.28,42.795,42.015,42.40,170900,42.40
2016-07-06,42.18,42.58,41.515,41.985,186000,41.985
2016-07-05,42.75,42.995,41.34,42.46,293800,42.46
2016-07-04,43.675,44.205,42.76,42.785,201400,42.785
2016-07-01,43.755,44.015,43.145,43.955,208400,43.955
2016-06-30,43.63,43.945,43.315,43.435,298600,43.435
2016-06-29,43.665,43.825,43.165,43.49,332000,43.49
2016-06-28,44.355,44.51,42.82,43.11,442100,43.11
2016-06-27,45.10,45.155,43.27,43.47,362600,43.47
2016-06-24,42.00,45.24,40.15,45.19,1001200,45.19
2016-06-23,46.83,47.725,46.78,47.635,268100,47.635
2016-06-22,45.80,47.19,45.76,46.39,518900,46.39
2016-06-21,45.50,48.47,44.755,45.385,1137700,45.385
2016-06-20,48.48,49.14,48.48,48.73,146900,48.73
2016-06-17,47.595,48.03,47.46,47.69,278900,47.69
2016-06-16,47.75,48.145,47.05,47.18,192700,47.18
2016-06-15,48.68,49.145,48.355,48.355,248000,48.355
2016-06-14,47.865,48.39,47.575,48.285,239300,48.285
2016-06-13,49.23,49.46,48.50,48.50,126500,48.50
2016-06-10,50.81,50.81,49.80,49.895,158800,49.895
2016-06-09,50.82,51.01,50.31,50.89,119400,50.89
2016-06-08,51.40,51.40,50.63,50.82,163400,50.82
2016-06-07,50.15,50.98,50.15,50.76,133900,50.76
2016-06-06,49.72,50.14,49.595,50.14,79900,50.14
2016-06-03,50.08,50.43,49.37,49.575,90900,49.575
2016-06-02,49.93,50.07,49.675,49.945,102300,49.945
2016-06-01,49.535,50.61,49.53,50.03,127900,50.03
2016-05-31,49.585,50.08,48.98,49.735,177900,49.735
2016-05-30,49.21,49.53,49.21,49.395,49400,49.395
2016-05-27,49.295,49.47,48.945,49.365,90200,49.365
2016-05-26,49.00,49.52,48.94,49.29,96100,49.29
2016-05-25,49.50,49.875,49.12,49.38,131900,49.38
2016-05-24,48.645,49.27,48.50,49.22,121500,49.22
2016-05-23,48.815,49.055,48.33,48.77,127700,48.77
2016-05-20,48.175,48.77,48.00,48.73,140400,48.73
2016-05-19,47.865,48.11,47.51,47.775,183600,47.775
2016-05-18,47.00,48.14,47.00,48.10,178100,48.10
2016-05-17,47.90,47.955,47.11,47.395,192800,47.395
2016-05-16,47.53,47.53,47.53,47.53,000,47.53
2016-05-13,47.13,47.55,46.82,47.53,220300,47.53
2016-05-12,48.20,48.99,47.91,48.085,246100,47.315
2016-05-11,48.135,48.48,47.75,48.43,154500,47.654
2016-05-10,48.20,48.265,47.69,47.985,77400,47.217
2016-05-09,47.90,48.08,47.57,47.83,136000,47.064
2016-05-06,47.75,47.90,47.415,47.645,93300,46.882
2016-05-05,47.52,47.845,47.235,47.815,81500,47.049
2016-05-04,47.65,47.84,47.01,47.515,174200,46.754
2016-05-03,47.75,47.805,47.18,47.45,216100,46.69
2016-05-02,47.87,47.895,47.26,47.75,68100,46.985
2016-04-29,47.45,47.735,47.02,47.58,240600,46.818
2016-04-28,48.785,48.97,47.31,47.585,334900,46.823
2016-04-27,49.00,51.18,48.725,49.705,310800,48.909
2016-04-26,51.82,51.82,50.76,50.94,123100,50.124
2016-04-25,51.30,51.41,50.72,51.27,118800,50.449
2016-04-22,50.74,51.35,50.63,50.97,101200,50.154
2016-04-21,51.56,51.56,50.66,51.08,137200,50.262
2016-04-20,51.70,52.36,51.03,51.35,245000,50.528
2016-04-19,51.73,52.14,51.00,51.64,272000,50.813
2016-04-18,50.50,51.41,50.50,51.24,138100,50.419
2016-04-15,52.00,52.04,50.91,51.16,157600,50.341
2016-04-14,51.50,52.64,51.41,52.04,184600,51.207
2016-04-13,50.90,51.41,50.77,51.41,118300,50.587
2016-04-12,49.99,50.59,48.92,50.55,145700,49.741
2016-04-11,50.17,50.18,49.41,49.60,72600,48.806
2016-04-08,49.36,50.09,49.315,50.05,87200,49.249
2016-04-07,49.94,49.99,49.03,49.30,131000,48.511
2016-04-06,49.755,50.00,49.41,50.00,143300,49.199
2016-04-05,50.18,50.39,49.33,49.775,164600,48.978
2016-04-04,50.75,51.16,50.47,50.75,105100,49.937
2016-04-01,50.52,51.08,50.05,50.75,141500,49.937
2016-03-31,50.98,51.32,50.62,51.24,193100,50.419
2016-03-30,50.90,51.83,50.69,51.34,234200,50.518
2016-03-29,50.65,51.10,50.32,51.09,153500,50.272
2016-03-28,50.36,50.36,50.36,50.36,000,49.554
2016-03-25,50.36,50.36,50.36,50.36,000,49.554
2016-03-24,50.41,50.49,49.995,50.36,106200,49.554
2016-03-23,49.845,50.75,49.83,50.53,194500,49.721
2016-03-22,48.97,49.75,48.535,49.75,198600,48.953
2016-03-21,49.15,49.98,48.795,49.21,189900,48.422
2016-03-18,47.60,49.915,47.315,49.37,1139400,48.579
2016-03-17,47.20,47.60,46.08,47.31,320800,46.552
2016-03-16,46.69,47.50,46.545,47.085,365200,46.331
2016-03-15,45.835,46.60,45.815,46.505,160500,45.76
2016-03-14,46.05,46.36,45.64,46.19,176800,45.45
2016-03-11,44.11,45.84,44.11,45.745,185400,45.012
2016-03-10,44.905,45.75,43.46,43.54,296900,42.843
2016-03-09,45.30,45.415,44.80,45.095,282700,44.373
2016-03-08,46.315,46.85,45.24,45.36,174200,44.634
2016-03-07,46.79,46.97,46.345,46.725,123200,45.977
2016-03-04,46.69,47.30,46.24,46.805,165200,46.055
2016-03-03,46.23,46.87,45.97,46.645,118600,45.898
2016-03-02,47.245,47.64,45.93,46.445,217500,45.701
2016-03-01,46.29,47.475,46.18,47.19,232300,46.434
2016-02-29,45.60,46.13,45.035,46.015,97600,45.278
2016-02-26,45.69,46.07,44.93,45.69,140400,44.958
2016-02-25,44.635,45.43,44.305,45.29,163700,44.565
2016-02-24,45.60,45.62,43.735,44.195,198300,43.487
2016-02-23,45.50,46.03,44.96,45.77,212500,45.037
2016-02-22,46.44,47.015,45.32,45.555,292000,44.826
2016-02-19,47.14,47.22,45.52,46.285,275500,45.544
2016-02-18,46.745,47.35,46.13,47.195,169500,46.439
2016-02-17,44.86,46.355,44.715,46.345,252900,45.603
2016-02-16,45.00,45.175,44.16,44.60,155100,43.886
2016-02-15,44.975,45.38,44.165,44.455,244300,43.743
2016-02-12,43.75,44.69,43.45,44.12,245900,43.413
2016-02-11,42.54,43.715,41.495,43.48,313700,42.784
2016-02-10,42.065,43.055,41.86,42.475,171900,41.795
2016-02-09,40.82,41.96,40.395,41.73,298200,41.062
2016-02-08,43.09,43.285,40.56,40.84,345800,40.186
2016-02-05,41.80,43.19,41.61,42.81,280000,42.124
2016-02-04,42.215,42.265,40.93,41.46,189000,40.796
2016-02-03,43.70,43.855,41.615,41.985,254000,41.313
2016-02-02,44.625,44.625,43.57,43.78,167000,43.079
2016-02-01,45.29,45.65,44.20,44.56,137600,43.846
2016-01-29,44.69,45.265,44.195,45.265,193600,44.54
2016-01-28,43.99,44.97,43.705,43.985,121600,43.281
2016-01-27,44.61,44.975,43.95,44.43,166400,43.719
2016-01-26,44.19,44.705,43.76,44.59,142100,43.876
2016-01-25,44.00,44.96,43.56,44.815,206400,44.097
2016-01-22,43.29,43.78,42.905,43.55,124800,42.853
2016-01-21,42.075,42.595,41.48,42.46,172700,41.78
2016-01-20,42.22,42.565,41.60,41.84,235600,41.17
2016-01-19,42.55,43.385,42.55,43.38,148500,42.685
2016-01-18,41.535,42.24,41.195,42.00,148600,41.327
2016-01-15,43.145,43.24,41.44,41.66,176000,40.993
2016-01-14,43.21,43.69,42.84,42.955,177500,42.267
2016-01-13,44.38,44.71,43.55,43.70,183900,43.00
2016-01-12,42.825,44.275,42.795,43.62,180500,42.921
2016-01-11,42.48,43.29,42.205,42.595,138200,41.913
2016-01-08,43.61,43.895,42.61,42.695,157200,42.011
2016-01-07,43.205,43.735,42.675,43.545,166100,42.848
2016-01-06,45.50,45.50,43.755,44.595,144700,43.881
2016-01-05,45.825,46.15,44.965,45.52,132000,44.791
2016-01-04,45.345,45.86,44.97,45.265,235900,44.54
2016-01-01,46.02,46.02,46.02,46.02,000,45.283
2015-12-31,46.02,46.02,46.02,46.02,000,45.283
2015-12-30,46.20,46.40,46.02,46.02,185300,45.283
2015-12-29,46.00,46.35,45.825,46.31,288800,45.568
2015-12-28,46.13,46.40,45.70,46.00,96500,45.263
2015-12-25,46.29,46.29,46.29,46.29,000,45.549
2015-12-24,46.29,46.29,46.29,46.29,000,45.549
2015-12-23,46.00,46.425,45.875,46.29,144700,45.549
2015-12-22,46.00,46.00,45.06,45.85,107500,45.116
2015-12-21,46.50,46.89,45.805,45.805,59900,45.072
2015-12-18,46.86,47.39,46.34,46.60,253400,45.854
2015-12-17,47.49,47.58,46.895,47.05,191200,46.297
2015-12-16,47.345,47.425,46.825,46.855,101700,46.105
2015-12-15,45.53,47.52,45.215,47.00,214900,46.247
2015-12-14,45.375,45.665,44.695,45.005,149100,44.284
2015-12-11,46.385,46.485,44.925,45.21,177000,44.486
2015-12-10,45.98,46.795,45.45,46.61,130900,45.864
2015-12-09,46.60,46.70,45.855,46.045,172400,45.308
2015-12-08,48.00,48.00,46.01,46.555,198300,45.809
2015-12-07,47.22,48.90,47.085,48.00,266200,47.231
2015-12-04,46.00,46.87,45.39,46.62,268200,45.873
2015-12-03,47.055,47.38,45.50,45.80,197800,45.067
2015-12-02,46.93,47.30,46.59,47.04,114500,46.287
2015-12-01,47.00,47.18,46.50,46.545,156900,45.80
2015-11-30,46.21,46.975,45.93,46.85,139500,46.10
2015-11-27,45.74,46.20,45.575,46.135,107200,45.396
2015-11-26,45.70,46.21,45.63,45.90,110100,45.165
2015-11-25,45.60,46.13,45.495,45.70,106800,44.968
2015-11-24,45.89,45.89,44.59,45.44,151300,44.712
2015-11-23,46.50,46.50,46.055,46.22,74200,45.48
2015-11-20,45.95,46.505,45.81,46.32,195400,45.578
2015-11-19,45.905,46.575,45.375,45.805,173600,45.072
2015-11-18,45.665,46.00,45.39,45.56,152800,44.83
2015-11-17,45.07,46.235,45.03,46.06,215000,45.322
2015-11-16,43.26,44.865,43.10,44.825,143700,44.107
2015-11-13,44.60,45.11,43.70,43.945,266800,43.241
2015-11-12,44.71,44.98,44.065,44.60,184100,43.886
2015-11-11,44.69,45.185,44.37,44.71,175600,43.994
2015-11-10,44.00,44.54,43.77,44.45,197800,43.738
2015-11-09,44.22,45.20,43.81,43.895,214400,43.192
2015-11-06,43.20,44.595,42.70,44.215,487800,43.507
2015-11-05,42.82,44.90,41.50,44.645,367300,43.93
2015-11-04,42.895,43.115,42.24,42.63,327200,41.947
2015-11-03,41.865,42.27,41.815,42.20,220000,41.524
2015-11-02,40.625,41.965,40.62,41.70,303100,41.032
2015-10-30,40.955,41.01,40.695,41.01,87900,40.353
2015-10-29,40.565,40.685,40.20,40.685,121100,40.033
2015-10-28,40.40,40.71,40.155,40.40,104200,39.753
2015-10-27,40.59,41.12,40.195,40.22,130300,39.576
2015-10-26,40.51,40.925,40.285,40.80,159600,40.147
2015-10-23,39.79,41.14,39.79,40.49,214100,39.842
2015-10-22,38.33,39.515,37.925,39.455,201600,38.823
2015-10-21,37.29,38.64,37.15,38.18,221800,37.569
2015-10-20,36.88,37.295,36.61,37.25,193200,36.654
2015-10-19,36.90,37.385,36.34,36.75,297600,36.162
2015-10-16,38.20,38.385,37.44,37.585,224500,36.983
2015-10-15,37.40,37.995,37.125,37.80,160500,37.195
2015-10-14,37.37,37.37,36.75,37.105,283900,36.511
2015-10-13,38.885,39.06,37.27,37.54,304000,36.939
2015-10-12,39.505,39.77,38.785,38.915,130100,38.292
2015-10-09,40.11,40.11,39.13,39.29,185500,38.661
2015-10-08,39.44,39.79,39.32,39.66,194300,39.025
2015-10-07,41.185,41.535,39.34,39.51,367400,38.877
2015-10-06,40.635,41.37,40.335,40.85,155500,40.196
2015-10-05,40.37,40.815,40.145,40.685,186100,40.033
2015-10-02,39.895,40.68,39.36,39.715,204300,39.079
2015-10-01,39.985,40.455,39.60,39.795,301300,39.158
2015-09-30,38.825,39.93,38.44,39.67,274200,39.035
2015-09-29,37.24,38.655,37.13,38.18,305100,37.569
2015-09-28,37.77,37.93,37.365,37.745,239200,37.141
2015-09-25,37.225,38.355,37.225,38.105,168500,37.495
2015-09-24,38.24,38.47,36.405,36.62,252200,36.034
2015-09-23,38.125,38.65,37.615,38.39,227900,37.775
2015-09-22,39.50,39.505,37.835,37.90,314200,37.293
2015-09-21,39.30,39.73,39.02,39.50,202600,38.867
2015-09-18,39.77,39.77,39.01,39.28,335900,38.651
2015-09-17,39.74,39.93,39.38,39.76,163500,39.123
2015-09-16,39.40,39.80,39.225,39.55,260100,38.917
2015-09-15,38.90,39.48,38.86,39.29,208700,38.661
2015-09-14,39.00,39.24,38.525,39.00,177600,38.375
2015-09-11,39.80,39.85,38.38,38.91,240900,38.287
2015-09-10,39.80,40.13,39.25,39.77,188000,39.133
2015-09-09,40.555,40.67,40.01,40.05,110700,39.409
2015-09-08,39.50,40.26,39.225,39.50,136400,38.867
2015-09-07,39.40,39.40,38.515,39.25,141500,38.621
2015-09-04,39.335,39.62,38.885,38.89,110200,38.267
2015-09-03,39.58,40.05,38.985,39.815,191800,39.177
2015-09-02,38.995,39.37,38.57,39.21,116200,38.582
2015-09-01,39.085,39.545,38.465,38.755,150500,38.134
2015-08-31,39.045,39.675,38.855,39.66,82100,39.025
2015-08-28,39.795,40.09,39.235,39.52,210000,38.887
2015-08-27,38.45,40.15,38.45,39.74,373500,39.104
2015-08-26,38.40,38.555,37.625,37.87,295400,37.264
2015-08-25,37.155,39.185,37.08,38.93,231200,38.307
2015-08-24,37.985,37.985,35.50,36.72,453900,36.132
2015-08-21,38.53,39.78,38.50,38.65,206200,38.031
2015-08-20,40.58,40.845,39.33,39.60,263600,38.966
2015-08-19,41.315,41.315,40.30,40.425,150600,39.778
2015-08-18,41.55,41.725,41.34,41.50,111600,40.835
2015-08-17,41.80,42.115,41.12,41.48,157600,40.816
2015-08-14,41.88,42.00,41.69,41.995,100700,41.323
2015-08-13,41.285,42.00,41.155,41.825,181000,41.155
2015-08-12,42.29,42.29,40.505,40.70,270600,40.048
2015-08-11,43.00,43.50,42.33,42.515,263800,41.834
2015-08-10,42.62,43.00,42.18,42.90,123700,42.213
2015-08-07,42.20,43.275,42.20,42.585,212500,41.903
2015-08-06,42.22,42.895,42.22,42.41,135900,41.731
2015-08-05,41.935,42.535,41.805,42.405,161200,41.726
2015-08-04,41.895,42.265,41.53,41.905,175800,41.234
2015-08-03,41.725,42.26,41.44,42.12,326300,41.446
2015-07-31,40.80,41.625,40.62,41.545,146000,40.88
2015-07-30,40.77,40.85,40.425,40.76,102600,40.107
2015-07-29,40.60,40.725,40.005,40.53,129900,39.881
2015-07-28,40.255,40.50,39.955,40.115,189100,39.473
2015-07-27,40.97,41.05,39.69,39.995,232500,39.355
2015-07-24,41.895,42.345,41.26,41.315,162100,40.653
2015-07-23,41.38,42.00,41.065,41.895,263300,41.224
2015-07-22,41.455,41.79,40.795,41.00,171700,40.343
2015-07-21,41.67,42.205,41.44,41.665,235500,40.998
2015-07-20,40.735,41.605,40.705,41.44,217900,40.776
2015-07-17,39.80,40.495,39.74,40.495,200700,39.847
2015-07-16,39.41,40.12,38.895,39.84,316300,39.202
2015-07-15,40.40,40.475,39.02,39.205,362100,38.577
2015-07-14,41.685,41.95,40.225,40.475,252500,39.827
2015-07-13,41.02,41.865,40.865,41.70,305700,41.032
2015-07-10,40.17,40.855,39.675,40.825,410300,40.171
2015-07-09,39.39,39.67,38.40,39.51,611600,38.877
2015-07-08,40.215,40.50,39.605,40.10,279800,39.458
2015-07-07,41.87,42.04,39.81,40.065,240100,39.423
2015-07-06,42.21,42.535,41.63,41.80,121400,41.131
2015-07-03,42.50,42.875,42.32,42.875,81300,42.188
2015-07-02,43.26,43.41,42.48,42.695,112400,42.011
2015-07-01,42.76,43.785,42.425,43.37,310700,42.676
2015-06-30,42.625,42.97,42.125,42.97,394900,42.282
2015-06-29,42.70,43.23,42.35,42.54,178000,41.859
2015-06-26,43.655,44.27,43.57,44.15,252300,43.443
2015-06-25,43.515,43.95,43.25,43.855,86200,43.153
2015-06-24,44.00,44.105,43.36,43.625,129700,42.926
2015-06-23,43.885,44.50,43.49,43.91,238100,43.207
2015-06-22,43.205,43.495,42.56,43.41,319600,42.715
2015-06-19,41.295,42.67,41.07,42.00,809300,41.327
2015-06-18,40.555,41.23,38.685,40.975,353900,40.319
2015-06-17,41.465,41.595,40.59,40.69,196000,40.038
2015-06-16,41.18,41.675,40.41,41.49,156300,40.826
2015-06-15,41.51,41.665,41.18,41.325,112000,40.663
2015-06-12,42.23,42.58,41.66,42.185,69600,41.509
2015-06-11,42.35,43.045,42.305,42.585,127200,41.903
2015-06-10,40.93,42.385,40.67,42.28,176600,41.603
2015-06-09,41.24,41.24,40.35,41.01,128400,40.353
2015-06-08,41.705,41.81,41.11,41.325,76400,40.663
2015-06-05,41.88,42.295,41.555,42.005,128100,41.332
2015-06-04,42.19,42.24,41.69,42.11,99300,41.436
2015-06-03,42.90,42.96,42.06,42.25,179700,41.573
2015-06-02,43.25,43.325,41.835,42.63,153900,41.947
2015-06-01,43.48,43.85,43.225,43.325,252800,42.631
2015-05-29,43.43,43.80,42.93,43.225,425300,42.533
2015-05-28,43.87,43.87,43.165,43.495,118200,42.798
2015-05-27,43.40,44.45,43.21,43.86,281300,43.158
2015-05-26,43.40,43.40,42.52,43.185,143300,42.493
2015-05-25,42.96,42.96,42.96,42.96,000,42.272
2015-05-22,43.30,43.60,42.94,42.96,83800,42.272
2015-05-21,42.98,43.39,42.765,43.39,115400,42.695
2015-05-20,42.35,43.015,42.00,43.015,162300,42.326
2015-05-19,42.76,42.875,42.54,42.69,200800,42.006
2015-05-18,42.80,42.95,42.55,42.675,183600,41.992
2015-05-15,43.10,43.155,42.565,42.75,213600,42.065
2015-05-14,42.205,42.805,41.635,42.69,117300,42.006
2015-05-13,41.74,43.11,41.245,42.37,338300,41.692
2015-05-12,40.66,41.595,40.205,41.51,142500,40.304
2015-05-11,41.49,41.645,41.115,41.185,104900,39.989
2015-05-08,40.81,41.68,40.53,41.44,128100,40.236
2015-05-07,40.305,40.575,39.45,40.335,240300,39.163
2015-05-06,40.92,40.975,40.31,40.69,158800,39.508
2015-05-05,41.05,41.805,40.86,40.875,141400,39.688
2015-05-04,40.265,41.23,40.035,41.09,140400,39.896
2015-05-01,39.99,39.99,39.99,39.99,000,38.828
2015-04-30,40.425,40.50,39.26,39.99,245500,38.828
2015-04-29,41.46,41.665,39.88,40.10,152900,38.935
2015-04-28,42.56,42.74,41.15,41.405,157300,40.202
2015-04-27,41.55,42.735,40.985,42.40,278900,41.168
2015-04-24,40.49,41.375,40.305,41.29,263700,40.09
2015-04-23,40.005,40.41,39.62,40.30,230200,39.129
2015-04-22,40.175,40.325,39.21,39.56,120300,38.411
2015-04-21,39.52,40.345,39.50,39.935,158800,38.775
2015-04-20,39.125,39.47,38.825,39.45,98300,38.304
2015-04-17,39.645,40.20,39.065,39.16,133500,38.022
2015-04-16,40.48,40.90,39.73,39.88,168700,38.721
2015-04-15,40.07,40.50,39.78,40.335,242300,39.163
2015-04-14,40.00,40.40,39.675,39.85,89900,38.692
2015-04-13,40.05,40.34,39.755,40.20,135800,39.032
2015-04-10,39.995,40.455,39.765,40.18,178700,39.013
2015-04-09,39.60,39.975,39.485,39.935,165200,38.775
2015-04-08,39.45,39.60,39.12,39.52,129900,38.372
2015-04-07,38.80,39.375,38.545,39.375,217600,38.231
2015-04-06,38.80,38.80,38.80,38.80,000,37.673
2015-04-03,38.80,38.80,38.80,38.80,000,37.673
2015-04-02,38.59,38.87,38.42,38.80,83400,37.673
2015-04-01,38.09,39.07,37.96,38.775,344200,37.649
2015-03-31,38.48,38.86,37.935,38.155,388200,37.047
2015-03-30,38.67,39.095,37.86,38.455,453100,37.338
2015-03-27,39.25,40.49,38.15,38.485,1191300,37.367
2015-03-26,37.96,38.595,37.79,38.15,216400,37.042
2015-03-25,38.21,38.445,38.045,38.385,144500,37.27
2015-03-24,37.505,38.32,37.16,38.205,130000,37.095
2015-03-23,39.00,39.04,37.07,37.44,163300,36.352
2015-03-20,37.09,38.91,37.01,38.545,317800,37.425
2015-03-19,36.545,37.945,34.76,37.10,710500,36.022
2015-03-18,38.30,38.565,37.535,38.475,180000,37.357
2015-03-17,38.89,38.97,37.67,38.235,219500,37.124
2015-03-16,39.035,39.28,38.335,38.975,204000,37.843
2015-03-13,39.605,39.705,38.84,39.03,151000,37.896
2015-03-12,39.67,39.71,39.23,39.505,84600,38.357
2015-03-11,39.10,39.79,39.09,39.605,167500,38.454
2015-03-10,39.19,39.31,38.40,39.01,153500,37.877
2015-03-09,38.85,39.175,38.40,39.155,138000,38.018
2015-03-06,38.60,39.00,38.53,38.85,171300,37.721
2015-03-05,37.98,38.545,37.71,38.46,174800,37.343
2015-03-04,38.125,38.25,36.31,37.77,265800,36.673
2015-03-03,38.18,38.505,37.92,37.95,157200,36.848
2015-03-02,39.00,39.185,37.85,38.00,198900,36.896
2015-02-27,38.06,38.97,37.99,38.935,306000,37.804
2015-02-26,37.56,38.02,37.215,37.95,130300,36.848
2015-02-25,37.60,38.05,37.475,37.73,149800,36.634
2015-02-24,37.095,37.83,36.70,37.685,137700,36.59
2015-02-23,37.00,37.14,36.365,36.95,148500,35.877
2015-02-20,36.63,36.80,36.32,36.55,169600,35.488
2015-02-19,36.52,36.96,36.305,36.96,149500,35.886
2015-02-18,36.35,36.81,36.145,36.60,277700,35.537
2015-02-17,36.705,36.845,36.12,36.395,193200,35.338
2015-02-16,35.80,37.00,35.59,36.96,442500,35.886
2015-02-13,34.06,35.60,34.06,35.145,1305700,34.124
2015-02-12,33.51,33.70,32.51,32.97,611600,32.012
2015-02-11,33.15,33.37,32.80,32.965,113700,32.007
2015-02-10,32.70,33.095,32.415,33.00,180300,32.041
2015-02-09,33.75,33.75,32.175,32.67,142200,31.721
2015-02-06,34.54,34.54,33.96,33.965,103000,32.978
2015-02-05,34.00,34.545,33.735,34.505,196700,33.503
2015-02-04,34.49,34.51,33.69,34.165,160400,33.172
2015-02-03,34.50,34.725,34.235,34.25,92500,33.255
2015-02-02,34.43,35.10,33.965,34.40,148300,33.401
2015-01-30,34.05,34.47,34.05,34.40,163700,33.401
2015-01-29,34.22,34.22,33.595,33.99,77300,33.003
2015-01-28,34.32,34.44,34.055,34.235,186700,33.24
2015-01-27,34.40,34.495,33.90,34.20,182500,33.206
2015-01-26,33.725,34.50,33.52,34.45,110900,33.449
2015-01-23,34.15,34.79,33.835,33.985,129500,32.998
2015-01-22,32.86,34.165,32.63,34.09,345400,33.10
2015-01-21,32.70,32.855,32.285,32.855,131900,31.901
2015-01-20,32.50,32.62,32.195,32.60,58400,31.653
2015-01-19,32.67,32.68,32.235,32.305,80200,31.367
2015-01-16,31.90,32.505,31.615,32.50,146600,31.556
2015-01-15,31.305,32.33,31.26,31.77,147700,30.847
2015-01-14,31.51,31.51,30.555,30.635,133600,29.745
2015-01-13,31.50,31.74,31.295,31.65,131600,30.731
2015-01-12,32.60,32.665,31.45,31.59,90100,30.672
2015-01-09,32.295,32.675,32.165,32.345,144200,31.405
2015-01-08,32.165,32.40,31.815,32.295,113500,31.357
2015-01-07,31.455,32.175,31.335,31.86,158000,30.934
2015-01-06,31.41,31.455,31.005,31.29,85100,30.381
2015-01-05,31.33,31.78,31.235,31.265,84800,30.357
2015-01-02,31.91,32.035,31.28,31.61,48500,30.692
2015-01-01,31.735,31.735,31.735,31.735,000,30.813
2014-12-31,31.735,31.735,31.735,31.735,000,30.813
2014-12-30,31.36,32.025,31.12,31.735,100300,30.813
2014-12-29,31.55,31.695,31.155,31.24,74400,30.332
2014-12-26,31.555,31.555,31.555,31.555,000,30.638
2014-12-25,31.555,31.555,31.555,31.555,000,30.638
2014-12-24,31.555,31.555,31.555,31.555,000,30.638
2014-12-23,31.40,31.595,31.30,31.555,46900,30.638
2014-12-22,31.32,31.71,31.16,31.32,62000,30.41
2014-12-19,31.575,31.74,30.70,31.045,254100,30.143
2014-12-18,30.97,31.87,30.90,31.50,180800,30.585
2014-12-17,30.185,30.50,30.025,30.47,107800,29.585
2014-12-16,30.00,30.41,29.56,30.32,165400,29.439
2014-12-15,30.50,30.81,29.89,30.015,143000,29.143
2014-12-12,30.525,30.525,30.185,30.35,56700,29.468
2014-12-11,30.46,30.83,30.125,30.585,103600,29.696
2014-12-10,31.075,31.205,30.395,30.555,78700,29.667
2014-12-09,31.495,31.495,30.465,30.805,177000,29.91
2014-12-08,31.28,31.625,31.255,31.625,132600,30.706
2014-12-05,30.69,31.695,30.595,31.53,267500,30.614
2014-12-04,30.82,30.945,30.385,30.575,196900,29.687
2014-12-03,29.50,30.765,29.49,30.585,336500,29.696
2014-12-02,29.45,29.54,29.195,29.51,89300,28.653
2014-12-01,29.27,29.63,29.01,29.19,229200,28.342
2014-11-28,29.30,29.39,29.065,29.27,172700,28.42
2014-11-27,29.49,29.49,29.20,29.295,86900,28.444
2014-11-26,29.46,29.595,29.235,29.38,151200,28.526
2014-11-25,29.09,29.46,28.935,29.46,688700,28.604
2014-11-24,28.86,29.175,28.635,29.05,402000,28.206
2014-11-21,28.64,28.88,28.555,28.765,245200,27.929
2014-11-20,28.50,28.56,28.225,28.56,195200,27.73
2014-11-19,28.59,28.655,28.415,28.53,110000,27.701
2014-11-18,28.12,28.69,28.12,28.545,139200,27.716
2014-11-17,28.085,28.39,28.085,28.20,108800,27.381
2014-11-14,28.45,28.585,28.26,28.34,216800,27.517
2014-11-13,28.65,28.65,28.15,28.50,220500,27.672
2014-11-12,28.70,28.84,28.15,28.445,344900,27.619
2014-11-11,29.15,29.20,28.595,28.695,1459100,27.861
2014-11-10,30.355,31.12,30.28,30.95,145100,30.051
2014-11-07,30.20,30.445,29.91,30.305,82000,29.425
2014-11-06,29.895,30.255,29.755,30.20,167000,29.323
2014-11-05,29.55,30.29,29.55,29.94,233400,29.07
2014-11-04,28.50,28.94,28.485,28.70,125700,27.866
2014-11-03,29.00,29.00,28.36,28.60,73100,27.769
2014-10-31,28.625,29.175,28.20,29.02,81500,28.177
2014-10-30,28.40,28.69,28.01,28.335,78300,27.512
2014-10-29,28.50,28.73,28.375,28.44,67700,27.614
2014-10-28,28.245,28.47,28.135,28.315,44500,27.492
2014-10-27,28.645,28.645,27.89,28.10,122400,27.284
2014-10-24,28.24,28.62,28.13,28.50,105600,27.672
2014-10-23,27.90,28.69,27.75,28.305,89000,27.483
2014-10-22,27.795,28.26,27.75,28.09,110500,27.274
2014-10-21,26.60,27.58,26.60,27.55,98200,26.75
2014-10-20,27.40,27.59,26.56,26.805,91000,26.026
2014-10-17,26.475,27.56,26.405,27.485,123300,26.687
2014-10-16,25.795,26.39,25.37,26.31,148800,25.546
2014-10-15,25.97,26.48,25.575,25.825,111700,25.075
2014-10-14,26.00,26.10,25.55,25.90,131100,25.148
2014-10-13,25.635,26.47,25.27,25.995,186600,25.24
2014-10-10,26.785,26.86,25.68,26.02,166900,25.264
2014-10-09,26.89,27.25,26.89,27.085,128800,26.298
2014-10-08,27.51,27.53,26.595,26.70,179100,25.924
2014-10-07,28.235,28.29,27.725,27.725,113500,26.92
2014-10-06,29.06,29.19,28.325,28.335,92100,27.512
2014-10-03,28.63,28.63,28.63,28.63,000,27.798
2014-10-02,29.075,29.295,28.56,28.63,92900,27.798
2014-10-01,29.38,29.52,28.835,28.98,114200,28.138
2014-09-30,29.11,29.40,29.06,29.29,121300,28.439
2014-09-29,29.80,29.895,28.85,29.03,124000,28.187
2014-09-26,29.695,29.86,29.07,29.755,93300,28.891
2014-09-25,30.47,30.78,29.69,29.805,94200,28.939
2014-09-24,30.105,30.105,29.65,29.99,127400,29.119
2014-09-23,30.50,30.565,29.90,30.035,87700,29.162
2014-09-22,30.305,30.645,30.02,30.40,152100,29.517
2014-09-19,31.275,31.30,30.505,30.505,578900,29.619
2014-09-18,30.97,31.365,30.89,31.00,67200,30.099
2014-09-17,30.20,30.73,30.20,30.70,29500,29.808
2014-09-16,30.10,30.445,30.015,30.185,38800,29.308
2014-09-15,30.245,30.54,30.03,30.18,58300,29.303
2014-09-12,31.085,31.085,29.815,30.30,95200,29.42
2014-09-11,31.055,31.50,30.64,30.95,43000,30.051
2014-09-10,31.135,31.135,30.555,30.915,25000,30.017
2014-09-09,31.575,31.78,31.10,31.10,78100,30.197
2014-09-08,31.75,32.30,31.395,31.56,89100,30.643
2014-09-05,31.615,32.10,31.45,31.645,91900,30.726
2014-09-04,31.125,31.79,30.595,31.555,105500,30.638
2014-09-03,30.845,30.88,29.75,30.75,63000,29.857
2014-09-02,30.94,30.94,30.48,30.65,24700,29.76
2014-09-01,31.15,31.15,30.53,30.67,32100,29.779
2014-08-29,30.70,31.165,29.81,31.165,93800,30.26
2014-08-28,31.45,31.45,30.605,30.70,72100,29.808
2014-08-27,31.75,31.86,31.42,31.515,31800,30.599
2014-08-26,31.215,31.795,31.065,31.785,46800,30.862
2014-08-25,30.945,31.515,30.825,31.37,42800,30.459
2014-08-22,30.80,31.355,30.50,30.675,59400,29.784
2014-08-21,30.57,30.795,30.54,30.70,63500,29.808
2014-08-20,30.355,30.81,30.335,30.58,36100,29.692
2014-08-19,29.975,30.22,29.82,30.22,66800,29.342
2014-08-18,30.03,30.05,29.605,29.71,32400,28.847
2014-08-15,29.60,30.18,29.54,29.765,61100,28.90
2014-08-14,29.065,29.44,29.00,29.40,72900,28.546
2014-08-13,29.20,29.20,28.985,29.20,33700,28.352
2014-08-12,29.125,29.395,28.90,29.16,75200,28.313
2014-08-11,28.50,29.10,28.50,28.90,55500,28.06
2014-08-08,28.40,28.40,27.77,28.055,78200,27.24
2014-08-07,28.415,29.20,28.415,28.655,61800,27.823
2014-08-06,28.90,29.15,27.675,28.55,99900,27.721
2014-08-05,28.92,29.20,28.615,28.66,39500,27.827
2014-08-04,29.30,29.36,28.195,29.00,74900,28.158
2014-08-01,28.92,29.30,27.915,29.20,95300,28.352
2014-07-31,29.60,29.60,28.75,29.15,123800,28.303
2014-07-30,29.75,29.75,29.01,29.50,42600,28.643
2014-07-29,29.90,30.08,29.50,29.54,36700,28.682
2014-07-28,30.14,30.14,29.80,29.88,62900,29.012
2014-07-25,30.785,30.785,30.145,30.235,26400,29.357
2014-07-24,30.675,30.99,30.495,30.61,48400,29.721
2014-07-23,31.025,31.045,30.465,30.50,81500,29.614
2014-07-22,30.85,31.065,30.835,30.90,120200,30.002
2014-07-21,31.65,31.65,30.715,30.89,64900,29.993
2014-07-18,32.15,32.15,31.20,31.50,37700,30.585
2014-07-17,32.83,32.83,32.03,32.185,53600,31.25
2014-07-16,32.405,33.075,32.185,32.81,52100,31.857
2014-07-15,32.88,32.88,31.615,32.225,56600,31.289
2014-07-14,31.94,32.905,31.94,32.70,56900,31.75
2014-07-11,32.18,32.52,31.55,31.715,77600,30.794
2014-07-10,33.00,33.165,31.81,31.90,117000,30.973
2014-07-09,32.445,32.595,32.35,32.55,69100,31.604
2014-07-08,32.66,32.735,32.15,32.215,96600,31.279
2014-07-07,32.85,32.90,32.39,32.39,38200,31.449
2014-07-04,32.75,32.935,32.57,32.80,28700,31.847
2014-07-03,32.12,32.94,32.07,32.665,52400,31.716
2014-07-02,32.20,32.245,31.99,32.08,64300,31.148
2014-07-01,31.785,32.305,31.73,32.09,80100,31.158
2014-06-30,31.60,31.875,31.535,31.67,36700,30.75
2014-06-27,31.30,31.595,31.23,31.495,38100,30.58
2014-06-26,31.29,31.62,30.845,31.30,111800,30.391
2014-06-25,31.64,31.715,29.21,31.30,483200,30.391
2014-06-24,32.45,32.475,30.85,31.62,117500,30.701
2014-06-23,32.72,32.73,32.245,32.375,66300,31.434
2014-06-20,32.75,32.94,32.625,32.88,59500,31.925
2014-06-19,32.75,32.91,32.605,32.82,33300,31.867
2014-06-18,32.69,32.735,32.575,32.665,53800,31.716
2014-06-17,32.70,32.735,32.505,32.685,80500,31.735
2014-06-16,32.74,32.77,32.405,32.51,93700,31.566
2014-06-13,32.77,32.77,32.35,32.57,110400,31.624
2014-06-12,32.55,32.77,32.355,32.77,122200,31.818
2014-06-11,32.70,32.75,31.97,32.42,1071700,31.478
2014-06-10,33.65,33.975,33.48,33.80,18300,32.818
2014-06-09,33.595,33.655,33.415,33.52,5500,32.546
2014-06-06,33.505,33.775,33.25,33.36,14300,32.391
2014-06-05,33.415,33.795,33.27,33.73,8800,32.75
2014-06-04,33.405,33.63,33.25,33.25,49900,32.284
2014-06-03,33.935,34.235,33.405,33.405,27600,32.435
2014-06-02,33.905,34.285,33.63,33.70,26600,32.721
2014-05-30,33.80,34.56,33.57,33.61,112200,32.634
2014-05-29,33.26,34.20,33.26,33.595,41000,32.619
2014-05-28,32.00,33.24,32.00,33.24,97800,32.274
2014-05-27,31.25,32.20,31.025,32.02,43300,31.09
2014-05-26,31.30,31.465,31.05,31.30,27600,30.391
2014-05-23,31.25,31.505,31.115,31.30,32400,30.391
2014-05-22,31.25,31.69,31.23,31.32,26800,30.41
2014-05-21,30.28,31.35,29.78,31.12,97500,30.216
2014-05-20,30.95,31.48,30.315,30.315,59100,29.434
2014-05-19,31.88,32.295,30.60,31.16,61500,29.915
2014-05-16,32.49,32.765,31.505,31.60,58300,30.337
2014-05-15,33.13,33.31,32.07,32.30,58900,31.009
2014-05-14,33.00,33.25,32.75,32.97,19000,31.653
2014-05-13,33.445,33.445,32.81,32.915,23600,31.60
2014-05-12,33.395,33.675,33.02,33.15,22700,31.825
2014-05-09,33.00,33.585,32.825,33.435,47900,32.099
2014-05-08,33.31,33.365,32.56,32.75,127200,31.441
2014-05-07,33.50,33.58,33.30,33.35,27000,32.017
2014-05-06,33.455,33.685,33.30,33.50,79000,32.161
2014-05-05,33.80,33.845,32.805,33.53,21200,32.19
2014-05-02,34.19,34.20,33.645,33.88,16000,32.526
2014-05-01,34.07,34.07,34.07,34.07,000,32.709
2014-04-30,33.75,34.18,32.915,34.07,45100,32.709
2014-04-29,33.385,33.69,33.295,33.53,16100,32.19
2014-04-28,33.205,33.405,32.21,33.09,27300,31.768
2014-04-25,33.16,33.36,32.81,33.30,17300,31.969
2014-04-24,33.805,33.90,33.19,33.37,30400,32.037
2014-04-23,33.93,33.93,33.71,33.74,20100,32.392
2014-04-22,33.405,34.00,33.39,33.72,21300,32.373
2014-04-21,33.11,33.11,33.11,33.11,000,31.787
2014-04-18,33.11,33.11,33.11,33.11,000,31.787
2014-04-17,32.81,33.535,32.51,33.11,23900,31.787
2014-04-16,32.50,33.06,32.50,32.755,33200,31.446
2014-04-15,33.335,33.585,32.50,32.50,68800,31.201
2014-04-14,33.42,33.42,32.835,33.39,61500,32.056
2014-04-11,33.88,34.00,33.185,33.79,52100,32.44
2014-04-10,34.375,34.445,33.765,34.185,44900,32.819
2014-04-09,33.95,34.20,33.865,34.12,25500,32.757
2014-04-08,33.945,34.045,33.54,33.89,45000,32.536
2014-04-07,34.17,34.17,33.795,33.82,41300,32.469
2014-04-04,34.77,34.77,34.08,34.48,45000,33.102
2014-04-03,34.24,34.60,33.92,34.58,41000,33.198
2014-04-02,34.79,34.94,34.02,34.49,99800,33.112
2014-04-01,34.30,34.88,34.14,34.835,80700,33.443
2014-03-31,34.04,34.16,33.95,34.03,59400,32.67
2014-03-28,32.91,33.90,32.855,33.90,49200,32.545
2014-03-27,32.985,33.095,32.60,32.63,44000,31.326
2014-03-26,33.00,33.47,32.905,33.23,46900,31.902
2014-03-25,32.30,32.595,31.90,32.38,70300,31.086
2014-03-24,33.84,34.05,32.185,32.185,208300,30.899
2014-03-21,33.98,34.07,33.615,33.825,99400,32.473
2014-03-20,33.61,34.465,33.00,33.75,118500,32.401
2014-03-19,33.28,34.05,33.205,33.78,62800,32.43
2014-03-18,33.485,33.485,33.00,33.15,74500,31.825
2014-03-17,33.155,33.875,33.00,33.275,125300,31.945
2014-03-14,32.86,33.25,32.165,32.865,134800,31.552
2014-03-13,34.30,34.72,33.815,33.86,21000,32.507
2014-03-12,34.505,34.725,34.01,34.39,24100,33.016
2014-03-11,34.68,35.165,34.68,34.815,20800,33.424
2014-03-10,35.715,35.715,34.71,34.99,21600,33.592
2014-03-07,36.00,36.275,35.53,35.67,19700,34.245
2014-03-06,36.41,36.44,35.65,35.865,52100,34.432
2014-03-05,36.36,36.685,36.06,36.06,55700,34.619
2014-03-04,36.435,36.44,35.76,36.00,93000,34.562
2014-03-03,36.10,36.46,34.46,36.10,104700,34.658
2014-02-28,36.545,36.625,36.00,36.51,56600,35.051
2014-02-27,36.55,36.635,36.085,36.50,20500,35.042
2014-02-26,36.935,36.99,36.29,36.535,25200,35.075
2014-02-25,36.86,37.00,36.61,36.88,29000,35.406
2014-02-24,36.80,37.455,36.775,37.07,40200,35.589
2014-02-21,37.10,37.395,36.39,36.725,75700,35.258
2014-02-20,36.025,36.865,35.84,36.865,115600,35.392
2014-02-19,35.895,36.72,35.015,36.35,121300,34.898
2014-02-18,36.46,36.79,36.435,36.725,102600,35.258
2014-02-17,35.80,36.65,35.80,36.46,117000,35.003
2014-02-14,34.58,35.265,33.605,35.10,115500,33.698
2014-02-13,34.80,34.905,34.545,34.89,97700,33.496
2014-02-12,35.00,35.34,34.70,34.80,51700,33.409
2014-02-11,34.655,35.00,34.65,34.91,20500,33.515
2014-02-10,34.555,34.795,34.45,34.64,37300,33.256
2014-02-07,34.10,34.37,34.005,34.25,31000,32.881
2014-02-06,34.10,34.45,33.67,33.90,58300,32.545
2014-02-05,33.41,34.04,33.22,33.80,62000,32.449
2014-02-04,33.15,33.695,32.99,33.54,93400,32.20
2014-02-03,33.895,34.125,33.30,33.50,33400,32.161
2014-01-31,33.48,34.13,32.685,33.95,114800,32.593
2014-01-30,33.91,34.235,33.26,33.75,131300,32.401
2014-01-29,35.70,35.995,33.76,34.00,107300,32.641
2014-01-28,34.45,35.15,34.00,35.115,31700,33.712
2014-01-27,34.50,34.62,32.85,34.295,127300,32.925
2014-01-24,34.70,34.70,34.10,34.315,109300,32.944
2014-01-23,34.55,35.21,34.505,34.74,171500,33.352
2014-01-22,33.65,34.715,33.505,34.60,127700,33.217
2014-01-21,33.20,34.73,33.20,33.65,162500,32.305
2014-01-20,32.31,33.48,32.31,33.20,243700,31.873
2014-01-17,31.30,32.38,31.30,32.25,288300,30.961
2014-01-16,30.99,31.40,30.725,31.25,251600,30.001
2014-01-15,30.25,30.95,30.25,30.95,123900,29.713
2014-01-14,30.68,30.68,30.02,30.25,99300,29.041
2014-01-13,30.40,30.87,30.22,30.65,94000,29.425
2014-01-10,30.25,30.40,30.12,30.23,73900,29.022
2014-01-09,30.115,30.17,29.91,30.10,254500,28.897
2014-01-08,29.825,30.21,29.81,30.14,1264400,28.936
2014-01-07,31.10,31.10,30.52,30.75,18400,29.521
2014-01-06,31.35,31.35,30.905,31.05,17800,29.809
2014-01-03,30.75,31.10,30.75,31.10,7700,29.857
2014-01-02,30.94,31.10,30.75,30.75,18400,29.521
2014-01-01,30.725,30.725,30.725,30.725,000,29.497
2013-12-31,30.725,30.725,30.725,30.725,000,29.497
2013-12-30,31.32,31.50,30.63,30.725,19600,29.497
2013-12-27,31.40,31.69,31.35,31.395,24000,30.141
2013-12-26,31.50,31.50,31.50,31.50,000,30.241
2013-12-25,31.50,31.50,31.50,31.50,000,30.241
2013-12-24,31.50,31.50,31.50,31.50,000,30.241
2013-12-23,31.695,31.895,31.00,31.50,49300,30.241
2013-12-20,30.80,32.00,30.80,31.70,209800,30.433
2013-12-19,29.80,30.795,29.80,30.795,32900,29.565
2013-12-18,30.20,30.70,30.05,30.05,16300,28.849
2013-12-17,30.20,30.47,29.82,30.40,15900,29.185
2013-12-16,30.50,30.50,30.00,30.20,16300,28.993
2013-12-13,30.60,30.815,30.40,30.56,19400,29.339
2013-12-12,30.41,31.075,30.30,30.60,192500,29.377
2013-12-11,30.70,30.70,30.18,30.50,41600,29.281
2013-12-10,30.45,31.10,30.45,30.53,75600,29.31
2013-12-09,30.04,30.40,29.90,30.40,51000,29.185
2013-12-06,29.45,30.05,29.355,30.05,37300,28.849
2013-12-05,29.57,29.66,29.085,29.50,29300,28.321
2013-12-04,29.35,29.56,29.25,29.56,44300,28.379
2013-12-03,29.26,29.49,29.05,29.275,24100,28.105
2013-12-02,28.86,29.40,28.755,29.10,27100,27.937
2013-11-29,29.40,29.40,28.305,28.735,47900,27.587
2013-11-28,29.245,29.40,29.05,29.375,8000,28.201
2013-11-27,29.50,29.50,28.99,28.99,20300,27.832
2013-11-26,29.67,29.67,29.17,29.345,248900,28.172
2013-11-25,29.90,29.90,29.40,29.41,58700,28.235
2013-11-22,29.05,29.865,28.725,29.745,46700,28.556
2013-11-21,28.85,29.25,28.55,28.945,15900,27.788
2013-11-20,28.92,29.00,28.22,29.00,28500,27.841
2013-11-19,28.70,28.92,28.46,28.885,32900,27.731
2013-11-18,28.18,28.81,28.18,28.81,45400,27.659
2013-11-15,27.77,27.99,27.48,27.885,58400,26.771
2013-11-14,28.955,29.01,27.195,27.75,183900,26.641
2013-11-13,28.855,29.10,28.52,29.10,22400,27.937
2013-11-12,28.00,29.18,28.00,29.00,22800,27.841
2013-11-11,28.145,28.18,27.085,28.00,86300,26.881
2013-11-08,28.95,29.00,27.78,27.90,104800,26.785
2013-11-07,29.77,29.91,29.01,29.01,29800,27.851
2013-11-06,30.65,30.66,29.765,29.77,39900,28.58
2013-11-05,30.25,30.25,29.60,29.80,36100,28.609
2013-11-04,30.00,30.49,30.00,30.14,28200,28.936
2013-11-01,30.20,30.205,29.885,30.00,20100,28.801
2013-10-31,30.20,30.415,30.00,30.00,23900,28.801
2013-10-30,30.20,30.50,30.01,30.20,26200,28.993
2013-10-29,29.77,30.085,29.72,30.035,23100,28.835
2013-10-28,30.465,30.615,29.36,29.69,51500,28.504
2013-10-25,29.55,30.66,29.50,30.20,64900,28.993
2013-10-24,30.20,30.75,29.91,30.165,36700,28.96
2013-10-23,30.15,30.33,29.99,30.20,41400,28.993
2013-10-22,29.525,30.195,29.525,30.00,70300,28.801
2013-10-21,29.535,29.90,29.355,29.525,51100,28.345
2013-10-18,29.00,29.42,28.865,29.38,52700,28.206
2013-10-17,29.33,29.33,28.90,28.95,61600,27.793
2013-10-16,29.185,29.185,28.69,29.18,37900,28.014
2013-10-15,29.085,29.23,28.90,29.00,32500,27.841
2013-10-14,29.51,30.00,28.71,28.835,107600,27.683
2013-10-11,28.65,29.50,28.55,29.00,139200,27.841
2013-10-10,28.485,28.485,28.15,28.425,67200,27.289
2013-10-09,28.15,28.34,28.055,28.235,38700,27.107
2013-10-08,28.15,28.28,27.93,28.085,22200,26.963
2013-10-07,28.15,28.39,27.74,27.905,58800,26.79
2013-10-04,28.25,28.25,27.95,28.00,22600,26.881
2013-10-03,28.195,28.195,27.935,28.10,32200,26.977
2013-10-02,27.96,28.29,27.90,27.985,61800,26.867
2013-10-01,27.30,28.84,27.135,27.80,91800,26.689
2013-09-30,27.215,27.28,26.80,27.10,43500,26.017
2013-09-27,26.98,27.34,26.815,27.10,46800,26.017
2013-09-26,26.11,27.255,25.77,26.745,125100,25.676
2013-09-25,26.00,26.615,25.535,26.06,203200,25.019
2013-09-24,26.75,26.75,26.085,26.20,66000,25.153
2013-09-23,26.95,27.195,26.315,26.75,84600,25.681
2013-09-20,27.98,28.20,26.67,27.45,269900,26.353
2013-09-19,28.65,28.88,28.05,28.15,45600,27.025
2013-09-18,28.10,28.40,27.90,28.15,96500,27.025
2013-09-17,27.90,28.27,27.62,27.97,50600,26.852
2013-09-16,28.385,28.66,27.52,27.60,54400,26.497
2013-09-13,28.40,28.65,27.925,28.44,32000,27.304
2013-09-12,28.90,28.90,28.12,28.595,34900,27.452
2013-09-11,29.30,29.30,28.41,28.70,55500,27.553
2013-09-10,29.50,29.50,29.055,29.25,56800,28.081
2013-09-09,29.20,29.25,28.835,29.11,30000,27.947
2013-09-06,29.00,29.195,28.65,28.945,27600,27.788
2013-09-05,28.98,29.055,28.705,28.95,43100,27.793
2013-09-04,29.05,29.05,28.30,28.79,45500,27.64
2013-09-03,30.40,30.40,28.46,28.88,36700,27.726
2013-09-02,29.50,30.225,29.05,29.91,162300,28.715
2013-08-30,28.50,29.50,28.31,29.50,48100,28.321
2013-08-29,28.00,28.26,27.755,28.26,43700,27.131
2013-08-28,28.13,28.15,27.89,27.945,41500,26.828
2013-08-27,28.41,28.41,28.00,28.20,22100,27.073
2013-08-26,28.155,28.50,27.955,28.185,37300,27.059
2013-08-23,28.045,28.30,27.98,28.00,20400,26.881
2013-08-22,27.99,28.40,27.86,28.25,29600,27.121
2013-08-21,28.28,28.50,27.955,28.015,22000,26.896
2013-08-20,27.89,28.475,26.66,28.00,49300,26.881
2013-08-19,28.65,29.18,27.975,27.975,51000,26.857
2013-08-16,29.00,29.79,28.565,28.65,45700,27.505
2013-08-15,29.855,30.00,28.50,29.00,88300,27.841
2013-08-14,30.00,31.285,28.72,29.54,186500,28.36
2013-08-13,28.80,29.20,28.60,29.08,125500,27.918
2013-08-12,28.70,28.85,28.07,28.50,33200,27.361
2013-08-09,28.70,28.70,28.155,28.43,17700,27.294
2013-08-08,28.845,28.845,27.82,28.60,54600,27.457
2013-08-07,28.30,29.275,28.14,28.70,101600,27.553
2013-08-06,26.995,28.83,26.995,28.43,230500,27.294
2013-08-05,26.50,26.66,26.20,26.60,98400,25.537
2013-08-02,25.47,26.725,25.47,26.15,67700,25.105
2013-08-01,25.10,25.445,25.00,25.40,27000,24.385
2013-07-31,25.04,25.285,25.00,25.01,35600,24.011
2013-07-30,25.05,25.395,25.00,25.20,48300,24.193
2013-07-29,24.985,25.40,24.625,25.07,59700,24.068
2013-07-26,24.95,25.00,24.725,24.75,22400,23.761
2013-07-25,24.90,24.90,24.69,24.795,51100,23.804
2013-07-24,24.49,24.80,24.455,24.80,62700,23.809
2013-07-23,24.35,24.50,24.19,24.46,50200,23.483
2013-07-22,24.20,24.39,24.10,24.325,41200,23.353
2013-07-19,24.03,24.195,24.005,24.195,34000,23.228
2013-07-18,23.98,24.10,23.945,24.00,143700,23.041
2013-07-17,23.75,23.95,23.75,23.90,216000,22.945
2013-07-16,23.665,23.755,23.65,23.755,35000,22.806
2013-07-15,23.65,23.78,23.60,23.655,79300,22.71
2013-07-12,23.65,23.76,23.60,23.65,97000,22.705
2013-07-11,23.615,23.75,23.55,23.65,113400,22.705
2013-07-10,23.58,23.65,23.55,23.60,203800,22.657
2013-07-09,23.70,23.70,23.50,23.55,336100,22.609
2013-07-08,23.68,23.68,23.50,23.54,114700,22.599
