Date,Open,High,Low,Close,Volume,Adj Close
2016-10-27,77.65,78.13,75.94,76.32,195900,76.32
2016-10-26,80.00,80.00,77.40,77.50,184400,77.50
2016-10-25,80.18,80.18,79.65,80.00,139600,80.00
2016-10-24,80.25,80.38,79.23,80.00,148900,80.00
2016-10-21,79.74,80.01,79.16,80.01,134400,80.01
2016-10-20,78.79,79.96,78.52,79.82,154600,79.82
2016-10-19,79.00,79.09,78.27,78.48,102800,78.48
2016-10-18,78.50,79.30,78.34,79.20,155900,79.20
2016-10-17,77.90,78.11,77.40,77.73,127800,77.73
2016-10-14,78.97,79.04,78.15,78.26,127200,78.26
2016-10-13,77.36,78.50,77.36,78.50,129500,78.50
2016-10-12,78.72,79.01,77.48,77.76,152400,77.76
2016-10-11,79.55,79.55,78.81,78.94,162500,78.94
2016-10-10,79.00,79.78,78.68,79.48,160500,79.48
2016-10-07,79.20,79.70,78.74,78.79,187800,78.79
2016-10-06,81.02,81.07,79.24,79.40,190500,79.40
2016-10-05,82.88,83.02,80.73,80.79,208300,80.79
2016-10-04,85.03,85.45,82.68,83.45,242100,83.45
2016-10-03,85.19,85.19,85.19,85.19,000,85.19
2016-09-30,83.98,85.19,83.71,85.19,173600,85.19
2016-09-29,86.90,86.93,84.81,85.03,84400,85.03
2016-09-28,86.50,86.80,86.22,86.48,102000,86.48
2016-09-27,85.98,86.64,85.20,86.50,162800,86.50
2016-09-26,85.54,86.00,85.16,85.70,91700,85.70
2016-09-23,86.73,86.85,85.89,86.05,154100,86.05
2016-09-22,86.00,87.02,85.80,86.62,129400,86.62
2016-09-21,87.66,87.67,85.36,85.56,119400,85.56
2016-09-20,85.57,87.39,85.54,87.12,133800,87.12
2016-09-19,85.61,85.96,84.75,85.18,97000,85.18
2016-09-16,85.08,86.09,85.08,85.30,210200,85.30
2016-09-15,85.70,86.24,85.14,85.17,145300,85.17
2016-09-14,85.83,86.17,85.33,85.80,138200,85.80
2016-09-13,86.13,86.46,85.17,85.35,99700,85.35
2016-09-12,84.61,85.88,83.90,85.61,175700,85.61
2016-09-09,87.79,87.99,85.13,85.59,232300,85.59
2016-09-08,90.25,90.25,87.92,87.92,151800,87.92
2016-09-07,89.46,90.17,88.91,90.14,129400,90.14
2016-09-06,88.58,89.35,88.36,89.35,122600,89.35
2016-09-05,88.46,89.45,88.26,88.65,162500,88.65
2016-09-02,87.84,88.44,87.60,88.44,113400,88.44
2016-09-01,88.02,88.30,87.07,87.21,99300,87.21
2016-08-31,87.88,88.30,87.50,87.51,139500,87.51
2016-08-30,89.45,89.73,88.03,88.20,92400,88.20
2016-08-29,87.82,89.09,87.39,88.99,61500,88.99
2016-08-26,88.00,88.65,87.80,88.11,99200,88.11
2016-08-25,88.97,89.20,88.21,88.32,93800,88.32
2016-08-24,89.50,89.97,88.85,89.06,73200,89.06
2016-08-23,90.00,90.46,89.60,89.60,100000,89.60
2016-08-22,89.21,89.60,87.91,89.31,128000,89.31
2016-08-19,89.80,90.05,89.02,89.38,99400,89.38
2016-08-18,89.52,90.26,89.33,89.85,94600,89.85
2016-08-17,90.58,90.58,88.62,88.68,185500,88.68
2016-08-16,90.74,91.31,90.19,90.19,139400,90.19
2016-08-15,91.57,91.88,91.07,91.07,152400,91.07
2016-08-12,91.87,92.04,91.00,91.71,125200,91.71
2016-08-11,91.25,91.41,90.60,91.41,174300,91.41
2016-08-10,90.60,91.78,89.70,91.25,128900,91.25
2016-08-09,89.50,91.19,89.00,91.18,134500,91.18
2016-08-08,91.11,91.11,89.29,89.69,107100,89.69
2016-08-05,89.82,92.00,89.48,90.30,167900,90.30
2016-08-04,89.22,89.73,87.81,89.62,103500,89.62
2016-08-03,89.70,89.82,88.57,88.72,78500,88.72
2016-08-02,90.31,90.48,89.33,89.73,134400,89.73
2016-08-01,90.37,91.05,89.86,90.57,111000,90.57
2016-07-29,88.98,89.79,88.85,89.79,135700,89.79
2016-07-28,87.97,89.46,87.75,88.90,82700,88.90
2016-07-27,88.50,88.69,87.71,88.28,134100,88.28
2016-07-26,87.99,88.77,87.79,88.32,95100,88.32
2016-07-25,86.59,87.97,86.59,87.81,113300,87.81
2016-07-22,86.00,87.30,86.00,86.80,75400,86.80
2016-07-21,87.16,87.16,85.40,86.39,135700,86.39
2016-07-20,86.25,86.93,85.71,86.53,162300,86.53
2016-07-19,85.46,86.27,85.06,85.70,70000,85.70
2016-07-18,84.76,86.24,84.68,85.56,133200,85.56
2016-07-15,84.43,85.50,84.10,84.54,149900,84.54
2016-07-14,85.25,85.25,83.78,84.22,72900,84.22
2016-07-13,83.95,84.82,83.01,84.50,100300,84.50
2016-07-12,85.45,85.93,83.70,83.88,149900,83.88
2016-07-11,83.82,85.58,83.50,85.55,117500,85.55
2016-07-08,82.50,84.03,82.44,83.95,93000,83.95
2016-07-07,83.13,84.04,82.44,82.58,94100,82.58
2016-07-06,83.32,84.31,82.87,82.90,116400,82.90
2016-07-05,84.50,84.57,83.65,83.88,135100,83.88
2016-07-04,85.35,85.73,84.00,84.76,99300,84.76
2016-07-01,84.70,85.40,84.41,85.30,144100,85.30
2016-06-30,83.76,84.49,83.49,83.89,246500,83.89
2016-06-29,82.27,83.94,81.85,83.94,150800,83.94
2016-06-28,80.50,81.84,80.50,81.66,153700,81.66
2016-06-27,80.45,82.31,79.25,79.68,246400,79.68
2016-06-24,78.83,82.14,78.48,80.75,199200,80.75
2016-06-23,82.76,83.76,82.12,82.54,107600,82.54
2016-06-22,82.15,83.01,82.07,82.47,173300,82.47
2016-06-21,80.59,81.98,80.59,81.70,123700,81.70
2016-06-20,80.24,81.46,80.03,80.90,112900,80.90
2016-06-17,79.20,79.62,78.35,78.70,372800,78.70
2016-06-16,78.49,80.05,78.19,79.41,205600,79.41
2016-06-15,79.15,80.38,78.88,79.36,203200,79.36
2016-06-14,79.11,79.50,78.32,78.48,203500,78.48
2016-06-13,80.00,80.45,79.55,79.55,141400,79.55
2016-06-10,82.01,82.51,80.35,80.79,117700,80.79
2016-06-09,81.11,82.72,80.91,82.39,122200,82.39
2016-06-08,81.18,81.85,81.18,81.47,109200,81.47
2016-06-07,80.60,81.39,80.40,81.38,140700,81.38
2016-06-06,79.98,80.60,79.90,80.48,71300,80.48
2016-06-03,79.77,80.85,79.46,80.05,152400,80.05
2016-06-02,80.13,80.13,79.17,79.78,107600,79.78
2016-06-01,80.20,80.35,79.47,80.13,148700,80.13
2016-05-31,80.50,80.50,79.72,80.20,188200,80.20
2016-05-30,80.50,80.89,80.19,80.40,70800,80.40
2016-05-27,79.71,80.31,79.49,80.00,114200,80.00
2016-05-26,78.86,80.18,78.65,80.18,103600,80.18
2016-05-25,79.90,80.00,78.40,78.76,235100,78.76
2016-05-24,79.73,80.85,79.03,80.19,121300,80.19
2016-05-23,79.10,79.83,78.81,79.62,120400,79.62
2016-05-20,79.20,79.85,78.74,79.02,278700,79.02
2016-05-19,82.78,82.89,81.82,81.87,122700,79.61
2016-05-18,82.66,83.85,82.66,83.19,154000,80.894
2016-05-17,83.70,84.17,83.03,83.35,141600,81.049
2016-05-16,84.00,84.00,84.00,84.00,000,81.681
2016-05-13,82.49,84.00,81.85,84.00,200900,81.681
2016-05-12,82.02,83.29,81.63,82.56,171900,80.281
2016-05-11,82.99,83.19,82.13,82.25,99800,79.98
2016-05-10,83.25,83.82,82.52,82.78,109700,80.495
2016-05-09,81.94,83.52,81.94,83.20,106400,80.903
2016-05-06,81.61,82.35,81.28,81.54,90100,79.289
2016-05-05,81.05,82.05,80.84,82.05,94900,79.785
2016-05-04,81.24,81.68,80.74,80.91,137800,78.677
2016-05-03,81.50,81.82,80.68,81.41,93100,79.163
2016-05-02,81.02,82.07,80.83,81.85,43000,79.591
2016-04-29,81.61,81.65,80.22,80.81,144000,78.579
2016-04-28,81.50,81.98,81.14,81.91,128800,79.649
2016-04-27,81.60,82.35,80.78,81.73,114200,79.474
2016-04-26,80.50,81.60,80.26,81.35,130000,79.104
2016-04-25,79.93,80.38,79.43,79.94,133800,77.733
2016-04-22,79.41,80.04,78.61,79.54,142500,77.344
2016-04-21,82.43,82.43,79.37,79.40,176000,77.208
2016-04-20,82.80,82.96,81.22,81.95,124900,79.688
2016-04-19,81.09,82.79,80.80,82.79,152100,80.505
2016-04-18,81.07,81.90,80.82,80.97,87800,78.735
2016-04-15,81.41,82.28,81.19,81.74,149900,79.484
2016-04-14,82.98,82.98,81.22,81.45,109800,79.202
2016-04-13,82.92,83.01,81.92,82.90,133700,80.612
2016-04-12,83.88,84.66,81.85,82.04,171300,79.775
2016-04-11,84.51,84.73,83.34,83.70,85700,81.389
2016-04-08,83.90,84.48,83.53,84.48,88200,82.148
2016-04-07,83.87,84.03,83.29,83.73,152200,81.419
2016-04-06,83.10,83.60,82.59,83.53,103800,81.224
2016-04-05,81.26,83.24,81.26,83.08,143500,80.787
2016-04-04,82.52,83.29,82.01,82.50,109400,80.223
2016-04-01,82.13,83.02,81.54,82.69,148900,80.407
2016-03-31,82.44,83.30,82.32,82.85,214000,80.563
2016-03-30,81.80,82.87,81.80,82.85,188600,80.563
2016-03-29,79.80,81.52,79.58,81.52,126800,79.27
2016-03-28,79.48,79.48,79.48,79.48,000,77.286
2016-03-25,79.48,79.48,79.48,79.48,000,77.286
2016-03-24,80.02,80.78,79.44,79.48,92900,77.286
2016-03-23,79.50,80.65,79.16,80.61,111600,78.385
2016-03-22,77.79,79.21,77.77,79.20,224000,77.014
2016-03-21,78.51,79.51,78.01,78.75,115000,76.576
2016-03-18,79.70,81.70,78.30,78.69,765500,76.518
2016-03-17,79.60,80.04,79.01,79.70,234400,77.50
2016-03-16,78.80,79.80,78.80,79.60,242000,77.403
2016-03-15,77.77,78.82,77.77,78.49,188900,76.323
2016-03-14,79.00,79.50,78.26,79.15,184900,76.965
2016-03-11,75.75,79.10,75.74,78.03,236200,75.876
2016-03-10,74.98,76.01,73.98,75.26,209400,73.182
2016-03-09,74.20,74.48,73.28,73.89,145200,71.85
2016-03-08,73.86,73.86,72.85,73.15,91900,71.131
2016-03-07,75.02,75.20,74.12,74.42,85000,72.366
2016-03-04,74.99,75.86,74.55,74.91,93700,72.842
2016-03-03,75.29,75.89,74.54,74.56,126900,72.502
2016-03-02,76.45,76.89,74.96,75.16,197100,73.085
2016-03-01,74.90,76.43,74.79,75.71,211700,73.62
2016-02-29,74.62,75.80,74.24,75.67,125000,73.581
2016-02-26,75.43,75.80,74.54,74.71,109400,72.648
2016-02-25,74.56,74.75,74.12,74.45,139700,72.395
2016-02-24,74.01,74.76,72.81,73.21,94300,71.189
2016-02-23,75.57,75.57,74.08,74.40,114500,72.346
2016-02-22,74.99,75.74,74.92,75.44,91100,73.357
2016-02-19,73.63,74.50,73.50,74.41,146000,72.356
2016-02-18,73.23,74.41,73.07,74.23,111400,72.181
2016-02-17,73.18,74.49,72.96,73.23,138800,71.209
2016-02-16,72.20,73.00,71.44,73.00,172700,70.985
2016-02-15,71.22,72.19,70.96,71.73,118300,69.75
2016-02-12,69.42,69.75,68.50,69.75,113600,67.825
2016-02-11,69.50,69.83,68.00,68.99,164200,67.086
2016-02-10,68.12,71.15,68.12,70.11,132300,68.175
2016-02-09,66.80,68.42,65.11,68.05,297700,66.171
2016-02-08,71.00,71.00,66.07,66.79,289100,64.946
2016-02-05,74.12,74.36,70.87,71.00,207800,69.04
2016-02-04,75.81,75.82,73.62,73.93,132300,71.889
2016-02-03,74.48,75.48,74.01,75.03,147400,72.959
2016-02-02,74.83,75.01,74.34,74.73,124300,72.667
2016-02-01,74.72,75.03,73.75,75.03,146200,72.959
2016-01-29,73.32,74.51,72.65,74.50,140500,72.443
2016-01-28,71.92,73.66,71.92,72.25,151300,70.256
2016-01-27,73.83,73.83,71.89,72.56,175100,70.557
2016-01-26,72.72,73.69,71.97,73.52,110900,71.49
2016-01-25,72.95,74.07,72.04,73.70,194200,71.666
2016-01-22,70.92,73.22,70.64,72.70,213800,70.693
2016-01-21,69.19,70.47,68.99,70.21,146400,68.272
2016-01-20,70.77,71.52,68.92,69.22,187600,67.309
2016-01-19,71.79,72.69,71.18,72.33,132600,70.333
2016-01-18,70.25,70.69,69.28,70.27,121700,68.33
2016-01-15,71.72,72.19,69.56,70.28,116600,68.34
2016-01-14,72.29,72.29,71.04,71.65,131300,69.672
2016-01-13,74.21,74.60,72.43,72.79,128500,70.781
2016-01-12,71.16,73.61,71.16,73.37,121600,71.345
2016-01-11,71.35,72.20,70.70,71.18,125500,69.215
2016-01-08,72.71,72.74,71.25,71.25,152500,69.283
2016-01-07,71.27,73.96,70.82,72.50,277000,70.499
2016-01-06,74.49,74.61,73.18,73.25,140000,71.228
2016-01-05,74.74,75.32,73.80,74.53,89100,72.473
2016-01-04,74.36,74.50,73.28,74.19,166500,72.142
2016-01-01,75.50,75.50,75.50,75.50,000,73.416
2015-12-31,75.50,75.50,75.50,75.50,000,73.416
2015-12-30,76.95,76.95,74.97,75.50,83900,73.416
2015-12-29,75.68,76.87,75.60,76.87,55700,74.748
2015-12-28,75.90,75.90,75.22,75.48,26300,73.396
2015-12-25,75.67,75.67,75.67,75.67,000,73.581
2015-12-24,75.67,75.67,75.67,75.67,000,73.581
2015-12-23,75.17,75.72,74.43,75.67,67000,73.581
2015-12-22,75.02,75.19,73.52,74.57,95200,72.512
2015-12-21,75.96,76.37,74.63,74.63,102300,72.57
2015-12-18,74.80,76.05,74.80,75.56,452000,73.474
2015-12-17,75.07,75.90,74.99,75.21,134300,73.134
2015-12-16,73.90,75.13,73.90,74.20,254100,72.152
2015-12-15,72.02,73.77,71.79,73.60,213100,71.568
2015-12-14,72.15,73.15,71.50,71.50,187200,69.526
2015-12-11,73.30,73.34,72.22,72.40,119500,70.401
2015-12-10,73.38,73.52,72.48,73.30,106900,71.277
2015-12-09,74.66,74.66,73.58,74.00,139700,71.957
2015-12-08,74.77,75.36,74.04,74.23,144100,72.181
2015-12-07,73.23,75.78,73.23,74.99,186700,72.92
2015-12-04,73.19,73.32,72.16,73.04,129600,71.024
2015-12-03,75.06,75.49,72.91,73.00,221700,70.985
2015-12-02,75.70,76.50,75.20,75.41,171000,73.328
2015-12-01,75.35,76.27,75.05,75.55,208100,73.464
2015-11-30,74.75,75.06,74.20,75.00,226200,72.93
2015-11-27,74.04,74.54,73.75,74.40,83500,72.346
2015-11-26,74.11,74.65,73.97,74.30,118800,72.249
2015-11-25,72.70,74.25,72.51,74.24,111300,72.191
2015-11-24,72.79,72.80,70.75,71.98,183200,69.993
2015-11-23,74.11,74.60,73.19,73.19,94000,71.17
2015-11-20,73.50,74.09,73.31,74.04,124500,71.996
2015-11-19,73.50,73.60,72.42,73.30,163700,71.277
2015-11-18,72.49,72.93,71.52,72.92,116800,70.907
2015-11-17,71.88,72.81,71.75,72.77,206700,70.761
2015-11-16,68.95,71.32,68.68,71.19,166200,69.225
2015-11-13,68.50,70.38,68.50,69.63,648300,67.708
2015-11-12,71.30,71.62,70.25,70.26,145500,68.32
2015-11-11,70.40,70.88,70.33,70.70,140400,68.748
2015-11-10,70.05,70.37,69.39,70.10,140700,68.165
2015-11-09,72.12,72.20,70.00,70.00,204200,68.068
2015-11-06,71.65,72.81,71.45,71.82,175400,69.837
2015-11-05,71.84,71.90,71.17,71.70,105900,69.721
2015-11-04,71.85,72.15,71.09,71.49,140400,69.517
2015-11-03,72.00,72.24,71.21,71.62,252400,69.643
2015-11-02,72.30,72.80,71.78,72.28,170200,70.285
2015-10-30,72.94,73.23,71.72,72.55,144600,70.547
2015-10-29,72.32,72.62,71.47,72.62,190300,70.615
2015-10-28,72.01,72.82,71.36,72.27,190000,70.275
2015-10-27,72.22,72.66,71.70,71.79,127800,69.808
2015-10-26,72.53,72.95,71.86,72.50,127300,70.499
2015-10-23,72.01,73.11,70.70,72.16,302700,70.168
2015-10-22,67.00,74.00,66.50,71.50,633400,69.526
2015-10-21,68.40,68.54,67.87,68.04,182800,66.162
2015-10-20,68.75,69.25,68.33,68.49,128400,66.599
2015-10-19,69.27,69.69,68.72,69.00,281100,67.095
2015-10-16,70.58,70.96,68.97,69.32,312400,67.406
2015-10-15,70.76,70.76,70.07,70.46,137400,68.515
2015-10-14,70.00,71.39,68.66,70.65,531700,68.70
2015-10-13,72.99,73.34,72.45,72.95,89500,70.936
2015-10-12,72.30,73.46,71.78,73.25,174900,71.228
2015-10-09,71.40,72.23,70.60,72.23,377800,70.236
2015-10-08,70.62,71.20,70.15,71.00,121600,69.04
2015-10-07,71.95,72.18,70.18,70.75,272600,68.797
2015-10-06,72.60,73.08,71.95,72.00,262700,70.012
2015-10-05,71.53,72.82,71.13,72.40,349800,70.401
2015-10-02,72.37,72.37,70.50,71.00,459800,69.04
2015-10-01,74.23,74.37,70.26,71.40,580400,69.429
2015-09-30,75.06,75.30,73.81,73.81,336900,71.772
2015-09-29,72.24,74.77,71.86,74.20,331800,72.152
2015-09-28,72.98,74.15,72.38,72.81,318100,70.80
2015-09-25,72.35,74.15,71.47,73.12,477100,71.102
2015-09-24,71.81,73.08,70.68,71.06,496300,69.098
2015-09-23,72.70,72.94,71.85,71.85,579800,69.867
2015-09-22,74.60,75.08,72.49,72.70,682000,70.693
2015-09-21,75.80,76.72,72.91,74.39,1473800,72.336
2015-09-18,68.36,70.74,67.68,70.27,507500,68.33
2015-09-17,67.79,68.63,67.71,68.40,134700,66.512
2015-09-16,68.00,68.19,67.31,67.66,171200,65.792
2015-09-15,67.23,67.66,66.60,67.35,113500,65.491
2015-09-14,66.22,67.16,66.22,67.00,177800,65.15
2015-09-11,67.29,67.37,66.16,66.44,109600,64.606
2015-09-10,65.75,67.43,65.75,67.21,108200,65.355
2015-09-09,67.90,67.90,66.38,66.52,107800,64.684
2015-09-08,65.10,67.48,65.09,66.65,147000,64.81
2015-09-07,65.60,65.67,64.27,64.84,92400,63.05
2015-09-04,66.11,66.20,64.94,65.10,95100,63.303
2015-09-03,65.50,67.35,65.39,66.93,140300,65.082
2015-09-02,65.00,65.60,64.16,65.26,168400,63.459
2015-09-01,65.11,65.76,64.44,64.66,172300,62.875
2015-08-31,65.82,66.94,65.76,66.88,124600,65.034
2015-08-28,66.97,67.16,65.95,66.50,114400,64.664
2015-08-27,66.43,67.37,66.06,67.06,160200,65.209
2015-08-26,66.05,66.58,65.18,65.34,199600,63.536
2015-08-25,65.33,67.32,64.76,66.72,209100,64.878
2015-08-24,66.17,66.17,63.50,64.50,295900,62.719
2015-08-21,68.27,69.68,68.05,68.14,239000,66.259
2015-08-20,70.00,70.33,69.56,69.56,190600,67.64
2015-08-19,71.11,71.77,70.02,70.21,129000,68.272
2015-08-18,71.28,72.08,71.09,71.62,101700,69.643
2015-08-17,72.08,72.08,70.85,71.67,129900,69.692
2015-08-14,71.50,72.28,70.46,71.83,260200,69.847
2015-08-13,68.53,69.97,68.53,69.70,225300,67.776
2015-08-12,67.41,68.12,66.48,67.85,170700,65.977
2015-08-11,67.94,68.85,67.56,67.92,123300,66.045
2015-08-10,69.13,69.13,67.87,68.21,120400,66.327
2015-08-07,69.19,69.19,68.17,68.57,108400,66.677
2015-08-06,69.19,69.58,68.73,68.89,144700,66.988
2015-08-05,68.63,69.30,68.53,69.00,160000,67.095
2015-08-04,68.00,68.84,67.71,68.50,121700,66.609
2015-08-03,66.21,68.14,66.15,67.69,149000,65.821
2015-07-31,66.62,67.13,66.18,66.21,201300,64.382
2015-07-30,66.70,66.91,66.27,66.68,153400,64.839
2015-07-29,65.79,66.97,65.42,66.48,187300,64.645
2015-07-28,65.79,65.79,64.69,65.41,117600,63.604
2015-07-27,66.95,66.95,65.07,65.15,185700,63.352
2015-07-24,66.60,67.84,66.43,67.14,145000,65.287
2015-07-23,68.26,68.49,66.42,66.50,146400,64.664
2015-07-22,67.92,68.58,67.69,68.00,128000,66.123
2015-07-21,68.75,69.03,67.98,68.17,129200,66.288
2015-07-20,69.80,69.80,68.38,68.57,181800,66.677
2015-07-17,67.99,68.48,67.23,68.23,160400,66.347
2015-07-16,66.40,68.34,66.40,67.81,169200,65.938
2015-07-15,66.22,67.00,65.90,66.26,127000,64.431
2015-07-14,66.34,66.34,65.21,66.06,185100,64.236
2015-07-13,65.35,66.35,64.71,66.35,261100,64.518
2015-07-10,65.45,65.69,63.98,64.63,150900,62.846
2015-07-09,61.63,63.33,61.50,63.01,128100,61.271
2015-07-08,62.57,62.76,61.44,61.44,197300,59.744
2015-07-07,62.40,63.42,62.18,62.29,206800,60.571
2015-07-06,62.00,63.19,61.94,62.00,174700,60.289
2015-07-03,62.49,62.72,62.04,62.57,86500,60.843
2015-07-02,63.44,63.44,61.91,61.91,197600,60.201
2015-07-01,62.97,63.42,62.26,63.19,132900,61.446
2015-06-30,62.38,63.09,61.72,62.32,193700,60.60
2015-06-29,62.00,63.29,61.32,62.27,239500,60.551
2015-06-26,63.25,64.41,62.41,63.95,166500,62.185
2015-06-25,62.09,62.95,61.85,62.76,210000,61.028
2015-06-24,64.80,65.02,63.67,64.50,265100,62.719
2015-06-23,65.27,65.73,64.29,65.61,199700,63.799
2015-06-22,65.99,65.99,64.70,64.88,247700,63.089
2015-06-19,62.46,63.62,62.44,63.31,385400,61.562
2015-06-18,63.46,63.51,62.28,62.80,327900,61.066
2015-06-17,65.20,65.71,63.51,63.72,223600,61.961
2015-06-16,64.72,65.53,64.09,65.09,250800,63.293
2015-06-15,66.00,66.00,64.98,65.09,222600,63.293
2015-06-12,69.20,69.59,66.72,66.93,285200,65.082
2015-06-11,65.56,68.70,65.52,67.90,292700,66.026
2015-06-10,63.63,66.85,63.63,65.77,719500,63.954
2015-06-09,63.57,64.21,63.33,64.00,158900,62.233
2015-06-08,64.42,64.57,63.52,63.82,123300,62.058
2015-06-05,64.74,64.92,63.52,64.38,156700,62.603
2015-06-04,64.95,65.70,63.81,65.19,229000,63.39
2015-06-03,66.69,66.78,64.69,64.93,197800,63.138
2015-06-02,70.00,70.38,66.43,66.44,211000,64.606
2015-06-01,67.10,68.45,67.10,67.93,195400,66.055
2015-05-29,68.00,68.04,66.25,66.69,281400,64.849
2015-05-28,68.89,69.38,67.60,67.89,157900,66.016
2015-05-27,68.72,69.17,68.32,68.88,128800,66.979
2015-05-26,69.60,69.72,67.47,68.30,216000,66.415
2015-05-25,69.51,69.51,69.51,69.51,000,67.591
2015-05-22,70.45,70.76,69.30,69.51,76400,67.591
2015-05-21,71.47,71.47,69.95,70.50,139900,68.554
2015-05-20,73.90,73.90,70.92,71.27,150300,69.303
2015-05-19,71.61,74.01,71.61,73.80,187000,71.763
2015-05-18,70.62,71.79,70.36,71.60,164600,69.623
2015-05-15,71.08,71.11,70.51,70.94,143800,68.982
2015-05-14,69.26,70.85,68.63,70.64,106200,68.69
2015-05-13,70.03,70.73,68.73,69.01,176300,67.105
2015-05-12,67.66,68.53,66.98,67.67,161800,65.802
2015-05-11,69.78,69.84,68.37,69.04,186900,67.134
2015-05-08,67.89,69.82,67.74,69.82,301000,67.893
2015-05-07,66.49,67.39,65.52,67.10,355200,65.248
2015-05-06,68.00,68.00,65.94,66.47,425400,64.635
2015-05-05,69.22,70.24,67.71,67.75,190900,65.88
2015-05-04,69.78,69.78,68.89,69.38,163900,67.465
2015-05-01,69.34,69.34,69.34,69.34,000,67.426
2015-04-30,70.00,70.47,68.57,69.34,204300,67.426
2015-04-29,73.28,73.28,69.69,70.07,170400,68.136
2015-04-28,73.42,73.77,72.45,72.69,187100,70.683
2015-04-27,72.96,73.80,72.28,73.62,100900,71.588
2015-04-24,72.53,73.10,72.53,72.92,121100,70.907
2015-04-23,73.25,73.51,72.40,72.60,180800,70.596
2015-04-22,74.26,74.65,72.40,73.26,169100,71.238
2015-04-21,75.00,75.13,74.01,74.30,127400,72.249
2015-04-20,75.05,75.41,74.30,74.49,148500,72.434
2015-04-17,75.80,76.70,74.52,74.76,173000,72.696
2015-04-16,77.00,77.00,75.96,76.30,251400,74.194
2015-04-15,77.26,77.43,76.78,77.06,349000,74.933
2015-04-14,76.97,77.56,76.71,76.95,100900,74.826
2015-04-13,77.31,77.38,76.82,76.88,102100,74.758
2015-04-10,76.90,77.30,76.67,77.30,91300,75.166
2015-04-09,76.45,76.92,76.22,76.54,101300,74.427
2015-04-08,75.25,75.98,74.75,75.87,208400,73.776
2015-04-07,75.25,75.30,74.34,74.57,121000,72.512
2015-04-06,75.01,75.01,75.01,75.01,000,72.939
2015-04-03,75.01,75.01,75.01,75.01,000,72.939
2015-04-02,74.44,75.03,74.21,75.01,115800,72.939
2015-04-01,73.60,75.29,73.33,74.77,152700,72.706
2015-03-31,74.84,75.63,73.72,73.87,227300,71.831
2015-03-30,74.70,75.45,74.31,74.98,110600,72.91
2015-03-27,73.50,74.34,73.00,74.28,125400,72.23
2015-03-26,73.75,73.75,71.75,73.08,191500,71.063
2015-03-25,75.00,75.09,73.61,73.82,148500,71.782
2015-03-24,73.89,74.93,73.45,74.50,141500,72.443
2015-03-23,74.32,74.89,73.73,73.90,108200,71.86
2015-03-20,73.71,74.57,73.70,74.11,450300,72.064
2015-03-19,73.10,74.08,73.00,73.65,236200,71.617
2015-03-18,72.65,73.25,72.07,73.10,464300,71.082
2015-03-17,73.04,73.12,71.74,72.39,99700,70.392
2015-03-16,72.67,73.00,72.41,72.78,132200,70.771
2015-03-13,71.20,72.48,71.20,72.48,129500,70.479
2015-03-12,71.12,71.66,71.03,71.20,137900,69.235
2015-03-11,69.74,71.86,69.74,71.29,170300,69.322
2015-03-10,69.54,70.48,69.50,69.84,218400,67.912
2015-03-09,70.80,70.80,68.44,69.81,187500,67.883
2015-03-06,71.83,72.47,70.56,70.79,123900,68.836
2015-03-05,72.99,73.00,71.86,72.06,171600,70.071
2015-03-04,72.87,73.00,72.14,72.50,205200,70.499
2015-03-03,74.00,74.00,72.14,72.39,142000,70.392
2015-03-02,73.44,74.23,73.44,73.81,222100,71.772
2015-02-27,73.97,74.31,73.13,73.49,173200,71.461
2015-02-26,74.01,74.38,73.63,73.96,205000,71.918
2015-02-25,78.64,79.76,73.85,74.55,323000,72.492
2015-02-24,73.85,74.19,73.13,73.70,233200,71.666
2015-02-23,73.64,73.87,72.99,73.73,124000,71.695
2015-02-20,73.60,73.69,72.62,73.30,146000,71.277
2015-02-19,72.78,73.77,72.46,73.77,154300,71.734
2015-02-18,72.66,73.95,72.50,73.12,129500,71.102
2015-02-17,71.50,72.33,71.37,72.26,132800,70.265
2015-02-16,71.63,72.13,71.23,71.97,171200,69.983
2015-02-13,71.00,72.25,71.00,72.06,126300,70.071
2015-02-12,69.28,71.19,69.05,70.77,134700,68.816
2015-02-11,69.41,69.95,68.94,69.19,88500,67.28
2015-02-10,68.90,69.58,68.63,69.49,111800,67.572
2015-02-09,69.07,69.10,68.15,68.73,147400,66.833
2015-02-06,70.00,70.34,69.13,69.63,150500,67.708
2015-02-05,70.67,71.04,69.93,70.49,138900,68.544
2015-02-04,69.57,70.81,69.35,70.81,142500,68.855
2015-02-03,68.74,69.75,68.13,69.71,151400,67.786
2015-02-02,68.19,68.68,67.58,68.48,169700,66.59
2015-01-30,69.10,69.29,67.42,67.93,232100,66.055
2015-01-29,68.34,68.93,68.26,68.84,85300,66.94
2015-01-28,69.10,69.61,68.55,68.96,103900,67.056
2015-01-27,69.02,69.62,68.52,68.78,144400,66.881
2015-01-26,68.40,69.55,67.93,69.43,121400,67.513
2015-01-23,67.15,69.31,67.15,68.52,225200,66.629
2015-01-22,65.42,66.98,65.02,66.89,174100,65.044
2015-01-21,64.60,65.65,64.60,65.42,187000,63.614
2015-01-20,65.71,65.79,65.15,65.61,120700,63.799
2015-01-19,63.98,65.69,63.77,65.63,130500,63.818
2015-01-16,62.61,63.90,62.45,63.59,308500,61.835
2015-01-15,62.88,63.15,61.86,62.75,178700,61.018
2015-01-14,63.12,63.25,62.35,62.52,110900,60.794
2015-01-13,63.38,63.50,63.28,63.45,169000,61.698
2015-01-12,63.70,63.81,63.12,63.34,108100,61.592
2015-01-09,62.75,63.71,62.52,63.44,102400,61.689
2015-01-08,62.18,63.05,61.70,62.89,78500,61.154
2015-01-07,61.39,61.99,60.90,61.73,169700,60.026
2015-01-06,61.95,61.95,61.12,61.62,82800,59.919
2015-01-05,62.23,62.77,61.38,61.68,90700,59.977
2015-01-02,62.45,62.48,61.77,62.26,77900,60.541
2015-01-01,61.99,61.99,61.99,61.99,000,60.279
2014-12-31,61.99,61.99,61.99,61.99,000,60.279
2014-12-30,62.14,62.23,61.70,61.99,75500,60.279
2014-12-29,62.56,62.80,61.99,62.15,89700,60.434
2014-12-26,62.46,62.46,62.46,62.46,000,60.736
2014-12-25,62.46,62.46,62.46,62.46,000,60.736
2014-12-24,62.46,62.46,62.46,62.46,000,60.736
2014-12-23,62.11,62.52,61.56,62.46,53500,60.736
2014-12-22,62.08,62.17,61.61,61.95,74400,60.24
2014-12-19,61.69,62.32,61.19,62.25,582900,60.532
2014-12-18,60.82,61.43,59.95,61.25,176100,59.559
2014-12-17,59.52,60.32,59.42,60.05,106900,58.392
2014-12-16,60.75,60.75,59.44,60.04,180600,58.383
2014-12-15,59.92,61.20,59.81,60.50,193000,58.83
2014-12-12,60.37,60.56,60.13,60.25,114400,58.587
2014-12-11,60.06,60.65,60.06,60.65,121300,58.976
2014-12-10,59.80,60.25,59.58,60.15,133900,58.49
2014-12-09,59.95,60.27,59.59,59.78,99500,58.13
2014-12-08,60.60,60.61,59.85,60.31,122500,58.645
2014-12-05,60.76,61.24,60.51,60.76,146400,59.083
2014-12-04,61.90,62.00,60.55,60.70,126400,59.024
2014-12-03,61.25,61.59,60.98,61.59,149700,59.89
2014-12-02,62.39,62.39,61.21,61.25,180700,59.559
2014-12-01,61.70,62.39,60.82,62.39,379200,60.668
2014-11-28,59.48,60.08,59.13,59.68,142900,58.033
2014-11-27,59.39,60.34,59.12,59.97,136500,58.315
2014-11-26,59.30,60.05,59.02,59.38,149700,57.741
2014-11-25,58.37,59.28,58.33,59.06,113000,57.43
2014-11-24,57.85,58.58,57.68,58.48,79400,56.866
2014-11-21,57.02,58.11,57.02,57.79,82600,56.195
2014-11-20,56.67,57.12,56.16,57.06,76200,55.485
2014-11-19,56.97,57.19,56.69,56.90,58500,55.329
2014-11-18,56.70,56.83,56.31,56.76,126500,55.193
2014-11-17,55.35,56.51,55.10,56.30,100100,54.746
2014-11-14,56.46,56.68,54.72,55.32,289900,53.793
2014-11-13,55.79,56.32,55.51,56.27,76900,54.717
2014-11-12,56.00,56.26,54.95,55.54,95800,54.007
2014-11-11,55.93,56.43,55.76,56.24,71400,54.688
2014-11-10,54.84,55.84,54.84,55.65,122700,54.114
2014-11-07,56.04,56.19,54.82,55.08,154200,53.56
2014-11-06,56.50,56.59,55.75,56.00,98600,54.454
2014-11-05,57.00,57.09,56.09,56.58,118000,55.018
2014-11-04,55.90,57.05,55.82,56.56,144700,54.999
2014-11-03,55.10,55.88,55.02,55.69,107300,54.153
2014-10-31,55.00,55.12,54.13,55.05,147000,53.53
2014-10-30,54.26,54.46,53.33,54.24,124500,52.743
2014-10-29,54.59,54.93,54.20,54.25,112600,52.752
2014-10-28,53.82,54.57,53.82,54.46,95700,52.957
2014-10-27,54.68,54.79,53.39,53.66,206200,52.179
2014-10-24,54.41,54.79,54.23,54.38,141700,52.879
2014-10-23,53.91,54.99,53.91,54.82,157300,53.307
2014-10-22,54.59,54.59,53.64,54.38,156500,52.879
2014-10-21,53.28,54.60,53.20,54.26,164100,52.762
2014-10-20,52.70,53.61,52.62,53.45,122400,51.975
2014-10-17,52.05,53.10,52.05,53.10,149700,51.634
2014-10-16,51.82,52.19,50.73,51.97,244200,50.535
2014-10-15,52.24,52.34,51.54,51.67,157100,50.244
2014-10-14,53.19,53.38,51.55,52.15,179500,50.71
2014-10-13,51.64,52.22,51.38,52.04,202000,50.603
2014-10-10,51.50,52.23,50.68,52.12,574400,50.681
2014-10-09,52.49,52.62,51.86,52.02,107400,50.584
2014-10-08,52.40,52.46,51.87,51.99,88500,50.555
2014-10-07,52.98,53.19,52.34,52.44,80400,50.992
2014-10-06,53.18,53.75,53.11,53.16,141700,51.693
2014-10-03,53.02,53.02,53.02,53.02,000,51.556
2014-10-02,53.89,53.89,53.02,53.02,99400,51.556
2014-10-01,54.63,54.75,53.77,53.89,93500,52.402
2014-09-30,54.60,55.01,54.24,54.87,128400,53.355
2014-09-29,56.13,56.13,54.59,54.60,75300,53.093
2014-09-26,54.75,56.10,54.60,55.78,93000,54.24
2014-09-25,55.41,55.47,54.59,54.66,100400,53.151
2014-09-24,55.55,55.55,54.94,55.36,98800,53.832
2014-09-23,56.27,56.30,55.60,55.63,83200,54.094
2014-09-22,56.31,56.84,56.01,56.51,107000,54.95
2014-09-19,57.44,57.88,56.87,56.87,292400,55.30
2014-09-18,57.64,57.64,57.19,57.28,89800,55.699
2014-09-17,56.93,57.64,56.85,57.44,110700,55.854
2014-09-16,56.91,57.05,56.36,56.68,110400,55.115
2014-09-15,57.38,57.38,56.71,56.93,184500,55.358
2014-09-12,58.51,58.88,57.50,57.70,193500,56.107
2014-09-11,57.75,57.75,57.25,57.40,84300,55.815
2014-09-10,57.57,57.65,57.39,57.43,63200,55.845
2014-09-09,57.91,58.00,57.40,57.67,108500,56.078
2014-09-08,57.14,57.92,57.14,57.87,72500,56.273
2014-09-05,56.85,57.26,56.77,57.17,62400,55.592
2014-09-04,56.70,57.25,56.32,57.01,101700,55.436
2014-09-03,56.78,57.09,56.47,56.74,102700,55.174
2014-09-02,57.03,57.03,56.53,56.75,96000,55.183
2014-09-01,56.53,56.80,56.44,56.71,63000,55.145
2014-08-29,56.00,56.68,56.00,56.62,118400,55.057
2014-08-28,56.93,57.02,56.22,56.53,104900,54.97
2014-08-27,55.35,56.92,55.02,56.87,190300,55.30
2014-08-26,56.38,57.78,56.32,56.87,137500,55.30
2014-08-25,56.00,56.49,55.85,56.48,58500,54.921
2014-08-22,55.30,55.91,55.21,55.80,124400,54.26
2014-08-21,54.93,55.61,54.70,55.40,134700,53.871
2014-08-20,55.23,55.63,54.79,54.90,81600,53.385
2014-08-19,55.38,55.65,55.24,55.59,146900,54.055
2014-08-18,55.40,55.40,54.85,55.31,78000,53.783
2014-08-15,55.07,55.30,54.82,55.00,101900,53.482
2014-08-14,54.10,54.95,54.10,54.95,106300,53.433
2014-08-13,53.65,54.51,53.65,54.51,79100,53.005
2014-08-12,53.30,54.09,53.10,53.70,194700,52.218
2014-08-11,52.19,53.06,52.01,52.93,135300,51.469
2014-08-08,51.03,51.77,50.63,51.50,123200,50.078
2014-08-07,51.54,52.45,51.21,51.88,161500,50.448
2014-08-06,51.41,51.72,50.61,51.64,163800,50.214
2014-08-05,51.63,52.15,51.63,51.86,113400,50.428
2014-08-04,52.05,52.05,51.29,51.60,116400,50.176
2014-08-01,52.30,52.49,51.60,52.11,201300,50.672
2014-07-31,53.13,53.13,52.38,52.38,139800,50.934
2014-07-30,53.79,53.79,53.03,53.30,94600,51.829
2014-07-29,52.99,53.73,52.82,53.60,125300,52.12
2014-07-28,52.57,52.76,52.40,52.70,81100,51.245
2014-07-25,53.62,54.00,52.55,52.59,129100,51.138
2014-07-24,54.01,54.10,53.56,53.64,92500,52.159
2014-07-23,54.19,54.28,53.77,53.90,117900,52.412
2014-07-22,54.10,54.58,53.90,54.25,93400,52.752
2014-07-21,54.00,54.07,53.63,53.86,58900,52.373
2014-07-18,53.44,54.00,53.11,53.97,138700,52.48
2014-07-17,52.58,53.24,52.58,53.23,118300,51.761
2014-07-16,52.27,52.71,52.07,52.60,94400,51.148
2014-07-15,51.73,51.95,51.56,51.90,99700,50.467
2014-07-14,51.35,52.07,51.34,51.73,49100,50.302
2014-07-11,51.38,51.40,50.82,51.30,84300,49.884
2014-07-10,51.05,51.40,50.53,51.31,90400,49.894
2014-07-09,50.95,51.11,50.22,50.95,66700,49.544
2014-07-08,51.47,51.47,50.64,50.82,107200,49.417
2014-07-07,51.66,51.66,51.00,51.24,102900,49.826
2014-07-04,50.80,52.38,50.75,51.40,317800,49.981
2014-07-03,49.12,49.645,48.865,49.50,123600,48.134
2014-07-02,49.22,49.31,48.80,48.92,94300,47.57
2014-07-01,49.34,49.365,48.495,48.99,100100,47.638
2014-06-30,49.25,49.34,48.825,49.195,157900,47.837
2014-06-27,49.135,49.555,48.945,49.14,73000,47.784
2014-06-26,48.615,49.275,48.56,49.075,148600,47.72
2014-06-25,50.31,50.64,50.10,50.53,128200,47.453
2014-06-24,50.76,50.81,49.92,50.25,116000,47.19
2014-06-23,50.50,51.00,50.21,50.51,120700,47.434
2014-06-20,50.96,50.96,50.35,50.50,173100,47.425
2014-06-19,51.20,51.20,50.60,50.73,102300,47.641
2014-06-18,51.12,51.29,50.73,50.75,85000,47.659
2014-06-17,51.45,51.75,50.83,51.13,94400,48.016
2014-06-16,51.61,51.74,51.30,51.35,68400,48.223
2014-06-13,51.72,52.20,51.36,51.47,93800,48.336
2014-06-12,51.31,51.93,51.31,51.61,83400,48.467
2014-06-11,51.44,51.71,51.01,51.22,116900,48.101
2014-06-10,51.82,51.82,51.37,51.41,99100,48.279
2014-06-09,52.24,52.30,51.42,51.65,59900,48.505
2014-06-06,50.90,52.10,50.78,52.05,180100,48.88
2014-06-05,50.83,51.00,50.53,50.78,99500,47.688
2014-06-04,51.50,51.50,50.66,51.00,104600,47.894
2014-06-03,52.33,52.33,51.35,51.50,122800,48.364
2014-06-02,52.00,52.34,51.66,51.95,120800,48.786
2014-05-30,51.65,51.75,51.51,51.75,115600,48.599
2014-05-29,51.50,51.62,51.40,51.62,54200,48.477
2014-05-28,51.14,51.56,51.04,51.51,121600,48.373
2014-05-27,50.68,51.22,50.44,51.10,68600,47.988
2014-05-26,50.50,50.65,50.33,50.65,25400,47.566
2014-05-23,49.675,50.52,49.515,50.27,194000,47.209
2014-05-22,49.145,49.51,48.995,49.51,76400,46.495
2014-05-21,48.78,49.16,48.405,48.95,139400,45.969
2014-05-20,49.60,49.705,48.665,48.82,148900,45.847
2014-05-19,49.30,49.95,48.99,49.835,88000,46.80
2014-05-16,49.415,49.415,48.41,49.205,98100,46.209
2014-05-15,49.10,49.565,48.98,49.20,107500,46.204
2014-05-14,49.975,49.99,49.355,49.415,63700,46.406
2014-05-13,50.00,50.14,49.42,49.715,80800,46.688
2014-05-12,49.89,49.90,49.54,49.90,96900,46.861
2014-05-09,49.095,49.95,48.33,49.775,329100,46.744
2014-05-08,48.16,49.545,48.005,49.28,161400,46.279
2014-05-07,48.16,48.27,47.95,48.16,129200,45.227
2014-05-06,48.035,48.175,47.615,48.16,126500,45.227
2014-05-05,48.10,48.12,47.345,47.66,43700,44.758
2014-05-02,48.26,48.60,48.015,48.105,61000,45.176
2014-05-01,48.08,48.08,48.08,48.08,000,45.152
2014-04-30,48.19,48.48,47.875,48.08,86100,45.152
2014-04-29,48.305,48.32,48.125,48.125,120200,45.194
2014-04-28,48.17,48.38,48.095,48.19,71300,45.255
2014-04-25,48.00,48.315,47.98,48.145,82100,45.213
2014-04-24,48.30,48.32,48.00,48.305,98400,45.363
2014-04-23,48.32,48.49,47.86,47.98,104800,45.058
2014-04-22,48.285,48.40,48.075,48.25,94700,45.312
2014-04-21,48.20,48.20,48.20,48.20,000,45.265
2014-04-18,48.20,48.20,48.20,48.20,000,45.265
2014-04-17,48.41,48.41,47.895,48.20,75800,45.265
2014-04-16,48.00,48.19,47.745,48.10,77900,45.171
2014-04-15,47.00,47.90,46.875,47.72,208500,44.814
2014-04-14,46.645,47.10,46.375,46.93,103200,44.072
2014-04-11,47.22,47.625,46.935,47.045,170700,44.18
2014-04-10,46.40,48.315,46.10,47.79,195300,44.88
2014-04-09,48.65,48.80,47.85,48.38,222800,45.434
2014-04-08,48.06,48.305,47.585,48.305,440600,45.363
2014-04-07,47.69,48.64,47.485,48.24,200200,45.302
2014-04-04,48.30,48.50,48.23,48.365,108400,45.42
2014-04-03,48.00,48.59,47.83,48.50,134000,45.547
2014-04-02,47.90,48.13,47.745,48.00,139000,45.077
2014-04-01,47.67,47.90,47.64,47.825,101600,44.913
2014-03-31,47.45,47.61,47.185,47.61,166400,44.711
2014-03-28,46.645,47.73,46.50,47.08,93000,44.213
2014-03-27,45.97,46.59,45.95,46.45,88100,43.621
2014-03-26,46.48,46.495,45.73,46.17,113300,43.358
2014-03-25,45.365,46.355,45.365,46.28,108500,43.462
2014-03-24,45.50,45.525,44.89,45.13,119500,42.382
2014-03-21,46.00,46.13,45.32,45.60,397900,42.823
2014-03-20,46.365,46.39,45.475,45.95,219200,43.152
2014-03-19,45.445,46.68,45.445,46.45,166700,43.621
2014-03-18,45.38,45.92,44.90,45.65,83900,42.87
2014-03-17,44.365,45.435,44.325,45.095,66300,42.349
2014-03-14,44.00,44.50,43.80,44.40,130500,41.696
2014-03-13,45.425,45.425,44.92,44.92,63000,42.185
2014-03-12,45.93,45.955,45.16,45.16,92900,42.41
2014-03-11,46.23,46.23,45.785,45.945,81100,43.147
2014-03-10,45.98,46.50,45.675,46.025,91700,43.222
2014-03-07,46.32,46.385,45.825,45.98,52000,43.18
2014-03-06,46.51,46.55,46.06,46.18,71100,43.368
2014-03-05,46.225,46.61,45.925,46.08,115400,43.274
2014-03-04,46.835,46.985,46.50,46.50,71300,43.668
2014-03-03,46.80,46.80,46.20,46.595,123500,43.758
2014-02-28,46.445,47.10,46.09,47.10,369500,44.232
2014-02-27,46.35,46.515,45.98,46.30,90900,43.48
2014-02-26,46.20,46.775,46.20,46.53,115100,43.696
2014-02-25,46.00,46.48,45.83,46.38,111800,43.556
2014-02-24,45.90,46.115,45.655,45.89,110400,43.095
2014-02-21,45.80,45.90,45.48,45.90,174500,43.105
2014-02-20,45.15,45.75,45.15,45.75,69100,42.964
2014-02-19,45.12,45.80,45.12,45.555,124400,42.781
2014-02-18,44.99,45.20,44.89,45.15,67100,42.401
2014-02-17,44.705,45.00,44.645,44.985,74400,42.246
2014-02-14,44.74,45.145,44.74,44.815,112700,42.086
2014-02-13,44.75,44.90,44.37,44.90,108800,42.166
2014-02-12,44.50,44.69,44.275,44.545,77300,41.832
2014-02-11,43.81,44.635,43.735,44.60,165400,41.884
2014-02-10,44.36,44.40,43.755,43.82,97300,41.152
2014-02-07,43.58,44.495,43.525,44.15,165400,41.461
2014-02-06,43.33,43.64,43.00,43.485,68600,40.837
2014-02-05,43.00,43.12,42.665,43.02,144400,40.40
2014-02-04,43.62,43.66,42.95,42.95,171000,40.334
2014-02-03,43.82,44.48,43.82,43.96,139600,41.283
2014-01-31,44.45,44.475,43.585,44.145,107500,41.457
2014-01-30,44.20,44.75,44.10,44.40,1153400,41.696
2014-01-29,44.20,44.27,43.685,44.095,254000,41.41
2014-01-28,43.84,44.19,43.555,44.00,152700,41.321
2014-01-27,43.97,43.98,43.28,43.60,196400,40.945
2014-01-24,43.50,43.79,43.26,43.79,300200,41.123
2014-01-23,42.80,43.59,42.77,43.35,1028700,40.71
2014-01-22,44.00,44.00,43.525,43.80,43100,41.133
2014-01-21,44.125,44.23,43.90,44.00,50900,41.321
2014-01-20,44.52,44.695,43.93,44.06,56100,41.377
2014-01-17,43.90,44.40,43.90,44.295,75900,41.598
2014-01-16,43.90,44.00,43.83,43.95,119600,41.274
2014-01-15,44.00,44.00,43.775,43.85,87800,41.18
2014-01-14,43.70,43.95,43.56,43.85,81300,41.18
2014-01-13,43.95,44.10,43.835,43.90,26900,41.227
2014-01-10,43.90,43.91,43.685,43.90,107900,41.227
2014-01-09,43.69,43.935,43.49,43.75,64400,41.086
2014-01-08,43.15,43.57,43.15,43.56,56800,40.907
2014-01-07,43.38,43.635,43.195,43.29,68500,40.654
2014-01-06,43.13,43.605,43.02,43.395,41200,40.752
2014-01-03,43.07,43.50,42.86,43.14,71100,40.513
2014-01-02,43.00,43.025,42.785,43.00,91600,40.381
2014-01-01,42.95,42.95,42.95,42.95,000,40.334
2013-12-31,42.95,42.95,42.95,42.95,000,40.334
2013-12-30,42.93,43.00,42.665,42.95,45300,40.334
2013-12-27,42.82,43.00,42.52,42.78,50300,40.175
2013-12-26,42.97,42.97,42.97,42.97,000,40.353
2013-12-25,42.97,42.97,42.97,42.97,000,40.353
2013-12-24,42.97,42.97,42.97,42.97,000,40.353
2013-12-23,42.50,42.995,42.315,42.97,64500,40.353
2013-12-20,41.38,42.765,41.375,42.765,223000,40.161
2013-12-19,41.17,41.48,40.95,41.28,115300,38.766
2013-12-18,41.22,41.22,40.89,40.965,58600,38.47
2013-12-17,41.07,41.20,40.955,41.055,133700,38.555
2013-12-16,41.05,41.19,40.805,41.08,34000,38.578
2013-12-13,41.01,41.345,40.76,40.84,59500,38.353
2013-12-12,41.41,41.42,40.85,41.00,66900,38.503
2013-12-11,41.86,42.35,41.43,41.53,66900,39.001
2013-12-10,42.55,42.68,41.975,42.00,60700,39.442
2013-12-09,42.55,42.79,42.355,42.60,72100,40.006
2013-12-06,42.20,42.59,42.10,42.50,78000,39.912
2013-12-05,42.59,42.59,42.00,42.41,59700,39.827
2013-12-04,42.25,42.575,42.045,42.475,59800,39.888
2013-12-03,42.85,42.88,42.25,42.25,74700,39.677
2013-12-02,42.315,42.98,42.07,42.85,62600,40.241
2013-11-29,42.12,42.30,42.00,42.30,98200,39.724
2013-11-28,41.50,42.27,41.50,42.15,56300,39.583
2013-11-27,42.48,42.585,41.11,41.46,140300,38.935
2013-11-26,42.59,42.59,42.245,42.35,51000,39.771
2013-11-25,42.46,42.685,42.42,42.47,36200,39.884
2013-11-22,42.465,42.55,42.305,42.395,28600,39.813
2013-11-21,42.725,42.725,42.415,42.57,34000,39.978
2013-11-20,42.50,42.705,42.40,42.695,44100,40.095
2013-11-19,42.20,42.79,42.20,42.79,53000,40.184
2013-11-18,42.00,42.505,41.85,42.505,68800,39.917
2013-11-15,42.14,42.275,41.87,42.01,78300,39.452
2013-11-14,41.89,42.06,41.605,42.05,50600,39.489
2013-11-13,41.93,42.09,41.23,41.48,70900,38.954
2013-11-12,42.39,42.39,41.97,41.97,36100,39.414
2013-11-11,42.30,42.365,42.135,42.25,34600,39.677
2013-11-08,42.285,42.29,42.00,42.10,44100,39.536
2013-11-07,42.225,42.60,42.15,42.25,98900,39.677
2013-11-06,42.115,42.21,41.96,42.20,108600,39.63
2013-11-05,42.10,42.305,41.945,42.135,120000,39.569
2013-11-04,42.31,42.595,41.84,42.235,167000,39.663
2013-11-01,42.32,42.47,41.92,42.47,86300,39.884
2013-10-31,42.52,42.55,41.925,42.00,167900,39.442
2013-10-30,42.265,42.77,42.115,42.77,410500,40.165
2013-10-29,42.525,42.525,42.19,42.45,89000,39.865
2013-10-28,42.25,42.775,42.125,42.45,68600,39.865
2013-10-25,42.30,42.64,42.195,42.52,60500,39.931
2013-10-24,42.10,42.50,42.10,42.385,97900,39.804
2013-10-23,42.30,42.48,41.915,42.185,127900,39.616
2013-10-22,41.80,42.375,41.30,42.28,750800,39.705
2013-10-21,43.50,43.565,43.05,43.565,52500,40.912
2013-10-18,42.79,43.345,42.67,43.30,68100,40.663
2013-10-17,42.77,42.77,42.25,42.725,45400,40.123
2013-10-16,42.50,42.835,42.25,42.835,37200,40.226
2013-10-15,41.82,43.00,41.82,42.60,69900,40.006
2013-10-14,41.62,42.20,41.62,42.20,55000,39.63
2013-10-11,41.84,42.585,41.84,42.05,30600,39.489
2013-10-10,42.00,42.25,42.00,42.25,30300,39.677
2013-10-09,42.00,42.12,41.70,42.00,17000,39.442
2013-10-08,42.25,42.26,41.85,42.00,28100,39.442
2013-10-07,41.70,42.165,41.63,41.95,40700,39.395
2013-10-04,42.30,42.30,41.86,41.86,44900,39.311
2013-10-03,42.04,42.32,42.00,42.10,33800,39.536
2013-10-02,42.90,42.90,42.14,42.40,44100,39.818
2013-10-01,42.765,42.795,42.365,42.66,55700,40.062
2013-09-30,42.73,42.73,42.00,42.57,57400,39.978
2013-09-27,42.525,43.04,41.93,42.70,70100,40.10
2013-09-26,41.73,42.40,41.66,42.055,39700,39.494
2013-09-25,41.80,42.285,41.80,41.85,34100,39.301
2013-09-24,43.30,43.30,42.045,42.30,88800,39.724
2013-09-23,43.20,43.365,42.41,43.315,162700,40.677
2013-09-20,40.95,44.655,40.95,44.655,314700,41.936
2013-09-19,40.50,41.50,40.50,41.32,62700,38.804
2013-09-18,40.60,40.725,40.20,40.49,63400,38.024
2013-09-17,41.055,41.19,40.685,40.745,48500,38.264
2013-09-16,41.475,41.595,40.90,41.20,25800,38.691
2013-09-13,41.40,41.735,40.65,41.06,34300,38.56
2013-09-12,41.78,41.78,41.275,41.45,27400,38.926
2013-09-11,41.78,41.78,41.17,41.40,32100,38.879
2013-09-10,41.50,42.00,41.45,41.47,37500,38.945
2013-09-09,42.00,42.285,41.25,41.415,48500,38.893
2013-09-06,42.185,42.385,41.82,42.05,27800,39.489
2013-09-05,42.14,42.485,41.98,42.31,49200,39.733
2013-09-04,42.37,42.37,41.60,41.925,33800,39.372
2013-09-03,42.525,42.525,41.80,41.925,103800,39.372
2013-09-02,41.44,41.715,40.775,41.60,29800,39.067
2013-08-30,40.535,41.435,40.505,40.69,88700,38.212
2013-08-29,40.25,40.485,40.02,40.28,59100,37.827
2013-08-28,41.19,41.19,40.035,40.26,55100,37.808
2013-08-27,41.50,41.57,40.60,40.845,75000,38.358
2013-08-26,41.50,41.76,41.095,41.50,30000,38.973
2013-08-23,41.35,41.815,41.35,41.42,60800,38.898
2013-08-22,41.92,42.00,41.60,41.70,28900,39.161
2013-08-21,41.895,42.185,41.795,41.815,41700,39.269
2013-08-20,42.40,42.94,41.50,42.25,124400,39.677
2013-08-19,41.495,41.97,41.275,41.915,50500,39.363
2013-08-16,41.14,41.80,41.025,41.38,114800,38.86
2013-08-15,41.03,41.64,40.645,40.815,78400,38.33
2013-08-14,40.635,41.59,40.635,41.00,69300,38.503
2013-08-13,40.53,41.25,40.50,40.995,48300,38.499
2013-08-12,40.77,40.77,39.595,40.18,32500,37.733
2013-08-09,40.325,41.20,40.175,40.775,44000,38.292
2013-08-08,40.20,40.76,39.545,40.59,60100,38.118
2013-08-07,39.23,40.105,39.23,40.00,41400,37.564
2013-08-06,39.75,40.305,39.38,39.41,87200,37.01
2013-08-05,38.97,39.59,38.68,39.35,60000,36.954
2013-08-02,39.52,39.59,38.765,38.945,47600,36.573
2013-08-01,38.00,39.45,37.94,39.45,117100,37.048
2013-07-31,38.66,38.66,37.665,37.80,52000,35.498
2013-07-30,38.37,38.46,38.115,38.32,31600,35.986
2013-07-29,38.42,38.60,38.20,38.24,20200,35.911
2013-07-26,38.50,38.65,38.20,38.40,24500,36.062
2013-07-25,38.49,38.49,38.165,38.25,21500,35.921
2013-07-24,38.46,39.00,38.125,38.315,34700,35.982
2013-07-23,38.20,38.68,38.20,38.40,29200,36.062
2013-07-22,38.66,39.195,38.015,38.15,126100,35.827
2013-07-19,39.00,39.74,39.00,39.095,58400,36.714
2013-07-18,39.60,39.655,38.89,39.00,99600,36.625
2013-07-17,39.55,39.585,39.10,39.26,75900,36.869
2013-07-16,39.65,39.755,39.255,39.255,67600,36.865
2013-07-15,39.775,40.325,39.325,39.55,45300,37.142
2013-07-12,39.715,40.29,39.305,39.60,46100,37.188
2013-07-11,38.94,39.905,38.925,39.50,58500,37.095
2013-07-10,39.40,39.585,38.51,38.60,113200,36.249
2013-07-09,39.90,39.90,39.155,39.40,81600,37.001
2013-07-08,39.90,39.95,39.49,39.615,30800,37.203
