Date,Open,High,Low,Close,Volume,Adj Close
2016-10-27,41.89,42.14,41.36,41.535,126700,41.535
2016-10-26,42.50,42.685,41.05,41.89,350000,41.89
2016-10-25,45.375,45.425,44.695,44.845,45500,44.845
2016-10-24,45.255,45.735,45.12,45.21,77700,45.21
2016-10-21,44.595,45.15,44.56,45.005,71900,45.005
2016-10-20,45.165,45.165,44.38,44.55,42600,44.55
2016-10-19,44.645,44.94,44.385,44.94,47800,44.94
2016-10-18,44.45,45.12,44.345,44.58,57800,44.58
2016-10-17,43.12,44.445,42.90,44.21,59100,44.21
2016-10-14,43.485,43.61,42.99,43.16,85100,43.16
2016-10-13,44.145,44.30,42.94,43.06,58900,43.06
2016-10-12,44.90,45.15,44.33,44.44,20600,44.44
2016-10-11,45.065,45.25,44.825,44.865,35400,44.865
2016-10-10,45.30,45.30,44.94,45.025,22500,45.025
2016-10-07,45.32,45.685,44.885,44.92,53900,44.92
2016-10-06,45.88,46.085,45.415,45.45,53500,45.45
2016-10-05,46.08,46.21,45.775,45.85,39200,45.85
2016-10-04,45.51,46.835,45.34,46.40,55400,46.40
2016-10-03,45.80,45.80,45.80,45.80,000,45.80
2016-09-30,45.77,46.485,45.705,45.80,108100,45.80
2016-09-29,46.905,47.03,46.10,46.295,36500,46.295
2016-09-28,46.50,47.305,46.32,46.415,47300,46.415
2016-09-27,46.865,46.865,45.825,46.215,30000,46.215
2016-09-26,46.51,46.99,46.355,46.755,51000,46.755
2016-09-23,46.46,46.935,46.10,46.85,62800,46.85
2016-09-22,46.77,47.55,46.77,47.285,94400,47.285
2016-09-21,46.955,47.10,46.445,46.48,61700,46.48
2016-09-20,47.00,47.165,46.655,46.655,25600,46.655
2016-09-19,46.91,47.015,46.72,47.00,29300,47.00
2016-09-16,46.845,47.00,46.385,46.705,43600,46.705
2016-09-15,46.79,46.955,45.985,46.86,48500,46.86
2016-09-14,47.26,47.32,46.83,46.96,27400,46.96
2016-09-13,46.725,47.405,46.29,46.75,38900,46.75
2016-09-12,46.515,47.045,45.48,46.97,64300,46.97
2016-09-09,47.615,47.71,46.935,47.08,27500,47.08
2016-09-08,48.00,48.13,46.94,47.635,56700,47.635
2016-09-07,48.345,48.425,47.92,48.135,22900,48.135
2016-09-06,48.18,48.45,47.99,48.35,58100,48.35
2016-09-05,47.835,48.35,47.835,48.125,22600,48.125
2016-09-02,48.125,48.21,47.505,48.15,33100,48.15
2016-09-01,47.73,48.18,47.705,48.06,75800,48.06
2016-08-31,47.905,48.405,47.875,48.00,52300,48.00
2016-08-30,48.44,48.625,48.065,48.345,41600,48.345
2016-08-29,48.05,48.38,47.59,48.31,18200,48.31
2016-08-26,48.09,48.395,47.65,48.245,37400,48.245
2016-08-25,48.555,48.61,47.72,48.20,54500,48.20
2016-08-24,48.52,48.69,48.10,48.69,38700,48.69
2016-08-23,48.20,48.555,47.98,48.29,29800,48.29
2016-08-22,48.17,48.88,47.815,47.995,42900,47.995
2016-08-19,48.72,48.72,48.08,48.17,32800,48.17
2016-08-18,48.26,49.095,48.26,48.80,29500,48.80
2016-08-17,48.59,48.81,48.20,48.20,70600,48.20
2016-08-16,49.32,49.70,48.77,48.805,70800,48.805
2016-08-15,49.60,49.91,49.435,49.68,71000,49.68
2016-08-12,49.80,49.875,49.41,49.57,68600,49.57
2016-08-11,50.60,50.91,49.65,49.825,91200,49.825
2016-08-10,50.30,50.79,49.86,50.64,86400,50.64
2016-08-09,48.82,50.27,48.82,50.23,59500,50.23
2016-08-08,48.755,49.23,48.45,48.815,48700,48.815
2016-08-05,47.07,48.84,47.07,48.74,101000,48.74
2016-08-04,45.975,47.045,45.895,46.805,56400,46.805
2016-08-03,46.05,46.595,45.35,45.54,53100,45.54
2016-08-02,46.555,46.555,45.65,45.93,50700,45.93
2016-08-01,46.545,47.33,46.50,46.50,52200,46.50
2016-07-29,47.23,47.315,46.40,46.485,64000,46.485
2016-07-28,47.585,47.88,47.19,47.20,37100,47.20
2016-07-27,46.70,47.65,46.69,47.505,75800,47.505
2016-07-26,46.30,47.75,46.30,46.61,115800,46.61
2016-07-25,45.45,46.155,45.265,45.84,59900,45.84
2016-07-22,45.02,45.60,44.87,45.245,31800,45.245
2016-07-21,45.34,45.34,44.73,45.04,39800,45.04
2016-07-20,45.30,45.41,44.955,45.00,51600,45.00
2016-07-19,44.87,45.185,44.69,45.03,32100,45.03
2016-07-18,44.70,45.72,44.70,44.915,46000,44.915
2016-07-15,44.835,44.835,44.28,44.655,23600,44.655
2016-07-14,44.99,44.99,44.305,44.765,51500,44.765
2016-07-13,44.505,44.845,44.36,44.425,30300,44.425
2016-07-12,44.20,44.64,44.135,44.425,81100,44.425
2016-07-11,43.97,44.44,43.81,44.115,90200,44.115
2016-07-08,42.15,43.72,42.045,43.44,53300,43.44
2016-07-07,41.075,42.315,40.94,42.085,54000,42.085
2016-07-06,41.075,41.27,39.965,40.73,74300,40.73
2016-07-05,42.07,42.245,41.09,41.315,93600,41.315
2016-07-04,42.88,42.88,42.14,42.42,30500,42.42
2016-07-01,43.115,43.115,42.395,42.62,64900,42.62
2016-06-30,43.21,43.43,42.415,42.515,66900,42.515
2016-06-29,42.80,43.555,42.325,42.985,79500,42.985
2016-06-28,44.49,44.49,42.265,42.35,85900,42.35
2016-06-27,44.765,44.97,42.03,42.03,151500,42.03
2016-06-24,41.50,44.925,41.355,44.75,125000,44.75
2016-06-23,45.285,45.645,44.70,45.185,25900,45.185
2016-06-22,45.21,45.21,44.425,44.875,37800,44.875
2016-06-21,44.975,45.35,44.435,44.69,61600,44.69
2016-06-20,44.68,45.295,44.55,45.155,56300,45.155
2016-06-17,43.02,44.82,42.805,44.205,215100,44.205
2016-06-16,42.00,42.11,41.35,41.505,76900,41.505
2016-06-15,42.57,42.865,42.135,42.135,51900,42.135
2016-06-14,42.315,42.58,42.00,42.11,62300,42.11
2016-06-13,43.05,43.20,42.42,42.755,63400,42.755
2016-06-10,44.75,44.79,43.05,43.41,46800,43.41
2016-06-09,45.145,45.145,44.40,44.70,37000,44.70
2016-06-08,44.78,45.045,44.545,44.88,49200,44.88
2016-06-07,44.06,45.21,44.06,44.785,44100,44.785
2016-06-06,44.00,44.255,43.64,44.085,29400,44.085
2016-06-03,43.20,44.755,43.20,43.945,96600,43.945
2016-06-02,44.50,44.77,44.20,44.20,65200,43.30
2016-06-01,44.68,45.01,44.37,44.54,38100,43.633
2016-05-31,45.20,45.31,44.64,44.64,76600,43.731
2016-05-30,45.43,45.475,44.96,45.095,50400,44.177
2016-05-27,45.91,45.91,44.82,44.965,58300,44.049
2016-05-26,46.25,46.50,45.835,45.91,53300,44.975
2016-05-25,45.50,46.18,45.28,45.875,102300,44.941
2016-05-24,44.785,44.96,44.20,44.795,62200,43.883
2016-05-23,44.75,45.00,44.50,44.585,39600,43.677
2016-05-20,44.10,44.96,44.02,44.765,35800,43.853
2016-05-19,44.86,44.86,43.48,44.09,58300,43.192
2016-05-18,44.655,45.05,44.53,45.015,38000,44.098
2016-05-17,45.81,46.12,44.57,45.265,43900,44.343
2016-05-16,45.675,45.675,45.675,45.675,000,44.745
2016-05-13,44.45,45.775,44.45,45.675,44300,44.745
2016-05-12,45.345,45.90,44.76,44.80,52900,43.888
2016-05-11,45.40,45.86,45.33,45.63,38300,44.701
2016-05-10,45.775,46.125,45.35,45.70,46800,44.769
2016-05-09,46.695,46.695,45.715,45.87,46300,44.936
2016-05-06,45.24,46.34,45.24,46.18,47500,45.24
2016-05-05,45.00,45.735,44.98,45.35,34900,44.427
2016-05-04,45.99,45.99,44.875,44.875,79200,43.961
2016-05-03,45.83,45.96,45.225,45.66,62500,44.73
2016-05-02,45.365,46.07,44.935,45.74,30600,44.809
2016-04-29,46.64,46.905,44.895,44.91,83600,43.996
2016-04-28,47.10,47.335,46.50,46.885,52500,45.93
2016-04-27,47.30,47.825,47.20,47.37,26600,46.405
2016-04-26,48.535,48.66,47.29,47.39,39700,46.425
2016-04-25,47.70,48.50,47.70,47.945,53000,46.969
2016-04-22,48.225,48.225,47.475,47.78,29800,46.807
2016-04-21,48.62,48.87,47.565,48.12,36800,47.14
2016-04-20,48.855,49.18,48.215,48.615,24500,47.625
2016-04-19,47.89,48.945,47.565,48.855,56400,47.86
2016-04-18,46.705,48.03,46.34,47.695,37800,46.724
2016-04-15,47.465,47.595,46.78,47.17,40200,46.21
2016-04-14,48.045,48.095,47.625,47.885,27500,46.91
2016-04-13,46.93,48.015,46.93,47.86,34400,46.885
2016-04-12,47.04,47.235,45.96,46.695,52700,45.744
2016-04-11,47.35,47.435,46.665,47.075,32500,46.116
2016-04-08,46.70,48.00,46.70,47.305,48200,46.342
2016-04-07,47.045,47.425,46.295,46.535,31700,45.587
2016-04-06,47.65,47.70,46.635,47.29,52300,46.327
2016-04-05,49.065,49.065,47.415,47.695,33800,46.724
2016-04-04,49.185,50.15,48.73,49.415,73400,48.409
2016-04-01,48.615,49.225,48.465,49.07,48500,48.071
2016-03-31,48.005,49.515,47.81,49.23,110800,48.228
2016-03-30,47.615,49.37,47.615,48.625,91700,47.635
2016-03-29,47.235,48.135,46.80,47.76,91700,46.788
2016-03-28,47.36,47.36,47.36,47.36,000,46.396
2016-03-25,47.36,47.36,47.36,47.36,000,46.396
2016-03-24,48.50,48.505,45.80,47.36,111100,46.396
2016-03-23,50.50,50.92,48.13,48.72,95000,47.728
2016-03-22,48.50,50.15,47.60,50.06,71400,49.041
2016-03-21,49.14,49.85,48.38,48.575,47500,47.586
2016-03-18,49.95,49.98,49.03,49.695,103200,48.683
2016-03-17,49.00,49.79,48.13,49.57,47600,48.561
2016-03-16,48.905,48.99,48.45,48.655,42500,47.664
2016-03-15,48.39,48.635,48.03,48.565,47800,47.576
2016-03-14,48.215,49.00,48.05,48.60,31300,47.61
2016-03-11,48.11,48.34,47.64,47.89,32100,46.915
2016-03-10,47.27,48.55,47.025,47.175,70000,46.214
2016-03-09,47.50,47.965,47.18,47.55,51600,46.582
2016-03-08,48.855,48.855,47.465,47.575,38000,46.606
2016-03-07,49.305,49.665,48.91,49.18,38200,48.179
2016-03-04,48.725,49.50,48.32,49.36,34700,47.473
2016-03-03,47.28,48.39,47.12,48.235,76500,46.391
2016-03-02,48.41,48.75,46.98,47.405,78300,45.593
2016-03-01,47.855,48.19,47.685,47.83,85600,46.002
2016-02-29,46.90,47.87,46.46,47.83,100500,46.002
2016-02-26,46.73,48.15,46.66,46.975,65400,45.179
2016-02-25,46.46,46.92,45.895,46.255,53100,44.487
2016-02-24,46.98,46.98,46.005,46.185,46000,44.42
2016-02-23,46.89,47.165,46.53,46.87,36200,45.078
2016-02-22,46.155,47.275,46.07,47.00,98300,45.203
2016-02-19,47.295,47.585,45.39,45.57,140300,43.828
2016-02-18,46.60,48.395,45.91,47.48,116600,45.665
2016-02-17,43.98,45.00,43.83,44.705,75500,42.996
2016-02-16,45.06,45.34,43.44,43.975,87500,42.294
2016-02-15,43.85,44.845,43.85,44.385,78200,42.688
2016-02-12,41.70,42.805,41.225,42.565,84500,40.938
2016-02-11,41.72,41.72,40.445,40.82,82200,39.26
2016-02-10,41.33,42.50,40.615,41.98,64800,40.375
2016-02-09,40.69,41.015,39.895,40.67,95400,39.115
2016-02-08,42.36,43.045,40.67,40.805,98600,39.245
2016-02-05,43.125,43.82,42.47,42.47,129400,40.847
2016-02-04,44.38,44.38,42.525,43.17,70000,41.52
2016-02-03,44.98,45.11,43.35,43.75,69700,42.078
2016-02-02,46.27,46.50,45.33,45.51,39700,43.77
2016-02-01,46.595,46.915,46.055,46.56,47600,44.78
2016-01-29,46.29,46.335,45.44,46.05,44500,44.29
2016-01-28,46.55,47.365,45.29,45.515,36600,43.775
2016-01-27,46.865,47.695,46.45,46.93,37900,45.136
2016-01-26,46.715,47.48,46.07,47.245,37100,45.439
2016-01-25,47.425,47.595,46.75,47.00,35000,45.203
2016-01-22,46.565,47.195,46.245,47.035,67100,45.237
2016-01-21,44.75,45.675,44.295,45.30,134000,43.568
2016-01-20,44.12,45.445,44.00,44.50,88700,42.799
2016-01-19,46.00,46.63,45.425,46.00,56100,44.242
2016-01-18,46.06,46.455,44.825,45.195,67700,43.467
2016-01-15,47.71,47.87,45.76,46.00,65900,44.242
2016-01-14,48.59,48.59,47.03,47.425,32700,45.612
2016-01-13,49.00,50.62,48.825,48.90,74300,47.031
2016-01-12,46.77,48.945,46.64,48.695,54300,46.834
2016-01-11,47.49,48.05,46.80,46.84,53200,45.05
2016-01-08,48.68,49.00,47.30,47.355,94100,45.545
2016-01-07,48.81,49.005,47.20,48.53,103300,46.675
2016-01-06,50.75,50.75,48.73,49.745,71300,47.844
2016-01-05,50.60,51.54,50.10,50.76,99400,48.82
2016-01-04,50.52,50.73,49.615,50.40,74800,48.474
2016-01-01,51.15,51.15,51.15,51.15,000,49.195
2015-12-31,51.15,51.15,51.15,51.15,000,49.195
2015-12-30,51.89,51.89,50.81,51.15,22600,49.195
2015-12-29,50.82,51.81,50.75,51.81,35000,49.83
2015-12-28,50.27,50.58,50.04,50.35,25200,48.425
2015-12-25,50.29,50.29,50.29,50.29,000,48.368
2015-12-24,50.29,50.29,50.29,50.29,000,48.368
2015-12-23,49.80,50.49,49.80,50.29,26500,48.368
2015-12-22,49.95,49.96,49.03,49.505,49800,47.613
2015-12-21,49.685,50.18,49.36,49.36,54300,47.473
2015-12-18,49.95,50.01,49.50,49.855,72000,47.949
2015-12-17,50.91,51.43,49.94,50.21,64100,48.291
2015-12-16,49.425,50.48,49.075,49.915,55900,48.007
2015-12-15,48.285,49.395,48.205,49.035,62500,47.161
2015-12-14,48.92,49.09,47.96,48.245,38400,46.401
2015-12-11,49.945,49.945,48.755,49.045,44200,47.17
2015-12-10,49.75,50.08,49.355,49.97,43800,48.06
2015-12-09,50.12,50.37,49.305,49.90,63400,47.993
2015-12-08,52.23,52.50,49.655,50.17,80600,48.252
2015-12-07,51.68,53.30,51.48,52.14,63200,50.147
2015-12-04,51.25,51.65,50.67,51.27,79800,49.31
2015-12-03,52.00,52.31,50.63,51.21,65500,49.253
2015-12-02,52.76,53.00,51.74,52.05,66200,50.06
2015-12-01,52.17,52.86,51.89,52.62,74900,50.609
2015-11-30,50.90,51.79,50.71,51.73,58900,49.753
2015-11-27,50.82,51.33,50.72,51.20,24200,49.243
2015-11-26,51.10,52.24,50.85,51.45,68000,49.483
2015-11-25,50.10,51.24,49.85,50.73,64900,48.791
2015-11-24,50.66,50.67,49.455,49.75,67300,47.848
2015-11-23,50.85,51.26,50.51,50.66,38000,48.724
2015-11-20,50.67,51.40,50.60,50.99,77200,49.041
2015-11-19,50.15,51.55,50.09,50.74,70000,48.801
2015-11-18,50.09,50.13,49.64,49.815,31500,47.911
2015-11-17,49.70,50.58,49.345,50.23,62500,48.31
2015-11-16,48.875,49.485,48.315,49.20,59900,47.319
2015-11-13,48.815,49.18,48.43,48.985,62400,47.113
2015-11-12,49.26,49.31,48.10,48.75,62700,46.887
2015-11-11,49.24,49.50,48.87,49.245,74400,47.363
2015-11-10,48.90,49.345,48.54,49.10,136100,47.223
2015-11-09,49.15,49.44,48.495,48.82,61900,46.954
2015-11-06,48.25,49.26,47.565,49.145,214600,47.266
2015-11-05,48.21,48.73,47.215,47.945,133300,46.112
2015-11-04,47.205,49.98,46.57,48.89,194100,47.021
2015-11-03,47.235,47.235,46.275,46.315,57700,44.545
2015-11-02,45.935,47.17,45.935,46.92,67000,45.127
2015-10-30,47.395,47.395,46.315,46.665,55700,44.881
2015-10-29,47.00,47.025,46.57,47.025,28200,45.228
2015-10-28,46.155,46.915,45.66,46.60,61200,44.819
2015-10-27,46.10,46.60,45.735,45.97,59900,44.213
2015-10-26,46.00,46.49,45.69,46.345,64300,44.574
2015-10-23,45.74,46.55,45.54,45.935,46900,44.179
2015-10-22,44.995,45.95,43.74,44.91,122500,43.193
2015-10-21,44.69,45.42,44.31,44.915,113200,43.198
2015-10-20,43.335,44.475,43.095,44.20,88700,42.51
2015-10-19,42.975,43.325,42.895,43.00,51800,41.356
2015-10-16,44.02,44.02,42.765,42.84,136400,41.202
2015-10-15,43.60,44.33,43.485,44.20,101400,42.51
2015-10-14,44.245,44.27,43.37,43.425,145700,41.765
2015-10-13,47.49,47.49,44.255,44.695,206500,42.987
2015-10-12,47.27,48.31,47.27,48.02,108800,46.184
2015-10-09,47.45,47.94,47.235,47.46,78300,45.646
2015-10-08,46.765,47.14,46.50,47.00,58200,45.203
2015-10-07,46.265,46.98,46.09,46.51,63500,44.732
2015-10-06,44.96,45.785,44.83,45.61,58200,43.867
2015-10-05,44.80,45.30,44.79,44.89,88100,43.174
2015-10-02,44.24,45.06,43.605,44.59,145100,42.886
2015-10-01,43.905,45.545,43.57,44.00,84900,42.318
2015-09-30,43.24,44.02,43.24,43.925,93300,42.246
2015-09-29,43.535,44.32,42.88,42.98,133100,41.337
2015-09-28,44.75,44.785,43.945,44.26,75000,42.568
2015-09-25,44.66,45.32,44.58,44.75,53000,43.039
2015-09-24,45.44,45.705,44.025,44.225,57800,42.535
2015-09-23,43.50,45.555,43.30,45.50,133400,43.761
2015-09-22,45.915,45.915,43.565,43.68,103100,42.01
2015-09-21,45.805,45.805,44.395,45.50,95200,43.761
2015-09-18,46.09,46.285,45.00,45.805,76000,44.054
2015-09-17,46.52,46.595,46.035,46.44,29400,44.665
2015-09-16,46.19,47.70,46.00,46.645,96300,44.862
2015-09-15,45.00,45.80,44.19,45.555,48600,43.814
2015-09-14,45.015,45.32,44.57,44.77,46600,43.059
2015-09-11,45.62,45.77,44.67,44.88,37600,43.165
2015-09-10,45.57,45.87,45.305,45.70,50400,43.953
2015-09-09,45.31,45.92,45.21,45.75,100200,44.001
2015-09-08,43.595,45.225,43.595,44.73,115100,43.02
2015-09-07,43.395,43.86,42.77,43.555,129700,41.89
2015-09-04,44.365,44.48,43.12,43.27,59100,41.616
2015-09-03,43.93,44.895,43.605,44.67,51500,42.963
2015-09-02,43.67,43.97,43.14,43.295,49500,41.64
2015-09-01,42.985,43.37,42.80,43.33,69000,41.674
2015-08-31,43.90,44.175,43.305,43.94,40700,42.26
2015-08-28,43.80,44.06,42.945,44.06,89200,42.376
2015-08-27,42.835,43.79,42.70,43.52,84000,41.856
2015-08-26,42.07,43.03,41.875,42.16,126500,40.548
2015-08-25,41.84,43.49,41.595,42.69,155400,41.058
2015-08-24,41.50,42.055,40.05,41.50,169400,39.914
2015-08-21,42.00,43.655,42.00,42.695,92800,41.063
2015-08-20,44.93,44.995,43.20,43.545,88900,41.881
2015-08-19,45.50,45.62,44.95,45.035,76300,43.314
2015-08-18,46.33,46.33,45.595,45.755,91100,44.006
2015-08-17,46.33,46.50,45.735,46.205,62400,44.439
2015-08-14,46.02,46.40,45.74,46.00,72700,44.242
2015-08-13,46.11,46.70,45.80,45.98,90700,44.222
2015-08-12,47.53,47.53,45.57,45.71,58300,43.963
2015-08-11,48.425,48.465,47.325,47.44,46500,45.627
2015-08-10,48.52,48.685,47.69,48.365,36400,46.516
2015-08-07,47.735,48.685,47.66,48.06,72000,46.223
2015-08-06,47.60,48.425,47.435,48.065,107000,46.228
2015-08-05,45.85,47.68,45.85,47.55,102900,45.732
2015-08-04,45.65,45.685,45.045,45.325,93600,43.592
2015-08-03,44.115,45.97,44.035,45.58,129600,43.838
2015-07-31,44.34,44.375,43.47,44.06,76200,42.376
2015-07-30,42.67,44.06,42.355,44.02,158400,42.337
2015-07-29,42.56,42.67,42.085,42.575,69400,40.948
2015-07-28,42.10,42.31,41.50,42.255,101800,40.64
2015-07-27,42.955,42.955,41.165,41.29,100500,39.712
2015-07-24,42.80,43.385,42.695,42.84,52200,41.202
2015-07-23,43.40,43.40,42.735,42.955,53900,41.313
2015-07-22,44.10,44.10,43.10,43.40,54900,41.741
2015-07-21,44.79,44.85,44.26,44.305,77800,42.611
2015-07-20,44.655,44.85,44.29,44.54,98500,42.837
2015-07-17,44.58,44.735,44.28,44.445,81800,42.746
2015-07-16,43.91,44.455,43.79,44.34,84400,42.645
2015-07-15,43.48,43.57,43.09,43.51,62400,41.847
2015-07-14,44.155,44.185,43.13,43.40,93200,41.741
2015-07-13,44.45,44.46,43.915,44.115,99600,42.429
2015-07-10,43.90,43.90,43.15,43.75,91700,42.078
2015-07-09,42.555,43.26,42.385,42.835,102000,41.198
2015-07-08,43.295,43.295,42.325,42.325,101400,40.707
2015-07-07,44.325,44.45,43.14,43.405,71500,41.746
2015-07-06,44.40,44.71,44.00,44.22,38800,42.53
2015-07-03,44.95,45.235,44.71,44.90,35800,43.184
2015-07-02,45.68,45.91,45.095,45.095,52300,43.371
2015-07-01,45.49,46.01,44.905,45.50,147700,43.761
2015-06-30,45.59,46.10,45.345,45.345,131300,43.612
2015-06-29,45.52,46.38,45.10,45.91,77600,44.155
2015-06-26,46.62,47.25,46.51,47.03,65300,45.232
2015-06-25,47.255,47.255,46.14,46.785,93800,44.997
2015-06-24,47.84,47.84,47.025,47.255,89100,45.449
2015-06-23,46.675,47.59,46.55,47.51,76600,45.694
2015-06-22,46.75,46.785,45.85,46.135,104800,44.372
2015-06-19,45.80,46.47,45.525,45.75,132900,44.001
2015-06-18,45.90,46.085,44.72,45.935,72500,44.179
2015-06-17,46.575,46.965,45.785,45.82,79600,44.069
2015-06-16,46.01,46.90,44.815,46.70,132300,44.915
2015-06-15,46.50,47.30,46.175,46.19,171100,44.424
2015-06-12,48.045,48.22,46.74,47.115,57800,45.314
2015-06-11,47.91,48.94,47.88,48.41,98600,46.56
2015-06-10,47.00,47.85,46.675,47.805,69300,45.978
2015-06-09,45.955,46.98,45.655,46.98,96900,45.184
2015-06-08,47.075,47.225,46.02,46.24,193400,44.473
2015-06-05,47.50,48.345,46.50,47.205,151400,45.401
2015-06-04,48.145,49.345,47.655,47.93,215400,46.098
2015-06-03,48.12,48.735,47.50,48.345,220600,46.497
2015-06-02,48.895,49.14,47.855,48.125,178800,46.285
2015-06-01,48.70,49.185,48.15,48.765,92600,46.901
2015-05-29,49.635,49.635,48.65,48.825,66700,46.959
2015-05-28,49.51,50.05,49.11,49.41,63700,47.521
2015-05-27,49.175,50.16,49.04,49.88,68400,47.973
2015-05-26,50.31,50.49,48.545,48.885,62000,47.016
2015-05-25,50.34,50.34,50.34,50.34,000,48.416
2015-05-22,50.83,50.88,50.12,50.34,40400,48.416
2015-05-21,50.66,50.66,49.945,50.33,43100,48.406
2015-05-20,50.65,51.21,50.50,51.08,69500,48.406
2015-05-19,50.01,50.93,49.975,50.78,53300,48.122
2015-05-18,49.435,50.02,49.35,49.845,61200,47.236
2015-05-15,48.585,49.405,48.485,49.355,49300,46.771
2015-05-14,48.28,48.805,48.005,48.665,35300,46.118
2015-05-13,48.40,49.16,48.19,48.88,83600,46.321
2015-05-12,48.02,48.27,47.01,48.01,59300,45.497
2015-05-11,48.30,48.67,48.08,48.53,55200,45.99
2015-05-08,48.41,48.51,47.715,48.355,48200,45.824
2015-05-07,47.515,47.82,46.075,47.69,76400,45.194
2015-05-06,47.71,49.14,47.345,48.085,115600,45.568
2015-05-05,48.35,49.12,47.525,47.71,67100,45.213
2015-05-04,47.80,48.745,47.395,48.585,51900,46.042
2015-05-01,47.585,47.585,47.585,47.585,000,45.094
2015-04-30,47.82,48.43,47.00,47.585,98400,45.094
2015-04-29,49.11,49.75,47.625,48.02,58200,45.506
2015-04-28,50.26,50.59,48.82,49.395,57800,46.809
2015-04-27,49.85,50.73,49.60,50.53,64200,47.885
2015-04-24,49.235,50.48,49.235,49.935,101500,47.321
2015-04-23,49.44,49.825,48.59,48.755,84200,46.203
2015-04-22,50.31,50.70,49.425,49.775,53500,47.169
2015-04-21,50.50,51.24,49.835,50.02,126600,47.402
2015-04-20,49.07,50.19,49.07,50.17,61200,47.544
2015-04-17,50.12,50.12,48.785,49.17,130200,46.596
2015-04-16,50.90,50.90,50.01,50.24,77900,47.61
2015-04-15,50.70,51.37,50.47,50.81,56700,48.15
2015-04-14,50.78,51.40,50.29,50.70,57400,48.046
2015-04-13,51.62,51.91,50.95,51.07,80200,48.397
2015-04-10,50.43,51.74,50.43,51.49,121700,48.795
2015-04-09,49.15,50.58,49.15,50.58,100000,47.932
2015-04-08,49.00,49.15,48.65,49.095,102200,46.525
2015-04-07,48.80,49.185,48.60,48.91,96200,46.35
2015-04-06,48.37,48.37,48.37,48.37,000,45.838
2015-04-03,48.37,48.37,48.37,48.37,000,45.838
2015-04-02,48.355,48.71,47.925,48.37,108100,45.838
2015-04-01,46.475,48.115,46.36,48.00,80800,45.487
2015-03-31,46.575,46.965,45.90,46.865,215900,44.412
2015-03-30,46.645,47.48,45.94,46.505,177900,44.071
2015-03-27,46.845,47.605,45.725,46.285,172800,43.862
2015-03-26,46.465,46.80,44.74,46.74,224100,44.293
2015-03-25,48.02,49.55,45.155,46.785,212800,44.336
2015-03-24,46.285,47.29,46.00,47.035,69800,44.573
2015-03-23,47.00,47.00,45.815,46.355,107800,43.929
2015-03-20,46.68,47.335,46.25,46.88,130400,44.426
2015-03-19,46.59,47.05,45.98,46.495,109500,44.061
2015-03-18,47.35,47.645,45.78,46.605,178700,44.165
2015-03-17,47.70,47.70,46.08,47.00,128100,44.54
2015-03-16,47.50,47.92,47.02,47.70,88700,45.203
2015-03-13,47.75,47.835,46.86,47.225,64300,44.753
2015-03-12,47.645,47.85,46.49,47.42,113300,44.938
2015-03-11,46.40,47.605,46.40,47.39,62500,44.909
2015-03-10,46.715,46.995,45.90,46.25,44800,43.829
2015-03-09,46.855,46.98,46.005,46.685,53900,44.241
2015-03-06,46.985,47.175,46.55,46.82,44300,44.369
2015-03-05,46.715,46.985,46.085,46.665,69900,44.222
2015-03-04,46.10,46.395,45.115,46.38,98900,43.952
2015-03-03,47.205,47.205,45.645,45.74,97800,43.346
2015-03-02,47.85,48.205,46.55,47.08,116700,44.616
2015-02-27,47.00,47.735,46.73,47.735,67400,45.236
2015-02-26,46.745,47.00,46.245,46.96,157000,44.502
2015-02-25,47.56,47.61,46.605,47.095,84200,44.63
2015-02-24,47.50,47.50,46.785,47.44,86000,44.957
2015-02-23,47.20,47.86,47.185,47.455,155600,44.971
2015-02-20,46.63,47.28,46.04,46.60,137700,44.161
2015-02-19,45.395,46.505,45.12,46.50,79700,44.066
2015-02-18,45.74,45.74,44.64,45.415,101000,43.038
2015-02-17,44.00,44.445,43.365,44.22,107700,41.905
2015-02-16,43.96,44.845,43.64,44.42,110000,42.095
2015-02-13,45.70,45.70,45.32,45.435,47300,43.057
2015-02-12,44.30,45.865,44.13,45.56,106000,43.175
2015-02-11,43.20,44.195,42.34,44.13,203100,41.82
2015-02-10,45.11,45.415,44.66,45.30,76200,42.929
2015-02-09,46.115,46.43,45.19,45.34,104600,42.967
2015-02-06,46.315,46.775,46.06,46.53,85600,44.094
2015-02-05,45.245,46.405,45.02,46.30,105300,43.876
2015-02-04,45.30,45.375,44.50,45.265,34300,42.896
2015-02-03,44.195,45.53,44.195,45.14,84000,42.777
2015-02-02,44.17,44.53,43.40,44.265,75300,41.948
2015-01-30,44.00,45.89,43.765,44.05,228000,41.744
2015-01-29,42.815,44.125,42.565,44.02,108400,41.716
2015-01-28,42.21,43.325,41.93,43.035,110900,40.782
2015-01-27,41.90,42.105,41.71,41.84,94600,39.65
2015-01-26,41.45,42.045,41.38,41.95,112800,39.754
2015-01-23,41.34,42.00,41.305,41.59,110900,39.413
2015-01-22,40.69,41.20,40.20,41.00,140900,38.854
2015-01-21,41.00,41.065,40.34,40.89,60800,38.75
2015-01-20,41.17,41.39,40.86,41.04,91600,38.892
2015-01-19,41.215,41.40,40.89,41.185,115900,39.029
2015-01-16,41.72,42.17,41.085,41.19,118700,39.034
2015-01-15,41.835,42.525,41.34,41.705,199900,39.522
2015-01-14,41.055,42.23,40.835,41.61,180200,39.432
2015-01-13,40.24,41.96,40.20,41.515,100200,39.342
2015-01-12,39.775,40.795,39.49,40.43,84000,38.314
2015-01-09,39.64,39.86,39.17,39.40,48100,37.338
2015-01-08,38.945,39.625,38.795,39.585,38000,37.513
2015-01-07,39.00,39.44,38.315,38.505,49600,36.489
2015-01-06,39.25,39.30,38.53,38.825,52300,36.793
2015-01-05,38.635,39.755,38.545,39.065,51700,37.02
2015-01-02,39.55,39.78,38.79,38.88,58300,36.845
2015-01-01,39.64,39.64,39.64,39.64,000,37.565
2014-12-31,39.64,39.64,39.64,39.64,000,37.565
2014-12-30,39.435,39.79,39.35,39.64,28700,37.565
2014-12-29,39.015,39.84,39.01,39.40,44800,37.338
2014-12-26,39.35,39.35,39.35,39.35,000,37.29
2014-12-25,39.35,39.35,39.35,39.35,000,37.29
2014-12-24,39.35,39.35,39.35,39.35,000,37.29
2014-12-23,39.59,39.685,39.175,39.35,52800,37.29
2014-12-22,38.87,39.845,38.855,39.43,59500,37.366
2014-12-19,38.445,38.875,37.685,38.645,111700,36.622
2014-12-18,37.70,38.73,37.505,38.31,128500,36.305
2014-12-17,37.035,37.435,37.00,37.305,73800,35.352
2014-12-16,36.835,37.30,36.145,37.24,131500,35.291
2014-12-15,37.50,37.70,36.52,36.52,68500,34.608
2014-12-12,37.11,37.48,36.705,37.345,114800,35.39
2014-12-11,37.90,37.90,36.75,37.36,126300,35.404
2014-12-10,37.705,38.125,37.40,37.47,67900,35.509
2014-12-09,38.38,38.50,37.665,37.73,56500,35.755
2014-12-08,39.77,39.77,38.64,38.825,58500,36.793
2014-12-05,38.265,39.75,38.22,39.585,115600,37.513
2014-12-04,39.03,39.30,38.045,38.175,93500,36.177
2014-12-03,38.90,39.275,38.775,39.12,86300,37.072
2014-12-02,39.24,39.445,38.65,38.865,57200,36.831
2014-12-01,38.945,39.275,38.45,39.205,60700,37.153
2014-11-28,39.10,39.19,38.65,39.00,56400,36.959
2014-11-27,39.21,39.30,38.855,39.10,37300,37.053
2014-11-26,39.84,39.96,38.73,39.00,51300,36.959
2014-11-25,39.435,40.075,39.17,39.85,91700,37.764
2014-11-24,38.88,39.29,38.61,39.22,41400,37.167
2014-11-21,38.90,39.23,38.75,38.81,76200,36.778
2014-11-20,39.00,39.065,38.565,38.665,40800,36.641
2014-11-19,38.395,39.72,38.09,38.975,97700,36.935
2014-11-18,37.60,38.33,37.415,38.20,73200,36.20
2014-11-17,36.865,37.74,36.865,37.605,59100,35.637
2014-11-14,37.00,37.20,36.805,37.015,56900,35.077
2014-11-13,37.15,37.88,36.92,36.995,43900,35.058
2014-11-12,37.43,37.43,36.73,37.09,35600,35.148
2014-11-11,38.00,38.00,36.975,37.36,47400,35.404
2014-11-10,37.25,37.84,36.99,37.84,51100,35.859
2014-11-07,37.995,37.995,37.02,37.36,53400,35.404
2014-11-06,37.465,38.01,37.21,37.78,77100,35.802
2014-11-05,37.01,37.47,36.59,37.36,44000,35.404
2014-11-04,37.305,37.50,36.51,36.78,62100,34.855
2014-11-03,37.30,37.40,36.88,37.125,51800,35.182
2014-10-31,36.40,37.445,36.00,37.305,74200,35.352
2014-10-30,35.445,35.965,35.21,35.935,88500,34.054
2014-10-29,34.99,35.635,34.91,35.44,82800,33.585
2014-10-28,34.87,35.295,34.77,35.00,56100,33.168
2014-10-27,35.415,35.60,34.73,34.86,111500,33.035
2014-10-24,35.895,35.895,35.315,35.40,83300,33.547
2014-10-23,35.90,36.18,35.10,35.76,69000,33.888
2014-10-22,35.30,36.425,35.30,35.97,124400,34.087
2014-10-21,33.775,35.30,33.775,35.205,83500,33.362
2014-10-20,35.305,35.305,33.965,34.025,71800,32.244
2014-10-17,33.58,35.225,33.58,35.10,116400,33.263
2014-10-16,34.10,34.685,32.60,33.43,162900,31.68
2014-10-15,34.47,35.375,33.71,33.82,167100,32.05
2014-10-14,33.36,34.55,33.11,34.42,105100,32.618
2014-10-13,33.195,34.44,33.00,33.405,123000,31.656
2014-10-10,33.33,33.95,32.495,33.495,152300,31.742
2014-10-09,35.025,35.145,32.845,33.32,215800,31.576
2014-10-08,31.805,34.335,30.755,34.005,252800,32.225
2014-10-07,33.00,33.125,31.93,32.045,86200,30.368
2014-10-06,33.105,33.525,32.69,33.12,118800,31.386
2014-10-03,31.665,31.665,31.665,31.665,000,30.007
2014-10-02,32.11,32.425,31.57,31.665,62500,30.007
2014-10-01,33.10,33.28,32.16,32.19,36000,30.505
2014-09-30,33.915,33.915,32.745,33.12,77100,31.386
2014-09-29,32.45,33.845,32.45,33.77,127500,32.002
2014-09-26,32.41,32.725,32.19,32.45,91700,30.751
2014-09-25,32.535,32.89,32.535,32.57,105900,30.865
2014-09-24,33.00,33.00,32.06,32.59,101800,30.884
2014-09-23,34.57,34.65,32.82,33.00,106600,31.273
2014-09-22,34.395,34.93,34.35,34.55,84300,32.741
2014-09-19,34.355,34.60,33.855,34.40,116200,32.599
2014-09-18,34.275,34.385,34.00,34.11,63600,32.324
2014-09-17,33.83,34.39,33.665,34.205,39400,32.415
2014-09-16,34.285,34.285,33.635,33.76,68200,31.993
2014-09-15,34.05,34.415,33.91,34.365,59900,32.566
2014-09-12,34.365,34.365,33.80,34.14,63900,32.353
2014-09-11,34.315,34.575,34.08,34.15,45300,32.362
2014-09-10,35.30,35.30,34.31,34.42,59100,32.618
2014-09-09,35.605,35.88,35.345,35.38,22500,33.528
2014-09-08,35.55,35.935,35.55,35.625,49000,33.76
2014-09-05,36.00,36.20,35.555,35.62,73300,33.755
2014-09-04,36.455,36.465,35.89,36.095,62900,34.206
2014-09-03,36.745,36.745,36.305,36.445,58200,34.537
2014-09-02,36.58,36.82,36.465,36.50,55600,34.589
2014-09-01,36.45,36.95,36.255,36.455,75200,34.547
2014-08-29,37.715,37.715,36.35,36.555,68600,34.642
2014-08-28,37.85,38.095,37.295,37.64,65500,35.67
2014-08-27,37.995,38.365,37.775,37.86,29100,35.878
2014-08-26,37.75,38.285,37.50,37.92,45700,35.935
2014-08-25,38.51,38.51,37.65,37.925,24800,35.94
2014-08-22,37.95,38.10,37.62,37.845,46200,35.864
2014-08-21,37.195,38.225,36.895,37.95,72000,35.963
2014-08-20,37.585,38.28,37.255,37.32,54300,35.366
2014-08-19,34.95,37.865,34.95,37.50,264700,35.537
2014-08-18,35.215,35.465,34.85,35.05,106900,33.215
2014-08-15,35.315,35.40,34.825,34.915,54000,33.087
2014-08-14,34.91,35.36,34.82,35.13,41300,33.291
2014-08-13,35.515,35.60,35.00,35.165,71900,33.324
2014-08-12,36.185,36.475,35.44,35.44,44500,33.585
2014-08-11,35.90,36.685,35.90,36.425,34500,34.518
2014-08-08,35.09,35.705,34.935,35.545,51200,33.684
2014-08-07,35.93,35.945,35.10,35.40,155900,33.547
2014-08-06,36.20,36.31,34.75,35.325,87500,33.476
2014-08-05,37.10,37.355,36.655,36.88,39000,34.949
2014-08-04,37.075,37.245,36.415,37.00,42500,35.063
2014-08-01,36.955,37.20,35.505,37.05,91900,35.111
2014-07-31,37.84,37.84,36.61,36.925,91600,34.992
2014-07-30,38.545,38.715,37.77,37.84,38000,35.859
2014-07-29,38.47,38.63,38.085,38.16,33800,36.162
2014-07-28,38.87,38.87,37.85,38.02,37900,36.03
2014-07-25,38.595,39.165,37.435,38.52,165400,36.504
2014-07-24,39.40,39.91,38.205,38.615,123200,36.594
2014-07-23,39.55,39.84,39.30,39.475,23100,37.409
2014-07-22,39.87,39.915,39.405,39.60,25900,37.527
2014-07-21,40.27,40.27,39.25,39.705,22400,37.627
2014-07-18,39.995,40.215,39.60,40.015,16800,37.92
2014-07-17,39.99,40.67,39.905,40.195,15500,38.091
2014-07-16,40.015,40.29,39.68,40.11,24700,38.01
2014-07-15,40.70,40.87,40.09,40.155,16900,38.053
2014-07-14,39.925,40.715,39.775,40.705,31400,38.574
2014-07-11,39.735,39.925,39.69,39.755,24000,37.674
2014-07-10,39.675,39.825,39.20,39.775,35100,37.693
2014-07-09,40.92,40.92,39.515,39.845,58900,37.759
2014-07-08,41.91,41.91,40.675,40.68,25800,38.551
2014-07-07,41.945,42.06,41.41,41.49,20800,39.318
2014-07-04,42.52,42.61,41.65,41.65,26300,39.47
2014-07-03,41.405,42.37,41.14,42.37,36100,40.152
2014-07-02,41.29,41.53,40.805,41.42,22900,39.252
2014-07-01,40.45,41.22,40.45,41.22,23500,39.062
2014-06-30,40.785,40.875,40.17,40.405,46900,38.29
2014-06-27,41.00,41.21,40.39,40.64,29900,38.513
2014-06-26,40.34,41.37,40.205,40.925,42900,38.783
2014-06-25,40.57,40.735,39.71,40.15,46200,38.048
2014-06-24,40.80,41.00,40.50,40.75,20000,38.617
2014-06-23,42.24,42.285,40.80,40.80,36800,38.664
2014-06-20,40.865,42.50,40.83,41.915,135900,39.721
2014-06-19,41.235,41.74,40.50,40.78,50500,38.645
2014-06-18,40.87,41.145,40.40,40.585,40000,38.461
2014-06-17,40.25,40.75,40.00,40.56,46600,38.437
2014-06-16,40.985,40.985,39.99,40.145,13800,38.044
2014-06-13,40.515,40.945,40.00,40.91,35900,38.769
2014-06-12,40.545,40.95,40.50,40.76,49100,38.626
2014-06-11,41.65,41.70,40.555,40.605,56800,38.48
2014-06-10,41.21,41.685,40.785,41.47,42400,39.299
2014-06-09,41.455,41.455,40.705,40.985,22000,38.84
2014-06-06,40.415,41.65,40.415,41.10,82100,38.949
2014-06-05,40.75,40.795,40.47,40.60,36700,38.475
2014-06-04,40.34,40.635,40.15,40.635,35900,38.508
2014-06-03,40.63,40.80,39.985,40.16,49300,38.058
2014-06-02,40.75,41.00,40.315,40.63,55900,38.503
2014-05-30,40.00,40.305,40.00,40.005,29000,37.911
2014-05-29,40.01,40.45,39.93,40.07,32900,37.973
2014-05-28,40.285,41.225,39.99,40.06,69900,37.963
2014-05-27,38.60,40.205,38.60,40.205,92100,38.10
2014-05-26,38.50,38.92,38.50,38.65,17200,36.627
2014-05-23,38.875,38.875,38.17,38.19,45500,36.191
2014-05-22,37.88,39.13,37.88,39.015,49300,36.973
2014-05-21,38.23,38.58,37.92,38.58,51300,35.897
2014-05-20,37.935,38.41,37.935,38.00,60200,35.357
2014-05-19,38.09,38.46,37.615,37.79,74500,35.162
2014-05-16,39.825,39.865,37.93,38.01,180500,35.367
2014-05-15,38.90,39.305,38.33,38.55,129200,35.869
2014-05-14,38.72,38.89,38.175,38.765,38000,36.069
2014-05-13,37.795,38.595,37.73,38.55,43900,35.869
2014-05-12,37.54,38.135,37.54,37.66,48400,35.041
2014-05-09,38.21,38.60,37.505,37.56,45200,34.948
2014-05-08,38.22,38.64,37.92,38.355,63400,35.688
2014-05-07,37.25,39.005,36.675,38.00,150600,35.357
2014-05-06,36.92,37.365,36.485,37.145,48200,34.562
2014-05-05,37.00,37.15,35.94,36.945,47800,34.376
2014-05-02,37.66,37.765,36.975,37.02,34900,34.446
2014-05-01,37.66,37.66,37.66,37.66,000,35.041
2014-04-30,37.865,37.865,37.30,37.66,35500,35.041
2014-04-29,36.765,38.005,36.545,37.99,51000,35.348
2014-04-28,36.77,37.30,36.355,36.46,65400,33.925
2014-04-25,38.21,38.21,36.625,36.625,57900,34.078
2014-04-24,39.005,39.20,38.125,38.355,99100,35.688
2014-04-23,39.66,39.905,38.835,38.835,54200,36.134
2014-04-22,39.41,40.21,39.30,39.92,96300,37.144
2014-04-21,39.285,39.285,39.285,39.285,000,36.553
2014-04-18,39.285,39.285,39.285,39.285,000,36.553
2014-04-17,37.035,39.695,37.035,39.285,96400,36.553
2014-04-16,37.00,37.205,36.65,37.175,58100,34.59
2014-04-15,36.655,36.95,36.30,36.495,76500,33.957
2014-04-14,36.50,37.45,36.465,36.735,123800,34.18
2014-04-11,37.93,38.165,37.13,37.56,48500,34.948
2014-04-10,39.295,39.42,38.20,38.30,29900,35.637
2014-04-09,39.225,39.61,38.87,39.00,39200,36.288
2014-04-08,39.055,39.055,38.05,38.60,43900,35.916
2014-04-07,40.00,40.065,39.01,39.01,75500,36.297
2014-04-04,40.27,40.625,40.00,40.32,51700,37.516
2014-04-03,39.30,40.24,39.08,40.18,80100,37.386
2014-04-02,39.05,39.285,38.83,39.205,56700,36.479
2014-04-01,38.985,39.05,38.38,38.955,105500,36.246
2014-03-31,39.14,39.32,38.26,38.465,65700,35.79
2014-03-28,37.40,38.785,37.14,38.785,179000,36.088
2014-03-27,37.72,38.07,36.70,36.895,110200,34.329
2014-03-26,37.595,38.30,37.40,37.85,66600,35.218
2014-03-25,36.76,37.905,36.60,37.595,105400,34.981
2014-03-24,38.55,38.68,36.93,37.21,82900,34.622
2014-03-21,38.175,38.82,38.175,38.695,121200,36.004
2014-03-20,39.00,39.00,37.80,38.24,92300,35.581
2014-03-19,39.28,39.70,38.965,39.21,39700,36.483
2014-03-18,39.795,40.005,39.24,39.26,73300,36.53
2014-03-17,39.90,40.16,39.35,39.80,79500,37.032
2014-03-14,38.81,39.075,37.905,38.64,118000,35.953
2014-03-13,39.755,39.985,39.26,39.40,62000,36.66
2014-03-12,40.01,40.04,39.515,39.90,58300,37.125
2014-03-11,40.60,40.745,39.855,39.92,56600,37.144
2014-03-10,40.615,40.67,40.005,40.33,88900,37.525
2014-03-07,41.165,41.335,40.09,40.30,128600,37.498
2014-03-06,41.90,41.99,40.805,41.165,73400,38.302
2014-03-05,42.31,42.69,41.705,41.795,40200,38.889
2014-03-04,41.45,42.23,41.22,42.23,64700,39.293
2014-03-03,39.40,41.735,38.94,41.14,157000,38.279
2014-02-28,41.25,41.565,40.675,41.55,59800,38.661
2014-02-27,40.55,41.35,40.04,41.315,136200,38.442
2014-02-26,42.18,42.18,40.365,40.41,100900,37.60
2014-02-25,42.32,42.32,41.845,42.00,51800,39.079
2014-02-24,43.00,43.00,42.17,42.27,99700,39.331
2014-02-21,42.55,42.915,42.30,42.86,52200,39.88
2014-02-20,41.505,42.435,40.815,42.29,104300,39.349
2014-02-19,42.67,43.00,41.44,42.00,133800,39.079
2014-02-18,43.585,43.585,42.22,42.29,77500,39.349
2014-02-17,42.485,43.41,42.38,43.31,72600,40.298
2014-02-14,42.685,42.75,42.20,42.25,52200,39.312
2014-02-13,42.745,43.16,42.195,42.325,73000,39.382
2014-02-12,41.69,42.98,41.69,42.98,95900,39.991
2014-02-11,40.395,41.39,40.395,41.39,57000,38.512
2014-02-10,41.30,41.56,40.30,40.34,66700,37.535
2014-02-07,40.29,41.27,40.29,41.245,82700,38.377
2014-02-06,38.12,40.215,38.085,40.215,139600,37.418
2014-02-05,38.99,39.00,37.725,37.83,81400,35.199
2014-02-04,38.33,38.96,37.635,38.755,156600,36.06
2014-02-03,40.10,40.60,38.61,38.71,135100,36.018
2014-01-31,40.59,41.695,39.815,40.095,128900,37.307
2014-01-30,40.39,40.66,39.865,40.315,100700,37.511
2014-01-29,40.295,40.885,39.335,40.575,124300,37.753
2014-01-28,39.395,40.345,38.71,39.685,91800,36.925
2014-01-27,37.89,39.525,37.605,38.88,165900,36.176
2014-01-24,40.57,40.605,37.42,37.42,150600,34.818
2014-01-23,41.085,41.24,40.20,40.26,60000,37.46
2014-01-22,40.47,41.005,40.30,41.00,93300,38.149
2014-01-21,40.60,40.90,40.30,40.525,54200,37.707
2014-01-20,40.95,41.01,40.35,40.50,110800,37.684
2014-01-17,40.99,41.36,40.80,40.97,102300,38.121
2014-01-16,41.085,41.345,40.50,40.955,111300,38.107
2014-01-15,41.21,41.575,40.35,40.895,116600,38.051
2014-01-14,40.14,40.845,39.985,40.515,54000,37.698
2014-01-13,39.485,40.94,39.485,40.695,79100,37.865
2014-01-10,39.00,39.42,38.595,39.26,54900,36.53
2014-01-09,37.995,39.43,37.745,38.91,151700,36.204
2014-01-08,36.565,37.835,36.50,37.82,73900,35.19
2014-01-07,36.585,36.845,35.77,36.835,49400,34.273
2014-01-06,36.715,37.015,36.315,36.35,69000,33.822
2014-01-03,35.545,36.905,35.45,36.905,60500,34.339
2014-01-02,36.055,36.375,35.13,35.615,81200,33.138
2014-01-01,36.085,36.085,36.085,36.085,000,33.576
2013-12-31,36.085,36.085,36.085,36.085,000,33.576
2013-12-30,36.27,36.485,36.05,36.085,20100,33.576
2013-12-27,36.53,36.805,36.20,36.35,40800,33.822
2013-12-26,36.215,36.215,36.215,36.215,000,33.697
2013-12-25,36.215,36.215,36.215,36.215,000,33.697
2013-12-24,36.215,36.215,36.215,36.215,000,33.697
2013-12-23,36.36,36.505,35.945,36.215,43800,33.697
2013-12-20,36.38,37.01,36.145,36.36,72000,33.832
2013-12-19,36.035,36.67,35.695,36.075,79500,33.566
2013-12-18,35.13,35.87,35.02,35.87,52800,33.376
2013-12-17,34.985,35.395,34.75,35.015,46400,32.58
2013-12-16,34.215,35.175,34.215,34.985,59800,32.552
2013-12-13,34.705,34.76,34.08,34.40,69800,32.008
2013-12-12,35.95,36.055,34.42,34.42,95500,32.026
2013-12-11,35.45,37.24,35.45,36.36,98100,33.832
2013-12-10,36.00,36.10,35.285,35.585,60700,33.11
2013-12-09,36.25,36.50,35.83,35.87,62700,33.376
2013-12-06,35.34,36.22,35.11,36.22,59900,33.701
2013-12-05,35.595,36.04,35.055,35.065,121600,32.627
2013-12-04,35.54,36.19,35.26,35.845,50700,33.352
2013-12-03,37.14,37.14,35.58,35.58,100700,33.106
2013-12-02,37.20,37.315,36.90,37.00,114300,34.427
2013-11-29,36.54,37.23,36.54,37.215,128700,34.627
2013-11-28,38.00,38.02,36.31,36.455,219900,33.92
2013-11-27,38.345,38.345,37.925,38.17,29200,35.516
2013-11-26,38.285,38.425,37.585,38.00,73300,35.357
2013-11-25,37.265,38.455,37.085,38.455,75000,35.781
2013-11-22,37.375,37.71,36.92,36.99,109000,34.418
2013-11-21,36.81,37.28,36.46,37.245,70300,34.655
2013-11-20,36.75,37.00,36.44,36.755,45500,34.199
2013-11-19,37.30,37.44,36.855,37.00,80300,34.427
2013-11-18,37.43,37.54,36.60,37.20,95900,34.613
2013-11-15,38.30,38.30,36.955,37.40,135800,34.799
2013-11-14,38.29,39.77,38.15,38.30,83900,35.637
2013-11-13,38.985,38.985,37.755,37.955,65700,35.316
2013-11-12,38.99,39.125,38.435,39.025,58900,36.311
2013-11-11,38.16,39.95,38.16,39.14,118200,36.418
2013-11-08,37.50,37.88,36.31,37.825,58500,35.195
2013-11-07,37.99,38.28,37.03,37.655,140800,35.036
2013-11-06,38.30,39.17,37.10,37.795,168700,35.167
2013-11-05,37.50,39.355,37.50,39.01,360800,36.297
2013-11-04,36.90,37.625,36.82,37.37,111300,34.771
2013-11-01,36.885,36.995,36.50,36.80,28500,34.241
2013-10-31,36.92,36.935,36.59,36.905,57700,34.339
2013-10-30,36.745,37.115,36.56,36.85,69300,34.287
2013-10-29,36.10,36.525,35.83,36.46,102900,33.925
2013-10-28,35.62,36.34,35.415,36.205,39100,33.687
2013-10-25,35.88,35.88,34.88,35.56,78500,33.087
2013-10-24,36.40,36.515,35.165,35.92,53000,33.422
2013-10-23,36.85,36.85,35.605,36.20,73500,33.683
2013-10-22,36.99,37.10,36.62,36.84,61100,34.278
2013-10-21,36.50,36.99,36.45,36.90,60400,34.334
2013-10-18,37.435,37.55,35.90,36.40,107000,33.869
2013-10-17,36.15,37.685,36.15,37.30,129500,34.706
2013-10-16,35.45,36.335,35.115,36.25,82300,33.729
2013-10-15,34.34,35.42,34.34,35.25,98200,32.799
2013-10-14,34.62,34.62,33.845,34.16,34600,31.785
2013-10-11,33.90,34.695,33.62,34.615,79700,32.208
2013-10-10,33.525,33.90,33.03,33.90,118200,31.543
2013-10-09,34.125,34.145,32.97,33.39,65600,31.068
2013-10-08,34.395,34.635,34.025,34.27,40100,31.887
2013-10-07,34.65,34.825,33.405,34.455,109300,32.059
2013-10-04,35.80,35.80,34.86,35.21,56400,32.761
2013-10-03,35.66,35.965,35.11,35.82,38100,33.329
2013-10-02,36.33,36.415,35.475,35.80,60700,33.31
2013-10-01,35.925,36.58,35.42,36.58,79800,34.036
2013-09-30,34.50,35.61,34.455,35.61,65600,33.134
2013-09-27,33.87,34.785,33.655,34.70,40200,32.287
2013-09-26,34.09,34.13,33.59,33.725,28400,31.38
2013-09-25,33.64,34.145,33.25,34.13,40100,31.757
2013-09-24,34.245,34.245,33.605,33.645,46200,31.305
2013-09-23,33.25,34.095,33.25,34.00,43800,31.636
2013-09-20,33.71,33.90,33.055,33.26,102500,30.947
2013-09-19,35.00,35.00,33.61,33.70,82500,31.356
2013-09-18,34.195,34.43,33.65,34.43,50600,32.036
2013-09-17,34.10,34.20,33.80,34.195,57500,31.817
2013-09-16,34.36,34.76,33.905,34.13,75400,31.757
2013-09-13,33.65,34.23,33.515,33.965,47800,31.603
2013-09-12,33.10,33.685,32.75,33.61,82600,31.273
2013-09-11,32.60,33.42,32.43,33.095,56400,30.794
2013-09-10,32.00,32.675,32.00,32.415,40900,30.161
2013-09-09,31.86,31.94,31.515,31.80,30800,29.589
2013-09-06,31.705,31.825,31.00,31.79,61300,29.579
2013-09-05,30.73,31.675,30.73,31.675,61800,29.472
2013-09-04,31.65,31.65,30.375,30.90,67400,28.751
2013-09-03,31.64,32.43,31.39,31.505,56700,29.314
2013-09-02,30.80,31.75,30.80,31.60,69300,29.403
2013-08-30,32.20,32.25,30.44,30.44,85100,28.323
2013-08-29,30.445,32.75,30.22,32.12,125600,29.886
2013-08-28,30.85,30.85,30.00,30.22,64100,28.118
2013-08-27,32.00,32.195,30.945,31.05,71200,28.891
2013-08-26,32.21,32.30,31.90,32.21,31500,29.97
2013-08-23,32.33,32.635,31.88,32.23,25900,29.989
2013-08-22,31.395,32.20,31.15,32.18,49700,29.942
2013-08-21,31.17,31.465,30.615,31.25,64700,29.077
2013-08-20,30.835,31.255,30.15,31.215,42400,29.044
2013-08-19,31.60,31.60,30.675,31.115,61900,28.951
2013-08-16,31.75,31.785,31.06,31.485,57800,29.296
2013-08-15,32.86,32.86,31.59,31.735,39500,29.528
2013-08-14,32.37,32.925,32.00,32.80,42400,30.519
2013-08-13,32.175,33.035,32.145,32.34,46200,30.091
2013-08-12,32.44,32.61,31.79,32.085,55400,29.854
2013-08-09,31.445,32.665,31.445,32.41,99300,30.156
2013-08-08,30.83,31.75,30.83,31.61,62900,29.412
2013-08-07,31.80,31.94,30.20,30.995,139400,28.84
2013-08-06,33.30,33.30,32.13,32.425,65800,30.17
2013-08-05,32.09,33.155,32.00,32.97,56300,30.677
2013-08-02,32.76,32.76,31.745,32.015,61600,29.789
2013-08-01,32.285,32.915,32.185,32.76,77300,30.482
2013-07-31,31.41,32.33,31.305,32.00,66900,29.775
2013-07-30,31.565,32.13,31.185,31.48,66100,29.291
2013-07-29,31.665,31.665,31.375,31.44,25500,29.254
2013-07-26,32.09,32.325,31.23,31.475,56500,29.286
2013-07-25,32.04,32.22,31.87,32.085,43500,29.854
2013-07-24,31.20,32.145,31.035,32.145,72000,29.91
2013-07-23,30.75,31.31,30.75,31.00,49600,28.844
2013-07-22,31.45,31.49,30.835,30.97,62400,28.816
2013-07-19,31.40,31.675,31.26,31.405,35700,29.221
2013-07-18,30.33,31.655,30.03,31.515,126400,29.323
2013-07-17,30.485,30.875,30.19,30.41,71600,28.295
2013-07-16,30.295,30.385,29.995,30.16,63900,28.063
2013-07-15,30.25,30.81,30.18,30.30,56900,28.193
2013-07-12,30.13,30.665,29.795,30.08,95700,27.988
2013-07-11,30.20,30.655,29.56,30.00,161100,27.914
2013-07-10,29.50,30.79,29.50,29.89,121600,27.811
2013-07-09,28.55,30.37,28.55,29.495,146300,27.444
2013-07-08,28.64,29.585,28.55,29.31,65200,27.272
2013-07-05,28.965,29.555,27.90,28.40,109900,26.425
2013-07-04,27.77,29.165,27.605,28.90,109700,26.89
2013-07-03,27.40,27.76,27.00,27.64,41200,25.718
2013-07-02,28.15,28.15,27.085,27.73,34400,25.802
2013-07-01,27.59,28.50,27.59,28.01,73900,26.062
2013-06-28,28.40,28.525,27.60,27.84,50100,25.904
2013-06-27,27.60,28.50,27.52,28.40,71200,26.425
2013-06-26,26.925,27.57,26.925,27.44,63000,25.532
2013-06-25,26.575,27.665,26.425,26.98,102000,25.104
2013-06-24,26.50,26.525,25.48,26.21,119500,24.387
2013-06-21,27.80,27.80,26.55,26.55,205500,24.704
2013-06-20,27.94,27.94,27.13,27.69,97800,25.764
2013-06-19,28.20,28.20,27.475,28.035,69700,26.085
2013-06-18,28.30,28.30,27.83,28.00,57300,26.053
2013-06-17,27.40,28.40,27.40,28.06,50600,26.109
2013-06-14,27.17,27.72,27.065,27.30,45200,25.402
2013-06-13,26.42,27.265,25.305,26.965,94200,25.09
2013-06-12,26.77,27.10,26.54,26.75,56000,24.89
2013-06-11,26.71,26.995,26.61,26.90,98700,25.029
2013-06-10,25.95,27.10,25.95,26.80,177600,24.936
2013-06-07,26.465,26.465,25.70,26.20,181800,24.378
2013-06-06,27.09,27.09,26.21,26.50,102600,24.657
2013-06-05,28.30,28.50,27.215,27.215,90100,25.322
2013-06-04,28.815,28.95,28.00,28.41,77200,26.434
2013-06-03,29.135,29.45,28.595,28.66,114800,26.667
2013-05-31,28.505,29.50,28.21,29.50,144200,27.449
2013-05-30,27.96,28.50,27.775,28.44,46100,26.462
2013-05-29,28.50,28.60,27.205,27.845,99200,25.909
2013-05-28,28.455,28.785,27.88,28.47,99600,26.49
2013-05-27,27.455,28.60,27.455,28.375,75000,26.402
2013-05-24,27.585,27.785,27.05,27.44,84500,25.532
2013-05-23,27.85,27.85,26.79,27.515,114100,25.602
2013-05-22,28.71,28.85,27.775,28.79,77800,26.183
2013-05-21,28.305,28.46,27.675,28.46,34200,25.883
2013-05-20,28.365,28.365,27.695,28.175,44500,25.624
2013-05-17,28.685,28.69,28.22,28.24,55300,25.683
2013-05-16,28.395,28.755,27.98,28.60,75400,26.01
2013-05-15,28.25,28.735,28.05,28.52,75900,25.938
2013-05-14,27.95,28.41,27.55,28.20,129900,25.647
2013-05-13,27.95,28.00,27.02,27.70,154600,25.192
2013-05-10,28.57,28.59,27.725,28.00,149000,25.465
2013-05-09,28.60,28.855,28.185,28.59,61700,26.001
2013-05-08,28.30,28.85,27.46,28.78,145900,26.174
2013-05-07,27.60,29.575,27.56,28.59,224200,26.001
2013-05-06,28.00,28.20,27.075,27.51,125300,25.019
2013-05-03,27.15,27.995,27.035,27.83,58600,25.31
2013-05-02,26.595,27.405,26.53,27.17,75400,24.71
2013-05-01,26.785,26.785,26.785,26.785,000,24.36
2013-04-30,27.26,27.45,26.735,26.785,95300,24.36
2013-04-29,27.20,27.44,26.67,27.03,44200,24.583
2013-04-26,26.95,27.50,26.68,27.20,151700,24.737
2013-04-25,25.725,26.09,25.485,25.97,85900,23.618
2013-04-24,25.55,25.66,24.815,25.50,90400,23.191
2013-04-23,24.06,25.735,23.90,25.52,106200,23.209
2013-04-22,24.28,25.10,23.48,24.00,123700,21.827
2013-04-19,23.30,23.625,23.115,23.48,67400,21.354
2013-04-18,23.40,23.505,22.785,23.29,145400,21.181
2013-04-17,24.265,24.265,23.12,23.33,63600,21.218
2013-04-16,24.065,24.155,23.215,24.13,91800,21.945
2013-04-15,25.05,25.15,23.685,24.15,71200,21.963
2013-04-12,26.04,26.165,25.00,25.125,81300,22.85
2013-04-11,25.45,26.155,25.39,26.09,98100,23.728
2013-04-10,24.39,25.45,24.39,25.41,83400,23.109
2013-04-09,24.55,24.79,24.05,24.32,69200,22.118
2013-04-08,24.185,24.55,24.18,24.38,103000,22.172
2013-04-05,25.15,25.315,24.17,24.17,119500,21.981
2013-04-04,25.47,26.155,24.95,25.27,109300,22.982
2013-04-03,26.15,26.34,25.33,25.53,78800,23.218
2013-04-02,24.70,26.41,24.70,26.17,132800,23.80
2013-04-01,24.585,24.585,24.585,24.585,000,22.359
2013-03-29,24.585,24.585,24.585,24.585,000,22.359
2013-03-28,24.29,24.60,24.09,24.585,69700,22.359
2013-03-27,25.10,25.245,23.86,24.20,153500,22.009
2013-03-26,24.48,24.80,24.18,24.80,56300,22.554
2013-03-25,24.61,25.015,24.25,24.34,55800,22.136
2013-03-22,24.465,24.655,24.405,24.47,39900,22.254
2013-03-21,24.34,24.72,24.05,24.56,77500,22.336
2013-03-20,24.625,24.85,24.125,24.39,78900,22.182
2013-03-19,25.65,25.675,24.42,24.73,183800,22.491
2013-03-18,26.30,26.325,25.17,25.585,240400,23.268
2013-03-15,27.25,27.25,25.815,26.21,592400,23.837
2013-03-14,26.56,27.25,26.56,27.14,138700,24.683
2013-03-13,26.95,26.95,25.455,26.525,123800,24.123
2013-03-12,26.85,27.50,26.64,26.865,82000,24.432
2013-03-11,26.80,26.915,26.55,26.76,62500,24.337
2013-03-08,26.905,26.91,26.505,26.65,84600,24.237
2013-03-07,27.00,27.12,26.635,26.86,53800,24.428
2013-03-06,27.55,27.69,26.80,26.985,107400,24.542
2013-03-05,26.44,27.105,26.415,27.05,151100,24.601
2013-03-04,26.56,26.56,26.03,26.305,94000,23.923
2013-03-01,26.45,26.645,26.11,26.375,59700,23.987
2013-02-28,25.85,26.65,25.62,26.65,208800,24.237
2013-02-27,25.16,25.725,24.88,25.715,62500,23.387
2013-02-26,24.80,25.685,24.50,24.98,80200,22.718
2013-02-25,24.705,25.925,24.705,25.80,124000,23.464
2013-02-22,24.345,25.26,24.345,24.78,138600,22.536
2013-02-21,23.58,23.86,22.90,23.86,74900,21.70
2013-02-20,23.80,24.105,23.45,23.60,54100,21.463
2013-02-19,23.90,23.90,23.70,23.74,37600,21.59
2013-02-18,23.96,24.00,23.80,23.80,24800,21.645
2013-02-15,23.70,23.93,23.63,23.90,41600,21.736
2013-02-14,23.79,23.82,23.455,23.75,96900,21.60
2013-02-13,23.49,23.755,23.30,23.70,54000,21.554
2013-02-12,23.30,23.755,23.165,23.285,63700,21.177
2013-02-11,23.29,23.41,22.685,23.245,62600,21.14
2013-02-08,23.00,23.90,22.95,23.50,212300,21.372
2013-02-07,23.07,23.84,22.975,23.00,82200,20.917
2013-02-06,22.595,23.10,22.595,23.05,69800,20.963
2013-02-05,22.38,22.80,22.38,22.80,54500,20.736
2013-02-04,22.44,22.725,22.435,22.54,153600,20.499
2013-02-01,21.58,22.465,21.38,22.465,99400,20.431
2013-01-31,21.395,21.47,21.185,21.415,22200,19.476
2013-01-30,21.235,21.47,21.00,21.35,53400,19.417
2013-01-29,21.75,21.75,21.25,21.30,46500,19.371
2013-01-28,21.80,21.87,21.75,21.755,37600,19.785
2013-01-25,21.61,21.80,21.505,21.80,77900,19.826
2013-01-24,21.80,21.88,21.51,21.695,37300,19.731
2013-01-23,21.98,22.09,21.75,21.83,62200,19.853
2013-01-22,21.405,22.10,21.26,21.97,123600,19.981
2013-01-21,21.655,21.655,21.275,21.51,39700,19.562
2013-01-18,21.50,21.75,21.45,21.50,70900,19.553
2013-01-17,21.50,21.84,21.495,21.50,82800,19.553
2013-01-16,20.87,21.60,20.87,21.465,125500,19.521
2013-01-15,21.06,21.335,20.755,21.00,105000,19.099
2013-01-14,21.20,21.43,21.15,21.25,81000,19.326
2013-01-11,21.195,21.63,21.00,21.15,310400,19.235
2013-01-10,20.98,21.20,20.775,21.05,510500,19.144
2013-01-09,21.355,21.57,21.355,21.47,18600,19.526
2013-01-08,21.00,21.52,21.00,21.275,11300,19.349
2013-01-07,21.50,21.54,21.00,21.00,14300,19.099
2013-01-04,21.57,21.59,21.35,21.53,21600,19.581
2013-01-03,21.27,21.45,21.09,21.215,17900,19.294
2013-01-02,21.39,21.39,20.91,21.085,38100,19.176
2013-01-01,21.00,21.00,21.00,21.00,000,19.099
2012-12-31,21.00,21.00,21.00,21.00,000,19.099
2012-12-28,21.54,21.54,20.77,21.00,13200,19.099
2012-12-27,21.50,21.60,21.12,21.35,21600,19.417
2012-12-26,21.65,21.65,21.65,21.65,000,19.69
2012-12-25,21.65,21.65,21.65,21.65,000,19.69
2012-12-24,21.65,21.65,21.65,21.65,000,19.69
2012-12-21,21.65,21.65,21.01,21.65,29100,19.69
2012-12-20,21.71,21.79,21.52,21.52,41200,19.571
2012-12-19,21.58,21.80,21.385,21.665,39900,19.703
2012-12-18,21.65,21.66,21.38,21.45,36300,19.508
2012-12-17,21.60,21.67,21.31,21.60,49500,19.644
2012-12-14,21.35,21.70,21.15,21.485,40400,19.54
2012-12-13,21.15,21.50,21.00,21.26,62700,19.335
2012-12-12,20.205,21.095,20.075,21.07,103700,19.162
2012-12-11,19.50,20.085,19.50,20.03,45200,18.216
2012-12-10,19.90,19.90,19.45,19.71,36900,17.925
2012-12-07,20.215,20.215,19.50,19.975,47600,18.166
2012-12-06,19.60,20.35,19.60,20.24,37100,18.407
2012-12-05,19.365,19.89,19.365,19.495,41000,17.73
2012-12-04,19.72,19.72,19.415,19.515,20400,17.748
2012-12-03,19.56,19.735,19.305,19.57,35800,17.798
2012-11-30,19.705,19.74,19.44,19.44,67400,17.68
2012-11-29,19.59,19.80,19.455,19.79,74700,17.998
2012-11-28,19.95,19.95,19.275,19.50,50800,17.734
2012-11-27,19.95,20.09,19.665,19.91,32400,18.107
2012-11-26,19.77,19.94,19.51,19.90,46700,18.098
2012-11-23,19.495,19.735,19.45,19.715,14200,17.93
2012-11-22,19.59,19.72,19.43,19.49,34700,17.725
2012-11-21,19.245,19.625,19.24,19.55,102400,17.78
2012-11-20,18.51,20.15,18.50,19.20,102600,17.461
2012-11-19,18.40,18.645,18.35,18.645,47300,16.957
2012-11-16,18.19,18.565,18.09,18.30,31000,16.643
2012-11-15,18.505,18.69,18.105,18.14,61400,16.497
2012-11-14,18.43,18.815,18.265,18.55,85900,16.87
2012-11-13,18.25,18.44,17.73,18.40,78200,16.734
2012-11-12,17.62,18.435,17.49,18.315,52900,16.657
2012-11-09,18.065,18.105,17.50,17.70,85200,16.097
2012-11-08,18.33,18.55,18.025,18.025,43800,16.393
2012-11-07,19.36,19.46,18.45,18.56,62500,16.879
2012-11-06,19.20,19.485,19.00,19.485,30600,17.721
2012-11-05,19.25,19.485,18.60,19.15,184600,17.416
2012-11-02,21.61,21.795,19.00,19.40,284900,17.643
2012-11-01,21.27,21.75,21.27,21.60,43800,19.644
2012-10-31,21.64,21.64,21.32,21.32,52100,19.39
2012-10-30,20.96,21.48,20.96,21.48,11300,19.535
2012-10-29,21.835,21.835,20.83,21.00,57500,19.099
2012-10-26,21.51,22.115,21.51,21.695,35900,19.731
2012-10-25,21.715,21.745,21.46,21.64,59800,19.681
2012-10-24,21.605,21.975,21.345,21.94,31800,19.953
2012-10-23,22.485,22.485,21.25,21.45,74200,19.508
2012-10-22,22.845,22.845,22.31,22.345,29900,20.322
2012-10-19,23.15,23.15,22.45,22.63,38100,20.581
2012-10-18,22.90,23.38,22.69,23.10,128200,21.008
2012-10-17,22.905,22.905,22.71,22.80,36300,20.736
2012-10-16,22.16,22.85,22.05,22.78,35200,20.717
2012-10-15,22.61,22.88,22.00,22.00,53100,20.008
2012-10-12,22.875,22.97,22.685,22.815,46900,20.749
2012-10-11,22.50,22.97,22.415,22.805,42400,20.74
2012-10-10,23.00,23.00,22.505,22.56,29800,20.517
2012-10-09,23.00,23.04,22.855,22.95,50400,20.872
2012-10-08,23.10,23.10,22.81,22.95,22400,20.872
2012-10-05,22.60,22.885,22.50,22.87,82900,20.799
2012-10-04,21.98,22.965,21.98,22.49,107300,20.454
2012-10-03,21.75,21.895,21.72,21.895,17400,19.912
2012-10-02,20.85,21.735,20.82,21.70,80000,19.735
2012-10-01,21.045,21.29,20.96,21.06,48000,19.153
2012-09-28,20.605,21.01,20.605,21.00,24500,19.099
2012-09-27,20.50,20.635,20.405,20.62,40000,18.753
2012-09-26,20.70,20.745,20.28,20.50,24500,18.644
2012-09-25,21.00,21.00,20.73,20.88,29800,18.989
2012-09-24,20.765,20.995,20.675,20.99,58800,19.089
2012-09-21,20.63,20.915,20.575,20.85,62500,18.962
2012-09-20,20.17,20.515,19.96,20.45,44200,18.598
2012-09-19,20.65,20.65,19.90,20.21,38200,18.38
2012-09-18,20.74,20.74,20.465,20.50,17400,18.644
2012-09-17,21.00,21.00,20.635,20.635,32700,18.767
2012-09-14,20.63,20.945,20.62,20.855,29900,18.967
2012-09-13,19.90,20.50,19.78,20.30,67600,18.462
2012-09-12,19.895,20.065,19.78,19.96,33500,18.153
2012-09-11,19.90,19.92,19.83,19.90,54600,18.098
2012-09-10,19.915,20.03,19.81,19.90,40700,18.098
2012-09-07,19.44,19.995,19.435,19.90,99200,18.098
2012-09-06,19.05,19.44,19.01,19.38,149600,17.625
2012-09-05,19.14,19.37,18.83,19.00,443800,17.28
2012-09-04,20.325,20.365,19.85,20.00,48500,18.189
2012-09-03,20.035,20.70,20.00,20.33,56400,18.489
2012-08-31,19.75,20.48,19.75,20.035,24000,18.221
2012-08-30,20.00,20.075,19.935,20.00,14900,18.189
2012-08-29,20.13,20.13,19.955,19.995,13400,18.185
2012-08-28,19.95,20.07,19.925,19.995,22900,18.185
2012-08-27,20.00,20.02,19.86,19.86,5800,18.062
2012-08-24,19.765,20.32,19.70,19.88,22800,18.08
2012-08-23,20.345,20.465,20.00,20.00,15200,18.189
2012-08-22,20.65,20.655,20.25,20.325,48700,18.485
2012-08-21,21.185,21.40,20.645,20.75,76500,18.871
2012-08-20,20.71,21.00,20.455,21.00,59600,19.099
2012-08-17,19.91,21.225,19.905,20.85,67500,18.962
2012-08-16,19.355,19.965,19.205,19.905,13100,18.103
2012-08-15,19.25,19.345,19.095,19.25,36100,17.507
2012-08-14,18.64,19.15,18.52,19.15,16900,17.416
2012-08-13,18.62,18.795,18.40,18.48,7100,16.807
2012-08-10,19.05,19.10,18.72,18.75,18200,17.052
2012-08-09,19.19,19.20,19.00,19.20,7800,17.461
2012-08-08,18.85,19.08,18.85,19.08,11700,17.352
2012-08-07,18.78,18.97,18.695,18.97,17700,17.252
2012-08-06,18.55,18.88,18.545,18.88,11600,17.17
2012-08-03,18.05,18.50,18.00,18.50,15500,16.825
2012-08-02,17.76,18.06,17.76,17.95,18300,16.325
2012-08-01,18.115,18.13,17.84,17.92,22400,16.297
2012-07-31,18.84,18.85,18.00,18.00,32000,16.37
2012-07-30,18.50,18.735,18.45,18.735,12700,17.039
2012-07-27,17.80,18.45,17.705,18.45,28400,16.779
2012-07-26,18.06,18.08,17.665,17.80,21200,16.188
2012-07-25,17.88,18.33,17.88,18.18,30400,16.534
2012-07-24,18.26,18.26,17.81,17.81,29300,16.197
2012-07-23,18.75,18.75,18.22,18.34,23600,16.679
2012-07-20,19.62,19.62,18.84,18.84,15800,17.134
2012-07-19,18.955,19.46,18.955,19.46,27100,17.698
2012-07-18,18.995,19.095,18.82,18.94,29100,17.225
2012-07-17,18.69,19.035,18.62,18.90,41900,17.189
2012-07-16,17.90,18.77,17.90,18.65,31700,16.961
2012-07-13,17.90,18.19,17.79,17.88,51900,16.261
2012-07-12,17.89,17.90,17.70,17.80,40200,16.188
2012-07-11,17.90,17.90,17.75,17.885,16800,16.266
2012-07-10,17.915,18.175,17.855,17.95,18100,16.325
2012-07-09,17.90,17.90,17.66,17.75,14900,16.143
2012-07-06,18.40,18.44,17.655,17.785,52200,16.175
2012-07-05,18.47,18.68,18.205,18.38,67200,16.716
2012-07-04,18.25,18.47,18.15,18.47,32100,16.798
2012-07-03,17.79,18.30,17.725,18.25,44300,16.598
2012-07-02,17.45,17.675,17.32,17.655,23400,16.056
2012-06-29,16.755,17.47,16.69,17.34,53700,15.77
2012-06-28,16.82,16.915,16.51,16.51,37600,15.015
2012-06-27,16.955,17.045,16.775,16.775,18700,15.256
2012-06-26,17.305,17.375,16.825,16.85,54800,15.324
2012-06-25,17.65,17.81,17.105,17.255,27800,15.693
2012-06-22,18.20,18.20,17.60,17.725,29700,16.12
2012-06-21,18.305,18.39,18.15,18.19,37900,16.543
2012-06-20,18.205,18.245,18.125,18.245,36300,16.593
2012-06-19,17.925,18.23,17.83,18.12,63800,16.479
2012-06-18,18.065,18.11,17.85,17.94,25300,16.316
2012-06-15,17.985,18.10,17.96,17.96,54200,16.334
2012-06-14,18.25,18.25,18.00,18.05,41700,16.416
2012-06-13,18.12,18.12,18.08,18.10,85000,16.461
2012-06-12,18.29,18.29,17.79,17.96,21500,16.334
2012-06-11,18.145,18.40,18.08,18.28,29500,16.625
2012-06-08,18.35,18.35,18.08,18.08,26900,16.443
2012-06-07,18.005,18.58,18.00,18.58,19300,16.898
2012-06-06,17.265,18.125,17.245,18.07,40800,16.434
2012-06-05,17.23,17.30,16.845,17.20,38600,15.643
2012-06-04,17.97,17.97,17.145,17.30,55700,15.734
2012-06-01,18.30,18.37,18.185,18.20,61700,16.552
2012-05-31,18.69,18.69,18.10,18.375,128900,16.711
2012-05-30,18.75,18.75,18.50,18.50,49800,16.825
2012-05-29,18.505,18.81,18.50,18.75,65200,17.052
2012-05-28,18.055,18.595,18.055,18.495,27600,16.82
2012-05-25,19.00,19.20,18.115,18.115,46100,16.475
2012-05-24,18.65,19.015,18.65,18.94,39900,17.225
2012-05-23,19.35,19.495,19.305,19.35,24200,17.052
2012-05-22,19.15,19.70,19.15,19.60,58300,17.273
2012-05-21,19.10,19.295,19.05,19.23,51900,16.946
2012-05-18,19.10,19.305,18.80,19.20,62900,16.92
2012-05-17,19.38,19.38,19.155,19.20,23500,16.92
2012-05-16,19.00,19.25,18.90,19.20,26600,16.92
2012-05-15,19.10,19.335,18.90,19.10,52900,16.832
2012-05-14,20.00,20.01,18.51,18.96,112900,16.709
2012-05-11,20.17,20.22,20.11,20.125,19500,17.735
2012-05-10,20.005,20.34,20.00,20.165,38900,17.77
2012-05-09,19.95,20.20,19.74,19.85,52200,17.493
2012-05-08,19.86,20.38,19.86,20.05,66200,17.669
2012-05-07,19.75,19.895,19.40,19.87,27000,17.51
2012-05-04,20.32,20.32,19.925,19.95,55900,17.581
2012-05-03,20.19,20.245,19.955,20.15,32300,17.757
2012-05-02,20.50,20.52,20.06,20.15,32000,17.757
2012-05-01,20.33,20.33,20.33,20.33,000,17.916
2012-04-30,20.18,20.625,20.18,20.33,40800,17.916
2012-04-27,20.21,20.41,20.205,20.225,48600,17.823
2012-04-26,20.18,20.695,20.15,20.37,38500,17.951
2012-04-25,19.51,20.345,19.51,20.23,65500,17.828
2012-04-24,19.26,19.54,19.20,19.465,38700,17.154
2012-04-23,19.45,19.55,19.085,19.15,35700,16.876
2012-04-20,19.45,19.545,19.39,19.485,55000,17.171
2012-04-19,19.40,19.645,19.245,19.35,39500,17.052
2012-04-18,19.00,19.50,19.00,19.50,92200,17.184
2012-04-17,18.90,19.155,18.90,19.00,72500,16.744
2012-04-16,19.165,19.24,18.88,19.00,57500,16.744
2012-04-13,19.50,19.53,18.855,19.00,62500,16.744
2012-04-12,19.50,19.51,19.33,19.47,62600,17.158
2012-04-11,19.05,19.80,19.05,19.45,66400,17.14
2012-04-10,19.34,19.38,19.065,19.16,64800,16.885
2012-04-09,19.50,19.50,19.50,19.50,000,17.184
2012-04-06,19.50,19.50,19.50,19.50,000,17.184
2012-04-05,18.94,19.60,18.90,19.50,194700,17.184
2012-04-04,18.685,18.825,18.66,18.805,133300,16.572
2012-04-03,18.74,18.95,18.65,18.815,129300,16.581
2012-04-02,18.55,18.75,18.50,18.75,67600,16.523
2012-03-30,18.95,18.95,18.45,18.545,228600,16.343
2012-03-29,18.95,19.255,18.855,18.905,254000,16.66
2012-03-28,18.65,18.99,18.38,18.80,134300,16.568
2012-03-27,18.175,18.70,18.15,18.50,93500,16.303
2012-03-26,18.10,18.12,17.955,18.12,51500,15.968
2012-03-23,18.13,18.45,17.90,18.00,78900,15.863
2012-03-22,18.35,18.35,17.905,18.00,32300,15.863
2012-03-21,18.32,18.34,18.07,18.34,19900,16.162
2012-03-20,18.70,18.73,18.05,18.305,63900,16.131
2012-03-19,18.58,18.77,18.495,18.77,61200,16.541
2012-03-16,18.85,18.85,18.46,18.46,47700,16.268
2012-03-15,18.70,18.85,18.575,18.775,19100,16.546
2012-03-14,18.81,19.04,18.635,18.635,42200,16.422
2012-03-13,18.40,18.83,18.27,18.825,9700,16.59
2012-03-12,18.70,18.70,18.175,18.40,20800,16.215
2012-03-09,18.245,18.785,18.15,18.625,25700,16.413
2012-03-08,18.25,18.71,17.80,18.125,83700,15.973
2012-03-07,17.90,18.27,17.605,18.16,47800,16.004
2012-03-06,18.47,18.47,17.555,17.90,69600,15.774
2012-03-05,19.10,19.15,18.43,18.47,31200,16.277
2012-03-02,19.00,19.14,18.96,19.00,9900,16.744
2012-03-01,18.895,19.045,18.85,19.00,63000,16.744
2012-02-29,18.80,18.97,18.68,18.80,40300,16.568
2012-02-28,18.675,19.07,18.675,18.75,61600,16.523
2012-02-27,18.21,18.69,18.035,18.62,53400,16.409
2012-02-24,18.34,18.39,18.105,18.18,37100,16.021
2012-02-23,18.47,18.50,17.825,18.18,63400,16.021
2012-02-22,18.30,18.44,18.05,18.305,30800,16.131
2012-02-21,18.28,18.39,18.215,18.39,12400,16.206
2012-02-20,18.525,18.55,17.98,18.28,43400,16.109
2012-02-17,18.02,18.40,18.02,18.365,40100,16.184
2012-02-16,17.46,18.04,17.46,17.86,74600,15.739
2012-02-15,17.845,18.05,17.255,17.60,104800,15.51
2012-02-14,18.20,18.295,17.85,17.92,42900,15.792
2012-02-13,18.04,18.295,17.94,18.20,48600,16.039
2012-02-10,18.30,18.495,17.85,18.05,38800,15.907
2012-02-09,18.65,18.65,18.065,18.285,70200,16.114
2012-02-08,18.205,18.785,18.12,18.595,68700,16.387
2012-02-07,19.00,19.00,17.415,18.045,170000,15.902
2012-02-06,18.865,18.98,18.395,18.915,146100,16.669
2012-02-03,18.74,19.28,18.35,18.70,224800,16.479
2012-02-02,18.08,18.655,18.08,18.40,165900,16.215
2012-02-01,17.20,17.815,17.07,17.75,113700,15.642
2012-01-31,17.10,17.425,16.65,17.15,113400,15.113
2012-01-30,17.60,17.69,17.085,17.085,60100,15.056
2012-01-27,17.24,17.60,17.195,17.50,76200,15.422
2012-01-26,16.74,17.12,16.73,17.12,72300,15.087
2012-01-25,16.655,16.77,16.335,16.77,62300,14.779
2012-01-24,17.00,17.00,16.355,16.615,87700,14.642
2012-01-23,17.05,17.055,16.91,16.96,55900,14.946
2012-01-20,16.345,17.21,16.345,17.20,65100,15.158
2012-01-19,16.64,16.97,16.39,16.39,88500,14.444
2012-01-18,16.10,16.50,16.07,16.50,88700,14.541
2012-01-17,16.00,16.175,15.98,16.155,78600,14.237
2012-01-16,15.85,16.005,15.785,16.00,29200,14.10
2012-01-13,15.995,16.08,15.705,15.85,36400,13.968
2012-01-12,15.89,16.09,15.89,15.92,69200,14.03
2012-01-11,16.10,16.10,15.92,15.985,42100,14.087
2012-01-10,16.24,16.25,15.95,16.10,26400,14.188
2012-01-09,16.065,16.185,16.04,16.145,22000,14.228
2012-01-06,16.25,16.40,16.055,16.125,28100,14.21
2012-01-05,16.28,16.29,16.15,16.25,13500,14.32
2012-01-04,16.30,16.60,16.15,16.20,47900,14.276
2012-01-03,15.995,16.26,15.95,16.25,30300,14.32
2012-01-02,16.00,16.00,15.86,16.00,21600,14.10
2011-12-30,16.30,16.35,15.86,16.00,43300,14.10
2011-12-29,16.40,16.48,16.11,16.25,44300,14.32
2011-12-28,16.015,16.505,15.93,16.25,40300,14.32
2011-12-27,15.70,15.965,15.635,15.965,76600,14.069
2011-12-26,15.77,15.77,15.77,15.77,000,13.897
2011-12-23,15.28,15.77,15.15,15.77,26200,13.897
2011-12-22,15.21,15.25,15.05,15.12,49400,13.325
2011-12-21,14.80,15.36,14.775,15.215,83200,13.408
2011-12-20,14.675,14.855,14.60,14.68,60300,12.937
2011-12-19,14.55,14.85,14.55,14.74,52100,12.99
2011-12-16,14.57,14.735,14.385,14.65,33200,12.91
2011-12-15,14.15,14.515,14.005,14.48,81700,12.761
2011-12-14,14.00,14.115,13.95,14.05,41100,12.382
2011-12-13,14.30,14.50,14.00,14.125,25100,12.448
2011-12-12,14.50,14.715,14.34,14.34,25500,12.637
2011-12-09,14.70,14.805,14.505,14.505,64100,12.783
2011-12-08,15.20,15.20,14.65,14.845,67600,13.082
2011-12-07,14.945,15.20,14.85,15.14,86400,13.342
2011-12-06,14.72,14.815,14.485,14.815,59300,13.056
2011-12-05,14.50,14.87,14.50,14.715,63000,12.968
2011-12-02,14.125,14.375,13.955,14.315,38100,12.615
2011-12-01,13.985,14.215,13.94,14.005,60000,12.342
2011-11-30,13.25,14.00,13.20,13.865,332900,12.219
2011-11-29,13.75,13.80,13.025,13.215,64400,11.646
2011-11-28,13.55,14.04,13.55,13.75,100200,12.117
2011-11-25,13.50,13.84,13.375,13.575,73300,11.963
2011-11-24,13.60,13.87,13.335,13.50,85000,11.897
2011-11-23,13.55,13.74,13.55,13.70,55600,12.073
2011-11-22,13.75,14.115,13.70,13.70,44700,12.073
2011-11-21,14.60,14.60,13.66,13.80,23800,12.161
2011-11-18,14.375,14.76,14.21,14.545,80500,12.818
2011-11-17,13.55,14.29,13.475,14.24,124400,12.549
2011-11-16,13.50,13.94,13.27,13.49,169600,11.888
2011-11-15,13.06,13.78,12.84,13.50,194300,11.897
2011-11-14,12.90,12.95,12.85,12.895,10000,11.364
2011-11-11,12.85,12.895,12.715,12.79,23900,11.271
2011-11-10,12.95,12.95,12.725,12.80,11100,11.28
2011-11-09,13.30,13.35,12.955,13.10,36700,11.544
2011-11-08,13.20,13.30,13.05,13.28,25500,11.703
2011-11-07,13.46,13.55,12.83,13.08,49900,11.527
2011-11-04,13.55,13.55,12.905,13.545,80200,11.937
2011-11-03,13.33,13.65,13.33,13.65,34500,12.029
2011-11-02,13.605,13.775,13.30,13.465,21500,11.866
2011-11-01,13.90,13.90,13.46,13.48,22000,11.879
2011-10-31,14.24,14.285,14.04,14.04,17600,12.373
2011-10-28,14.40,14.495,14.07,14.20,23300,12.514
2011-10-27,13.71,14.32,13.40,14.08,43900,12.408
2011-10-26,13.60,13.68,13.38,13.38,27300,11.791
2011-10-25,13.695,13.95,13.53,13.60,28700,11.985
2011-10-24,13.22,13.70,13.15,13.70,35200,12.073
2011-10-21,13.13,13.13,13.015,13.085,700,11.531
2011-10-20,13.20,13.20,12.945,12.95,12700,11.412
2011-10-19,13.30,13.63,13.15,13.27,22800,11.694
2011-10-18,13.005,13.30,13.005,13.30,21400,11.721
2011-10-17,13.295,13.39,13.02,13.02,34900,11.474
2011-10-14,12.65,13.45,12.65,13.01,45400,11.465
2011-10-13,12.595,12.665,12.41,12.55,51800,11.06
2011-10-12,12.00,12.83,12.00,12.45,68900,10.972
2011-10-11,12.05,12.15,11.955,12.07,36800,10.637
2011-10-10,12.00,12.155,11.765,12.10,43000,10.663
2011-10-07,11.835,11.99,11.80,11.89,22200,10.478
2011-10-06,11.92,11.965,11.725,11.85,18300,10.443
2011-10-05,11.75,11.97,11.68,11.80,16700,10.399
2011-10-04,12.05,12.185,11.505,11.65,20500,10.267
2011-10-03,12.265,12.37,12.01,12.20,13200,10.751
2011-09-30,12.21,12.615,12.09,12.40,99100,10.928
2011-09-29,12.15,12.35,12.15,12.20,19000,10.751
2011-09-28,12.20,12.24,12.05,12.15,9200,10.707
2011-09-27,11.90,12.16,11.835,12.05,24000,10.619
2011-09-26,11.67,12.00,11.575,11.70,66300,10.311
2011-09-23,12.20,12.265,11.42,11.715,112600,10.324
2011-09-22,13.00,13.10,12.20,12.20,48100,10.751
2011-09-21,13.225,13.60,13.005,13.175,22300,11.611
2011-09-20,13.21,13.35,13.20,13.30,2800,11.721
2011-09-19,13.21,13.325,13.10,13.24,46700,11.668
2011-09-16,12.695,13.455,12.575,13.20,84200,11.633
2011-09-15,12.90,13.00,12.585,12.585,77100,11.091
2011-09-14,12.185,12.75,12.15,12.75,25600,11.236
2011-09-13,12.20,12.495,12.20,12.415,7500,10.941
2011-09-12,12.75,12.75,12.20,12.20,12200,10.751
2011-09-09,12.72,12.765,12.53,12.70,35600,11.192
2011-09-08,12.55,12.76,12.55,12.72,7900,11.21
2011-09-07,12.385,13.00,12.385,12.715,36300,11.205
2011-09-06,12.575,13.01,12.35,12.35,43200,10.883
2011-09-05,12.685,12.80,12.55,12.635,17200,11.135
2011-09-02,13.00,13.00,12.61,12.755,36200,11.24
2011-09-01,12.91,13.10,12.83,13.00,90100,11.456
2011-08-31,12.50,13.11,12.45,12.90,49300,11.368
2011-08-30,12.85,12.85,12.35,12.45,47000,10.972
2011-08-29,12.68,12.84,12.65,12.75,27500,11.236
2011-08-26,12.915,12.975,12.22,12.625,26100,11.126
2011-08-25,13.425,13.425,12.70,12.895,147700,11.364
2011-08-24,12.78,13.295,12.31,13.12,64600,11.562
2011-08-23,12.75,12.90,12.35,12.51,31300,11.024
2011-08-22,12.435,12.715,12.385,12.50,25400,11.016
2011-08-19,12.31,12.605,11.96,12.45,59300,10.972
2011-08-18,14.05,14.05,12.965,12.965,37900,11.425
2011-08-17,14.355,14.395,14.105,14.135,3200,12.457
2011-08-16,15.00,15.00,14.25,14.30,15100,12.602
2011-08-15,14.91,14.98,14.52,14.91,30000,13.139
2011-08-12,14.705,14.85,14.17,14.80,56000,13.043
2011-08-11,14.55,15.065,14.00,14.50,37400,12.778
2011-08-10,16.80,16.80,14.25,14.60,33400,12.866
2011-08-09,14.995,16.40,13.60,15.75,93200,13.88
2011-08-08,15.25,15.60,14.70,14.70,43700,12.954
2011-08-05,15.105,15.81,13.135,15.075,224500,13.285
2011-08-04,17.25,17.25,15.15,15.24,43100,13.43
2011-08-03,17.405,17.405,16.70,16.825,61200,14.827
2011-08-02,18.82,18.82,17.53,17.53,22900,15.448
2011-08-01,18.95,19.575,18.775,18.99,27700,16.735
2011-07-29,18.80,19.095,18.75,18.95,16300,16.70
2011-07-28,18.75,18.85,18.60,18.815,22800,16.581
2011-07-27,19.05,19.15,18.50,18.725,28900,16.501
2011-07-26,19.00,19.16,18.855,19.02,40300,16.761
2011-07-25,18.645,19.35,18.255,18.87,56200,16.629
2011-07-22,18.20,18.68,18.20,18.45,58500,16.259
2011-07-21,18.20,18.20,18.00,18.10,5100,15.951
2011-07-20,18.25,18.475,17.70,18.01,56700,15.871
2011-07-19,18.10,18.58,18.10,18.31,18700,16.136
2011-07-18,18.31,18.67,17.515,18.29,96000,16.118
2011-07-15,18.55,18.605,18.375,18.415,87500,16.228
2011-07-14,19.06,19.10,18.75,18.88,11700,16.638
2011-07-13,19.30,19.30,18.69,19.00,46200,16.744
2011-07-12,19.61,19.615,18.51,19.25,93300,16.964
2011-07-11,20.10,20.10,19.65,19.65,21300,17.317
2011-07-08,20.10,20.10,19.825,20.08,15600,17.696
2011-07-07,20.38,20.38,19.95,20.10,25600,17.713
2011-07-06,20.455,20.455,20.01,20.16,23300,17.766
2011-07-05,20.50,20.50,20.17,20.50,28500,18.066
2011-07-04,20.50,20.70,20.30,20.43,42300,18.004
2011-07-01,20.48,20.48,20.20,20.45,12300,18.022
2011-06-30,20.10,20.34,20.095,20.25,60300,17.845
2011-06-29,20.10,20.10,19.95,20.10,4300,17.713
2011-06-28,20.30,20.30,19.95,19.95,19500,17.581
2011-06-27,19.88,20.19,19.88,19.95,10400,17.581
2011-06-24,20.30,20.30,20.055,20.20,3900,17.801
2011-06-23,20.31,20.315,20.005,20.24,14800,17.837
2011-06-22,20.40,20.79,19.90,19.90,19600,17.537
2011-06-21,20.365,20.47,20.28,20.325,6200,17.911
2011-06-20,20.225,20.515,20.225,20.47,7400,18.039
2011-06-17,20.31,20.60,20.31,20.60,36100,18.154
2011-06-16,20.555,20.555,20.41,20.41,16600,17.986
2011-06-15,20.55,20.68,20.52,20.60,3000,18.154
2011-06-14,20.70,20.90,20.51,20.515,9700,18.079
2011-06-13,20.83,20.935,20.70,20.73,13100,18.268
2011-06-10,20.31,20.46,20.295,20.46,8400,18.03
2011-06-09,20.30,20.50,20.20,20.30,25700,17.889
2011-06-08,20.25,20.51,20.25,20.30,15500,17.889
2011-06-07,20.305,20.49,20.11,20.40,27200,17.978
2011-06-06,20.31,20.31,20.00,20.20,3900,17.801
2011-06-03,20.70,20.70,20.50,20.50,23900,18.066
2011-06-02,20.30,20.775,20.30,20.775,13200,18.308
2011-06-01,20.15,20.895,20.15,20.40,31100,17.978
2011-05-31,20.05,20.74,20.005,20.275,35400,17.867
2011-05-30,20.00,20.05,20.00,20.00,8800,17.625
2011-05-27,20.20,20.20,19.805,20.01,71000,17.634
2011-05-26,19.60,20.295,19.60,20.00,39500,17.625
2011-05-25,20.00,20.005,19.62,19.63,83100,17.299
2011-05-24,20.22,20.22,19.90,20.00,65400,17.625
2011-05-23,20.20,20.20,19.805,19.90,281400,17.537
2011-05-20,19.84,20.22,19.80,20.10,34100,17.713
2011-05-19,19.70,20.00,19.70,19.99,57400,17.616
2011-05-18,19.71,19.895,19.65,19.75,45400,17.405
2011-05-17,20.30,20.30,19.69,19.975,47000,17.603
2011-05-16,20.00,20.15,19.90,20.00,83300,17.625
2011-05-13,19.875,20.245,19.80,20.00,17700,17.625
2011-05-12,20.46,20.46,19.85,19.99,13500,17.616
2011-05-11,20.47,20.50,19.55,20.50,45000,18.066
2011-05-10,20.385,20.745,20.35,20.485,58500,18.052
2011-05-09,20.50,20.50,20.25,20.40,31500,17.978
2011-05-06,20.48,20.48,19.715,20.35,78500,17.933
2011-05-05,20.50,20.55,20.30,20.45,70400,18.022
2011-05-04,20.75,20.75,20.40,20.45,91600,18.022
2011-05-03,20.80,20.90,20.455,20.80,39600,18.33
2011-05-02,20.55,20.89,20.265,20.60,67000,18.154
2011-04-29,20.50,20.585,20.33,20.33,44600,17.916
2011-04-28,20.40,20.67,20.315,20.60,38200,18.154
2011-04-27,20.60,20.855,20.30,20.40,80400,17.978
2011-04-26,20.00,20.74,20.00,20.74,18900,18.277
2011-04-21,20.15,20.15,20.00,20.05,48700,17.669
2011-04-20,20.38,20.38,20.00,20.15,74700,17.757
2011-04-19,19.70,20.40,19.655,20.10,71100,17.713
2011-04-18,20.41,20.415,19.60,19.60,73700,17.273
2011-04-15,20.25,20.40,20.00,20.40,158200,17.978
2011-04-14,20.00,20.27,19.765,20.055,159800,17.674
2011-04-13,20.06,20.46,19.945,20.00,319400,17.625
2011-04-12,20.435,20.48,19.49,20.09,522600,17.704
2011-04-11,20.84,20.89,20.00,20.50,849700,18.066
