Date,Open,High,Low,Close,Volume,Adj Close
2016-10-27,52.15,52.55,50.25,51.15,745400,51.15
2016-10-26,52.89,52.89,51.35,52.35,242200,52.35
2016-10-25,52.99,53.57,52.72,52.89,219100,52.89
2016-10-24,52.80,53.75,52.20,52.80,386100,52.80
2016-10-21,53.74,54.18,53.43,53.43,258500,53.43
2016-10-20,53.92,55.95,53.18,53.96,445100,53.96
2016-10-19,54.12,54.30,53.10,54.05,354600,54.05
2016-10-18,53.94,54.66,53.86,54.40,286300,54.40
2016-10-17,54.02,54.19,53.62,53.85,234700,53.85
2016-10-14,53.98,54.41,53.48,54.18,257000,54.18
2016-10-13,55.05,55.06,53.40,53.80,580300,53.80
2016-10-12,56.12,56.40,55.15,55.49,456200,55.49
2016-10-11,56.62,56.62,55.56,56.20,412800,56.20
2016-10-10,57.70,60.34,56.15,56.81,973200,56.81
2016-10-07,59.50,60.00,57.36,57.72,597600,57.72
2016-10-06,61.75,61.75,59.00,59.95,920900,59.95
2016-10-05,53.49,54.37,53.30,54.31,253200,54.31
2016-10-04,52.99,54.74,52.74,54.06,811200,54.06
2016-10-03,52.26,52.26,52.26,52.26,000,52.26
2016-09-30,51.53,52.29,51.02,52.26,611900,52.26
2016-09-29,51.05,51.30,50.48,50.60,219200,50.60
2016-09-28,50.83,51.05,50.50,50.73,183700,50.73
2016-09-27,50.25,50.85,50.15,50.67,304000,50.67
2016-09-26,50.06,50.47,50.04,50.07,259900,50.07
2016-09-23,50.58,50.98,50.54,50.54,177800,50.54
2016-09-22,49.945,51.01,49.895,50.85,326000,50.85
2016-09-21,49.90,50.00,49.535,49.63,234900,49.63
2016-09-20,49.44,49.86,49.115,49.555,200900,49.555
2016-09-19,49.395,49.65,49.14,49.45,193900,49.45
2016-09-16,48.83,49.305,48.605,49.00,488800,49.00
2016-09-15,48.28,49.195,48.21,49.075,328600,49.075
2016-09-14,48.32,49.02,48.045,48.515,406700,48.515
2016-09-13,48.25,48.80,48.075,48.475,505300,48.475
2016-09-12,43.72,49.095,43.23,48.655,1571400,48.655
2016-09-09,45.29,45.29,44.055,44.205,346700,44.205
2016-09-08,45.50,45.64,44.94,45.19,340800,45.19
2016-09-07,45.90,45.90,45.36,45.45,348600,45.45
2016-09-06,46.59,46.635,44.99,45.83,403400,45.83
2016-09-05,46.605,46.975,46.225,46.355,195700,46.355
2016-09-02,46.81,46.92,46.10,46.60,283300,46.60
2016-09-01,46.925,47.385,46.50,46.72,292800,46.72
2016-08-31,46.86,47.11,46.455,46.94,379400,46.94
2016-08-30,47.33,47.57,46.945,46.95,178700,46.95
2016-08-29,46.975,47.25,46.70,47.205,81900,47.205
2016-08-26,46.89,47.475,46.595,47.365,143800,47.365
2016-08-25,46.835,46.98,46.365,46.875,155700,46.875
2016-08-24,46.93,47.725,46.75,47.105,215900,47.105
2016-08-23,46.67,47.20,46.54,47.13,259200,47.13
2016-08-22,46.78,47.095,46.305,46.555,310300,46.555
2016-08-19,46.32,46.73,46.05,46.665,204800,46.665
2016-08-18,46.10,46.69,46.035,46.365,159800,46.365
2016-08-17,46.28,46.295,45.625,45.69,256800,45.69
2016-08-16,46.59,46.815,46.155,46.345,261500,46.345
2016-08-15,46.88,47.09,46.69,46.94,170500,46.94
2016-08-12,47.05,47.15,46.57,46.935,141500,46.935
2016-08-11,46.95,47.155,46.54,47.08,260900,47.08
2016-08-10,46.535,46.995,46.425,46.995,250800,46.995
2016-08-09,46.14,46.705,46.03,46.705,313000,46.705
2016-08-08,45.79,46.21,45.64,46.14,189400,46.14
2016-08-05,45.57,45.72,45.295,45.575,341200,45.575
2016-08-04,45.485,45.805,45.115,45.465,321100,45.465
2016-08-03,45.66,45.675,44.99,45.135,367800,45.135
2016-08-02,45.99,45.99,45.18,45.575,364700,45.575
2016-08-01,46.79,46.88,45.915,46.08,304500,46.08
2016-07-29,46.15,46.71,45.885,46.49,425000,46.49
2016-07-28,46.50,47.45,45.50,46.18,744600,46.18
2016-07-27,48.88,48.88,46.59,47.22,909700,47.22
2016-07-26,50.36,51.00,50.23,50.68,273100,50.68
2016-07-25,50.20,50.72,49.95,50.45,224600,50.45
2016-07-22,49.84,50.41,49.645,50.21,182900,50.21
2016-07-21,50.05,50.35,49.695,49.95,217100,49.95
2016-07-20,49.725,50.32,49.375,50.18,310900,50.18
2016-07-19,48.875,49.615,48.66,49.595,253000,49.595
2016-07-18,49.125,49.305,48.665,49.155,301100,49.155
2016-07-15,48.08,48.965,48.005,48.965,236700,48.965
2016-07-14,48.00,49.85,47.67,48.145,253500,48.145
2016-07-13,47.505,48.00,47.31,47.76,197300,47.76
2016-07-12,47.165,48.04,47.135,47.71,249600,47.71
2016-07-11,46.44,47.385,46.39,47.20,164600,47.20
2016-07-08,44.80,46.185,44.79,46.015,264800,46.015
2016-07-07,45.065,45.445,44.86,45.09,189300,45.09
2016-07-06,44.985,45.285,44.29,44.74,381800,44.74
2016-07-05,46.00,46.12,44.99,45.30,278900,45.30
2016-07-04,46.95,47.115,46.03,46.075,247100,46.075
2016-07-01,46.635,47.05,46.485,46.90,383600,46.90
2016-06-30,44.615,46.60,44.615,46.54,574000,46.54
2016-06-29,44.13,44.915,43.67,44.90,376600,44.90
2016-06-28,43.465,43.765,42.945,43.54,407300,43.54
2016-06-27,44.495,44.51,42.585,42.735,648400,42.735
2016-06-24,44.01,45.995,44.00,44.51,651800,44.51
2016-06-23,47.47,48.60,47.465,48.18,272200,48.18
2016-06-22,47.50,47.68,47.135,47.305,145900,47.305
2016-06-21,47.03,47.50,46.775,47.395,206700,47.395
2016-06-20,46.19,47.15,46.19,46.985,210100,46.985
2016-06-17,45.04,45.805,45.035,45.535,510800,45.535
2016-06-16,44.92,45.09,44.47,44.63,389000,44.63
2016-06-15,45.13,45.875,45.095,45.53,294100,45.53
2016-06-14,44.495,45.095,44.15,44.685,334700,44.685
2016-06-13,45.92,46.145,44.90,44.90,380200,44.90
2016-06-10,47.46,47.50,46.38,46.52,298200,46.52
2016-06-09,47.445,47.81,47.095,47.59,220700,47.59
2016-06-08,47.815,48.00,47.395,47.725,240600,47.725
2016-06-07,47.955,48.14,47.765,47.895,329600,47.895
2016-06-06,47.875,48.14,47.705,47.75,195700,47.75
2016-06-03,48.30,48.37,47.39,47.80,237100,47.80
2016-06-02,47.95,48.145,47.62,48.035,389200,48.035
2016-06-01,48.895,48.895,47.80,48.065,363600,48.065
2016-05-31,47.545,48.27,47.295,47.83,426300,47.83
2016-05-30,47.42,47.66,47.255,47.555,105600,47.555
2016-05-27,46.85,47.665,46.81,47.51,210000,47.51
2016-05-26,46.495,47.325,46.45,46.86,152600,46.86
2016-05-25,46.80,46.935,46.26,46.56,306000,46.56
2016-05-24,46.03,46.815,46.03,46.345,304500,46.345
2016-05-23,46.25,46.945,46.14,46.20,220900,46.20
2016-05-20,45.93,46.555,45.84,46.37,190600,46.37
2016-05-19,45.38,46.11,45.30,45.695,164800,45.695
2016-05-18,45.49,45.965,45.385,45.62,318100,45.62
2016-05-17,46.10,46.40,45.675,45.81,312400,45.81
2016-05-16,45.87,45.87,45.87,45.87,000,45.87
2016-05-13,45.51,46.01,45.20,45.87,246300,45.87
2016-05-12,45.475,46.20,45.205,45.68,213200,45.68
2016-05-11,46.00,46.00,45.335,45.905,209100,45.905
2016-05-10,45.615,45.975,45.52,45.93,274200,45.93
2016-05-09,45.49,45.74,45.085,45.285,175500,45.285
2016-05-06,44.81,45.195,44.49,45.10,187000,45.10
2016-05-05,44.535,45.01,44.31,44.825,159800,44.825
2016-05-04,44.80,44.90,44.04,44.29,248900,44.29
2016-05-03,45.12,45.15,44.395,44.825,251600,44.825
2016-05-02,45.16,46.26,45.16,45.38,204200,45.38
2016-04-29,45.24,45.995,45.175,45.575,301400,45.575
2016-04-28,45.78,45.78,44.40,45.615,485800,45.615
2016-04-27,45.40,46.40,45.18,46.395,268200,46.395
2016-04-26,45.505,45.935,45.15,45.58,230900,45.58
2016-04-25,45.885,45.885,44.915,45.145,234500,45.145
2016-04-22,44.595,45.79,44.415,45.63,289000,45.63
2016-04-21,45.44,45.67,44.18,44.655,384200,44.655
2016-04-20,45.65,45.995,45.25,45.50,407300,45.50
2016-04-19,46.70,47.585,45.22,45.68,1116800,45.68
2016-04-18,46.04,49.00,46.04,47.265,963000,47.265
2016-04-15,46.89,47.37,46.29,46.475,398800,46.475
2016-04-14,47.00,47.495,46.61,47.30,342800,47.30
2016-04-13,46.50,47.85,46.335,46.935,483600,46.935
2016-04-12,45.385,45.93,45.13,45.84,220000,45.84
2016-04-11,44.735,45.745,44.47,45.415,254800,45.415
2016-04-08,44.255,45.185,44.165,44.85,325600,44.85
2016-04-07,44.35,44.86,43.83,43.96,481400,43.96
2016-04-06,44.775,45.57,44.55,45.08,380400,45.08
2016-04-05,44.885,45.375,44.29,45.13,308200,45.13
2016-04-04,44.80,45.59,44.645,45.355,212500,45.355
2016-04-01,44.10,45.225,43.05,44.94,630300,44.94
2016-03-31,45.10,45.485,44.70,45.305,344600,45.305
2016-03-30,45.02,45.76,44.85,45.26,289700,45.26
2016-03-29,44.995,45.185,44.47,44.975,240000,44.975
2016-03-28,44.685,44.685,44.685,44.685,000,44.685
2016-03-25,44.685,44.685,44.685,44.685,000,44.685
2016-03-24,45.30,45.63,44.56,44.685,261700,44.685
2016-03-23,45.20,45.74,44.905,45.655,268800,45.655
2016-03-22,44.25,45.125,43.545,45.125,311600,45.125
2016-03-21,44.225,44.95,44.065,44.245,216000,44.245
2016-03-18,44.255,44.83,43.945,44.55,747600,44.55
2016-03-17,45.00,45.00,43.55,44.20,327800,44.20
2016-03-16,43.81,45.00,43.81,44.60,349500,44.60
2016-03-15,43.725,43.98,43.085,43.645,319300,43.645
2016-03-14,44.00,44.56,43.94,44.125,154100,44.125
2016-03-11,43.53,43.85,43.01,43.745,219300,43.745
2016-03-10,44.115,45.16,42.735,42.805,464500,42.805
2016-03-09,43.97,44.90,43.84,44.305,335700,44.305
2016-03-08,43.46,44.08,43.115,44.025,441700,44.025
2016-03-07,44.29,44.43,43.68,44.065,375300,44.065
2016-03-04,44.28,44.80,43.895,44.55,283800,44.55
2016-03-03,43.68,44.30,43.52,44.10,240500,44.10
2016-03-02,44.87,45.17,43.285,43.605,519200,43.605
2016-03-01,43.225,44.79,43.145,44.75,523200,44.75
2016-02-29,42.12,43.235,41.87,43.16,444700,43.16
2016-02-26,42.535,42.95,42.25,42.37,271800,42.37
2016-02-25,41.915,42.195,41.49,42.05,349500,42.05
2016-02-24,41.85,42.16,40.85,41.30,379600,41.30
2016-02-23,42.045,42.525,41.775,42.025,301800,42.025
2016-02-22,42.19,42.485,41.765,42.335,324800,42.335
2016-02-19,41.32,42.25,41.07,41.635,506700,41.635
2016-02-18,40.20,42.09,39.985,41.665,777100,41.665
2016-02-17,38.05,40.295,38.05,40.095,883200,40.095
2016-02-16,39.00,41.68,38.315,38.51,2266300,37.61
2016-02-15,38.49,38.935,38.155,38.58,335500,37.678
2016-02-12,37.835,38.25,37.20,37.545,461400,36.668
2016-02-11,38.36,38.365,36.94,37.575,485900,36.697
2016-02-10,38.00,39.415,37.635,38.80,635500,37.893
2016-02-09,37.665,38.00,36.77,37.43,586000,36.555
2016-02-08,38.96,39.325,37.395,37.775,656400,36.892
2016-02-05,39.435,39.885,38.935,38.935,487600,38.025
2016-02-04,39.895,40.19,39.095,39.375,532300,38.455
2016-02-03,39.53,40.055,38.385,39.11,774700,38.196
2016-02-02,40.88,40.985,39.35,39.78,699700,38.85
2016-02-01,41.25,41.69,40.955,41.215,436400,40.252
2016-01-29,40.25,41.075,39.595,41.05,768000,40.091
2016-01-28,40.015,40.38,39.28,39.425,548700,38.504
2016-01-27,38.87,40.155,38.87,40.015,787600,39.08
2016-01-26,38.63,39.635,38.53,38.795,913900,37.888
2016-01-25,38.60,39.04,38.24,38.62,605500,37.717
2016-01-22,38.55,39.49,38.265,38.40,793900,37.503
2016-01-21,37.00,38.65,37.00,37.83,798400,36.946
2016-01-20,38.025,38.255,36.82,37.20,616100,36.331
2016-01-19,38.25,39.75,38.095,38.815,825100,37.908
2016-01-18,35.56,39.44,35.465,37.48,1423700,36.604
2016-01-15,36.985,37.39,34.25,35.70,918800,34.866
2016-01-14,37.65,37.825,36.915,37.07,456400,36.204
2016-01-13,38.40,39.00,37.895,38.11,433200,37.219
2016-01-12,37.20,38.225,36.875,37.98,730400,37.092
2016-01-11,36.26,37.01,35.925,36.59,364200,35.735
2016-01-08,36.51,37.715,36.21,36.26,677400,35.413
2016-01-07,36.10,36.69,35.115,36.395,614500,35.544
2016-01-06,37.52,37.535,36.775,37.04,419000,36.174
2016-01-05,37.995,38.085,37.045,37.73,437500,36.848
2016-01-04,38.39,38.42,37.50,37.75,477000,36.868
2016-01-01,38.79,38.79,38.79,38.79,000,37.883
2015-12-31,38.79,38.79,38.79,38.79,000,37.883
2015-12-30,39.355,39.355,38.40,38.79,205200,37.883
2015-12-29,39.415,39.605,38.94,39.45,229900,38.528
2015-12-28,39.385,39.83,38.815,39.205,209400,38.289
2015-12-25,39.73,39.73,39.73,39.73,000,38.801
2015-12-24,39.73,39.73,39.73,39.73,000,38.801
2015-12-23,38.755,39.995,38.475,39.73,248700,38.801
2015-12-22,38.60,39.00,38.295,38.445,256900,37.547
2015-12-21,39.02,39.68,38.42,38.42,357900,37.522
2015-12-18,39.25,39.635,38.85,39.075,875300,38.162
2015-12-17,40.365,40.45,38.795,39.33,584500,38.411
2015-12-16,39.915,40.45,39.595,39.75,585100,38.821
2015-12-15,38.67,40.475,38.67,39.915,836000,38.982
2015-12-14,38.70,39.42,38.385,38.50,562900,37.60
2015-12-11,38.50,39.12,38.13,38.50,711100,37.60
2015-12-10,37.50,38.695,36.95,38.50,465000,37.60
2015-12-09,37.71,38.145,36.17,37.835,604300,36.951
2015-12-08,37.08,38.10,36.705,37.71,561900,36.829
2015-12-07,37.75,38.15,36.85,37.15,551400,36.282
2015-12-04,37.00,37.74,36.50,37.62,468500,36.741
2015-12-03,37.75,38.31,36.64,37.055,627300,36.189
2015-12-02,38.98,39.09,36.965,37.745,632300,36.863
2015-12-01,40.08,40.395,38.39,38.785,607700,37.879
2015-11-30,39.07,40.16,38.84,39.96,393200,39.026
2015-11-27,39.165,39.345,38.79,39.13,192100,38.216
2015-11-26,39.48,39.80,39.01,39.16,281900,38.245
2015-11-25,38.72,39.40,38.48,39.40,359600,38.479
2015-11-24,38.85,38.85,38.21,38.545,349100,37.644
2015-11-23,38.93,39.17,38.545,38.905,248200,37.996
2015-11-20,39.00,39.00,38.425,38.72,296000,37.815
2015-11-19,39.30,39.50,38.475,38.785,423900,37.879
2015-11-18,38.79,39.23,38.095,39.075,450200,38.162
2015-11-17,38.97,39.08,38.48,38.795,503200,37.888
2015-11-16,37.98,38.72,37.78,38.49,679400,37.59
2015-11-13,37.30,38.19,36.70,37.25,1088600,36.379
2015-11-12,36.48,39.88,36.42,37.24,2227300,36.37
2015-11-11,44.90,45.185,35.80,37.00,4556500,36.135
2015-11-10,53.00,53.08,51.03,51.48,381900,50.277
2015-11-09,54.52,54.82,52.50,52.63,302300,51.40
2015-11-06,53.68,54.98,53.56,54.67,262100,53.392
2015-11-05,54.25,54.72,53.35,53.80,273000,52.543
2015-11-04,53.90,54.66,53.52,53.96,200400,52.699
2015-11-03,54.41,54.42,53.31,53.99,236400,52.728
2015-11-02,52.99,54.59,52.93,54.24,176500,52.972
2015-10-30,53.56,54.40,53.08,53.51,218800,52.259
2015-10-29,52.89,53.35,52.66,53.25,204300,52.006
2015-10-28,52.60,53.01,52.30,52.89,120500,51.654
2015-10-27,52.70,53.31,52.33,52.50,167700,51.273
2015-10-26,52.99,53.39,52.34,52.56,246900,51.332
2015-10-23,52.13,53.67,52.01,53.06,333200,51.82
2015-10-22,50.56,51.86,50.16,51.70,187400,50.492
2015-10-21,49.91,51.23,49.71,50.50,243200,49.32
2015-10-20,49.155,50.48,49.155,49.845,248300,48.68
2015-10-19,48.61,49.265,48.48,48.99,162700,47.845
2015-10-16,48.28,48.89,48.005,48.655,375000,47.518
2015-10-15,47.535,48.09,46.955,48.035,148600,46.912
2015-10-14,46.79,47.48,46.335,47.22,246500,46.116
2015-10-13,47.80,47.80,46.54,47.12,257600,46.019
2015-10-12,48.475,48.60,47.35,47.73,223100,46.615
2015-10-09,49.60,49.745,48.30,48.425,386800,47.293
2015-10-08,48.50,49.665,48.50,49.40,183800,48.245
2015-10-07,50.28,50.44,48.605,48.605,420700,47.469
2015-10-06,49.28,50.41,48.92,49.93,323000,48.763
2015-10-05,48.95,49.98,48.90,49.30,408000,48.148
2015-10-02,47.995,48.535,47.62,48.46,382900,47.327
2015-10-01,46.825,47.71,46.825,47.185,465500,46.082
2015-09-30,45.635,46.785,45.545,46.215,366100,45.135
2015-09-29,44.065,45.20,43.705,44.695,410400,43.65
2015-09-28,44.80,45.155,44.18,44.555,315500,43.514
2015-09-25,45.00,45.445,44.78,45.00,310800,43.948
2015-09-24,46.465,46.715,43.98,44.225,451600,43.191
2015-09-23,46.50,47.15,45.92,46.455,280300,45.369
2015-09-22,47.855,48.005,46.445,46.545,333100,45.457
2015-09-21,46.835,47.855,46.505,47.515,352800,46.405
2015-09-18,49.035,49.035,47.075,47.075,809200,45.975
2015-09-17,48.64,49.385,48.545,49.035,711000,47.889
2015-09-16,48.92,49.33,48.00,48.60,234200,47.464
2015-09-15,48.50,48.715,47.35,48.44,191200,47.308
2015-09-14,49.00,49.40,48.16,48.28,232700,47.152
2015-09-11,49.49,49.685,48.60,49.00,283500,47.855
2015-09-10,49.02,49.92,48.92,49.38,206900,48.226
2015-09-09,49.30,50.19,49.205,49.355,318700,48.202
2015-09-08,47.22,48.265,47.22,47.86,180000,46.741
2015-09-07,47.495,47.56,46.825,47.11,185900,46.009
2015-09-04,48.205,48.485,46.96,47.035,252200,45.936
2015-09-03,48.10,49.42,48.10,48.855,273300,47.713
2015-09-02,46.91,47.84,46.65,47.555,327300,46.444
2015-09-01,46.40,46.81,45.80,46.505,306800,45.418
2015-08-31,46.72,47.20,46.115,47.16,177100,46.058
2015-08-28,47.575,47.685,46.585,47.045,192300,45.946
2015-08-27,47.60,47.745,46.80,47.315,261000,46.209
2015-08-26,46.445,47.26,45.59,46.25,294500,45.169
2015-08-25,45.855,47.80,45.37,47.095,430000,45.994
2015-08-24,42.90,45.56,42.22,45.105,618900,44.051
2015-08-21,46.565,47.485,45.80,45.80,438500,44.73
2015-08-20,49.575,49.60,47.62,47.78,346800,46.663
2015-08-19,51.63,51.77,49.805,50.00,225000,48.831
2015-08-18,51.00,52.32,50.84,52.10,187400,50.882
2015-08-17,51.80,52.24,50.41,51.24,143500,50.042
2015-08-14,50.80,51.75,50.80,51.55,164200,50.345
2015-08-13,51.36,51.60,50.55,50.65,178800,49.466
2015-08-12,51.76,51.76,50.13,50.33,335600,49.154
2015-08-11,53.36,53.61,52.26,52.27,217300,51.048
2015-08-10,53.65,54.02,53.19,53.64,286900,52.386
2015-08-07,53.73,53.91,53.08,53.33,260000,52.084
2015-08-06,54.00,54.59,53.71,53.73,198100,52.474
2015-08-05,54.93,55.32,54.11,54.11,376100,52.845
2015-08-04,54.16,55.38,54.07,54.88,525800,53.597
2015-08-03,51.82,54.10,51.56,54.00,515900,52.738
2015-07-31,51.07,51.87,51.00,51.84,364200,50.628
2015-07-30,49.085,50.98,49.085,50.98,448400,49.789
2015-07-29,49.90,49.90,48.555,49.555,261100,48.397
2015-07-28,48.78,49.68,48.425,48.915,296700,47.772
2015-07-27,49.825,49.89,48.30,48.30,315300,47.171
2015-07-24,49.625,50.24,49.265,49.435,231500,48.28
2015-07-23,50.05,50.36,49.40,49.75,219600,48.587
2015-07-22,48.94,50.16,48.445,49.895,326100,48.729
2015-07-21,49.41,50.84,48.835,49.00,845900,47.855
2015-07-20,46.51,49.26,46.51,49.26,391200,48.109
2015-07-17,46.07,46.50,45.905,46.50,292300,45.413
2015-07-16,45.995,46.115,45.66,46.00,316700,44.925
2015-07-15,45.65,45.77,45.105,45.42,176100,44.359
2015-07-14,46.10,46.325,45.42,45.79,236100,44.72
2015-07-13,46.045,46.70,45.785,46.22,385300,45.14
2015-07-10,45.25,45.60,44.25,45.565,229600,44.50
2015-07-09,42.80,44.49,42.67,44.39,374600,43.353
2015-07-08,43.13,43.13,41.775,42.43,507600,41.438
2015-07-07,44.60,44.695,42.88,42.99,297600,41.985
2015-07-06,43.94,44.60,43.73,44.385,173900,43.348
2015-07-03,45.31,45.31,44.55,44.85,215100,43.802
2015-07-02,45.815,46.215,45.26,45.31,306300,44.251
2015-07-01,43.60,46.13,43.51,45.83,671200,44.759
2015-06-30,43.155,43.325,42.48,42.955,432800,41.951
2015-06-29,41.50,43.62,41.21,43.185,338600,42.176
2015-06-26,43.60,45.13,43.49,44.79,388800,43.743
2015-06-25,42.725,44.095,41.895,43.875,690400,42.85
2015-06-24,44.50,44.65,43.52,44.05,375300,43.021
2015-06-23,44.405,44.57,44.06,44.34,438900,43.304
2015-06-22,45.16,45.40,43.635,44.13,730800,43.099
2015-06-19,44.50,45.46,44.30,44.51,1688800,43.47
2015-06-18,44.60,44.765,43.415,44.575,368700,43.533
2015-06-17,45.34,45.89,44.635,44.76,344000,43.714
2015-06-16,45.25,45.39,44.70,45.10,412100,44.046
2015-06-15,46.19,46.61,45.24,45.465,305800,44.402
2015-06-12,47.295,47.545,46.365,46.92,246900,45.823
2015-06-11,47.00,48.00,46.95,47.525,345900,46.414
2015-06-10,45.385,46.53,44.68,46.40,395100,45.316
2015-06-09,45.66,46.42,44.75,45.245,392000,44.188
2015-06-08,46.19,46.23,45.64,45.64,262100,44.573
2015-06-05,47.50,47.50,45.935,45.935,312800,44.861
2015-06-04,47.965,48.405,47.27,47.68,213400,46.566
2015-06-03,48.14,48.925,48.00,48.195,196700,47.069
2015-06-02,48.20,48.56,47.50,47.805,244400,46.688
2015-06-01,48.215,48.635,48.00,48.19,231100,47.064
2015-05-29,49.575,49.60,47.99,47.99,408200,46.868
2015-05-28,50.10,50.85,49.49,49.605,218000,48.446
2015-05-27,49.51,50.48,49.30,50.32,351600,49.144
2015-05-26,49.13,49.565,48.685,49.31,239000,48.158
2015-05-25,49.095,49.095,49.095,49.095,000,47.948
2015-05-22,49.44,49.525,48.84,49.095,201400,47.948
2015-05-21,49.18,49.685,48.68,49.49,246300,48.333
2015-05-20,49.54,49.635,49.03,49.09,270600,47.943
2015-05-19,48.36,49.685,48.325,49.61,402900,48.451
2015-05-18,47.55,48.67,47.125,48.15,226100,47.025
2015-05-15,47.70,48.03,46.975,47.345,175000,46.239
2015-05-14,46.675,48.005,46.34,47.62,171000,46.507
2015-05-13,46.945,48.63,46.705,46.875,292900,45.78
2015-05-12,47.04,47.255,46.37,46.70,399200,45.609
2015-05-11,46.50,47.25,46.50,47.20,228400,46.097
2015-05-08,46.015,46.80,45.70,46.775,316200,45.682
2015-05-07,44.935,45.535,44.225,45.475,426800,44.412
2015-05-06,46.745,46.805,45.10,45.33,422500,44.271
2015-05-05,47.30,48.045,46.74,46.74,378300,45.648
2015-05-04,47.33,48.10,46.90,47.35,338600,46.243
2015-05-01,47.16,47.16,47.16,47.16,000,46.058
2015-04-30,47.50,48.29,46.20,47.16,694000,46.058
2015-04-29,50.50,50.80,48.405,48.595,345000,47.459
2015-04-28,50.20,50.48,49.37,50.00,299500,48.831
2015-04-27,49.90,50.36,48.80,50.28,264400,49.105
2015-04-24,48.82,49.985,48.435,49.81,317900,48.646
2015-04-23,50.25,50.81,49.145,49.95,350000,48.783
2015-04-22,51.59,52.74,50.16,50.40,745400,49.222
2015-04-21,48.79,51.30,48.575,51.23,1110200,50.033
2015-04-20,47.64,48.40,47.52,48.37,291900,47.24
2015-04-17,48.17,49.42,46.48,46.77,807800,45.677
2015-04-16,47.125,47.315,46.075,46.28,218300,45.198
2015-04-15,47.48,47.95,46.28,47.20,237600,46.097
2015-04-14,47.72,47.72,47.13,47.285,297100,46.18
2015-04-13,47.095,48.245,46.865,47.92,323100,46.80
2015-04-10,46.99,47.74,46.90,47.275,289900,46.17
2015-04-09,46.10,46.905,46.10,46.905,186000,45.809
2015-04-08,46.335,46.485,45.82,45.995,178900,44.92
2015-04-07,46.25,46.73,45.90,46.245,316400,45.164
2015-04-06,46.195,46.195,46.195,46.195,000,45.115
2015-04-03,46.195,46.195,46.195,46.195,000,45.115
2015-04-02,46.90,47.15,46.00,46.195,388800,45.115
2015-04-01,46.20,47.25,45.965,47.235,467400,46.131
2015-03-31,45.45,47.10,45.26,46.30,697600,45.218
2015-03-30,44.11,45.22,44.11,45.00,332900,43.948
2015-03-27,43.69,44.49,43.50,43.965,342800,42.938
2015-03-26,43.50,43.835,42.755,43.59,472800,42.571
2015-03-25,45.77,46.385,44.59,44.59,248000,43.548
2015-03-24,44.80,46.115,44.505,45.99,257700,44.915
2015-03-23,45.985,46.25,44.705,45.165,273100,44.109
2015-03-20,45.315,46.795,45.30,46.00,620300,44.925
2015-03-19,45.15,45.72,44.64,45.195,414400,44.139
2015-03-18,44.775,45.275,44.51,45.085,290900,44.031
2015-03-17,45.50,45.645,44.29,44.785,361700,43.738
2015-03-16,44.635,45.70,44.42,45.56,335900,44.495
2015-03-13,44.315,44.85,43.695,44.715,283800,43.67
2015-03-12,44.275,45.62,43.59,44.335,632900,43.299
2015-03-11,41.115,44.48,41.115,43.985,1076500,42.957
2015-03-10,40.05,41.445,39.87,41.12,650900,40.159
2015-03-09,40.065,40.395,39.67,40.23,249700,39.29
2015-03-06,40.21,40.66,40.055,40.355,201100,39.412
2015-03-05,40.01,40.80,39.935,40.38,352400,39.436
2015-03-04,40.20,40.325,38.575,39.935,520400,39.002
2015-03-03,40.765,40.90,40.05,40.28,229600,39.339
2015-03-02,40.78,41.155,39.965,40.865,394500,39.91
2015-02-27,40.95,41.085,40.58,40.98,316900,40.022
2015-02-26,41.175,41.92,41.03,41.675,256400,39.822
2015-02-25,41.74,41.895,40.70,41.155,222500,39.325
2015-02-24,41.59,41.705,40.975,41.65,224400,39.798
2015-02-23,41.215,41.41,40.81,41.41,222400,39.569
2015-02-20,41.00,41.245,40.485,41.025,193700,39.201
2015-02-19,40.425,41.25,40.20,41.215,233700,39.383
2015-02-18,40.465,40.70,39.98,40.335,205900,38.542
2015-02-17,39.99,40.805,39.61,40.175,213500,38.389
2015-02-16,40.89,40.95,40.17,40.235,179400,38.446
2015-02-13,40.295,41.21,40.16,41.02,311000,39.196
2015-02-12,39.26,40.65,39.26,40.065,301500,38.284
2015-02-11,40.50,40.855,39.07,39.42,386300,37.667
2015-02-10,39.945,40.695,39.935,40.555,360200,38.752
2015-02-09,40.575,41.015,39.57,39.935,498900,38.159
2015-02-06,41.55,41.84,40.93,41.72,329300,39.865
2015-02-05,42.505,42.85,39.93,41.62,1033700,39.77
2015-02-04,42.92,44.69,42.305,43.59,1018700,41.652
2015-02-03,41.735,42.86,41.57,42.28,523200,40.40
2015-02-02,41.00,41.435,40.75,41.20,252400,39.368
2015-01-30,40.98,41.45,40.50,40.88,354900,39.062
2015-01-29,41.39,41.40,40.235,40.665,400400,38.857
2015-01-28,40.935,41.54,40.80,41.475,406100,39.631
2015-01-27,40.81,41.04,40.25,40.905,467900,39.086
2015-01-26,40.10,41.065,40.04,41.045,353900,39.22
2015-01-23,40.53,41.205,40.27,40.555,547700,38.752
2015-01-22,39.40,40.685,38.845,40.52,607900,38.718
2015-01-21,39.21,41.345,38.60,39.39,903300,37.639
2015-01-20,37.59,39.35,37.59,38.94,703100,37.209
2015-01-19,37.03,37.96,36.96,37.355,362400,35.694
2015-01-16,37.10,37.155,36.70,36.95,403200,35.307
2015-01-15,36.85,37.41,36.38,37.34,544600,35.68
2015-01-14,36.05,37.375,35.60,36.305,497400,34.691
2015-01-13,34.855,36.545,34.75,36.45,665400,34.829
2015-01-12,33.80,34.64,33.675,34.425,356600,32.894
2015-01-09,32.99,33.785,32.865,33.71,424900,32.211
2015-01-08,32.67,33.175,32.355,33.03,236300,31.561
2015-01-07,31.895,32.47,31.755,32.155,213500,30.725
2015-01-06,31.83,32.02,31.43,31.655,218300,30.248
2015-01-05,32.815,33.01,31.76,31.83,219600,30.415
2015-01-02,32.805,33.07,32.35,32.875,202300,31.413
2015-01-01,32.76,32.76,32.76,32.76,000,31.303
2014-12-31,32.76,32.76,32.76,32.76,000,31.303
2014-12-30,33.11,33.275,32.76,32.76,141800,31.303
2014-12-29,33.41,33.66,33.005,33.375,129200,31.891
2014-12-26,33.595,33.595,33.595,33.595,000,32.101
2014-12-25,33.595,33.595,33.595,33.595,000,32.101
2014-12-24,33.595,33.595,33.595,33.595,000,32.101
2014-12-23,33.35,33.795,33.285,33.595,192100,32.101
2014-12-22,33.415,34.00,33.30,33.35,244000,31.867
2014-12-19,33.485,33.93,33.04,33.19,526700,31.714
2014-12-18,32.735,33.50,32.52,33.37,419700,31.886
2014-12-17,32.355,33.28,32.225,32.255,490900,30.821
2014-12-16,31.50,32.72,30.985,32.525,477800,31.079
2014-12-15,31.515,32.28,31.235,31.29,258100,29.899
2014-12-12,31.325,32.12,31.26,31.46,280800,30.061
2014-12-11,31.26,31.51,30.42,31.47,528900,30.071
2014-12-10,32.975,33.32,31.98,32.085,300300,30.658
2014-12-09,32.70,33.05,32.40,32.85,317400,31.389
2014-12-08,32.87,32.98,32.67,32.95,278900,31.485
2014-12-05,32.85,33.275,32.595,32.985,231300,31.518
2014-12-04,33.20,33.20,32.43,32.65,255300,31.198
2014-12-03,33.085,33.19,32.81,33.04,194500,31.571
2014-12-02,33.65,33.76,32.90,32.99,206400,31.523
2014-12-01,33.23,33.805,32.62,33.635,456100,32.14
2014-11-28,33.92,33.92,33.245,33.40,198400,31.915
2014-11-27,34.00,34.00,33.235,33.46,205700,31.972
2014-11-26,34.13,34.20,33.745,33.895,255200,32.388
2014-11-25,34.15,34.155,33.55,34.01,417900,32.498
2014-11-24,33.975,34.205,33.65,34.085,313700,32.57
2014-11-21,33.35,34.11,33.35,33.935,317200,32.426
2014-11-20,33.375,33.44,33.025,33.20,249500,31.724
2014-11-19,33.565,33.675,32.985,33.33,206900,31.848
2014-11-18,33.125,33.525,32.825,33.365,314600,31.882
2014-11-17,32.95,33.09,32.615,32.85,213900,31.389
2014-11-14,32.90,33.27,32.555,33.15,440700,31.676
2014-11-13,31.00,32.85,30.835,32.79,778100,31.332
2014-11-12,30.82,31.04,30.35,30.63,326100,29.268
2014-11-11,31.585,31.585,30.535,30.79,321300,29.421
2014-11-10,31.195,31.595,31.05,31.335,275700,29.942
2014-11-07,31.36,31.665,30.795,31.275,515200,29.884
2014-11-06,29.02,31.655,29.00,30.55,1052600,29.192
2014-11-05,27.80,28.63,27.415,28.465,378300,27.199
2014-11-04,28.605,28.82,27.565,27.635,418400,26.406
2014-11-03,28.05,28.80,27.98,28.56,315900,27.29
2014-10-31,28.10,28.215,27.425,27.96,311900,26.717
2014-10-30,27.405,27.695,26.655,27.695,398900,26.464
2014-10-29,26.50,27.53,26.50,27.155,358700,25.948
2014-10-28,26.285,26.595,26.14,26.255,282100,25.088
2014-10-27,27.295,27.295,25.965,26.085,353300,24.925
2014-10-24,27.325,27.545,26.745,26.865,370500,25.671
2014-10-23,27.55,27.755,27.005,27.555,239700,26.33
2014-10-22,27.415,28.055,27.395,27.875,313400,26.636
2014-10-21,26.49,27.63,26.26,27.46,336500,26.239
2014-10-20,26.69,26.815,26.10,26.415,267300,25.241
2014-10-17,26.50,26.955,26.15,26.70,384900,25.513
2014-10-16,26.31,26.575,25.31,26.035,695400,24.877
2014-10-15,27.20,27.23,25.91,26.075,305600,24.916
2014-10-14,26.155,27.15,26.065,27.14,334000,25.933
2014-10-13,26.39,27.23,26.27,26.47,400700,25.293
2014-10-10,28.115,28.24,26.545,26.59,614100,25.408
2014-10-09,29.01,29.28,28.25,28.515,402200,27.247
2014-10-08,28.765,29.00,28.635,28.89,374700,27.606
2014-10-07,28.96,29.015,28.595,28.995,285500,27.706
2014-10-06,29.015,29.23,28.915,29.095,409100,27.801
2014-10-03,28.90,28.90,28.90,28.90,000,27.615
2014-10-02,29.215,29.575,28.855,28.90,425700,27.615
2014-10-01,29.50,29.645,29.32,29.37,464000,28.064
2014-09-30,29.665,29.895,29.38,29.495,430300,28.184
2014-09-29,29.665,29.99,29.435,29.645,286900,28.327
2014-09-26,30.775,30.775,29.80,29.87,437700,28.542
2014-09-25,31.30,31.505,30.82,30.875,278600,29.502
2014-09-24,31.56,31.695,31.24,31.545,173000,30.142
2014-09-23,32.56,32.56,31.62,31.735,282100,30.324
2014-09-22,32.625,33.335,32.49,32.745,166300,31.289
2014-09-19,32.735,33.10,32.39,32.915,574800,31.452
2014-09-18,32.475,32.74,32.275,32.535,203100,31.088
2014-09-17,32.505,32.875,32.395,32.50,173000,31.055
2014-09-16,32.645,32.68,32.20,32.39,197700,30.95
2014-09-15,32.725,33.095,32.63,32.875,121100,31.413
2014-09-12,32.81,32.97,32.67,32.91,86400,31.447
2014-09-11,33.20,33.50,32.725,32.88,227100,31.418
2014-09-10,32.87,33.34,32.65,33.195,223100,31.719
2014-09-09,33.18,33.455,32.675,32.70,186700,31.246
2014-09-08,33.09,33.195,32.52,33.135,179300,31.662
2014-09-05,32.70,33.195,32.57,33.015,207700,31.547
2014-09-04,32.00,32.73,31.75,32.70,271500,31.246
2014-09-03,32.14,32.25,31.60,31.99,163800,30.568
2014-09-02,32.25,32.29,31.835,31.92,206000,30.501
2014-09-01,31.795,32.13,31.55,32.035,171200,30.611
2014-08-29,32.07,32.25,31.355,31.82,256100,30.405
2014-08-28,32.70,32.705,31.82,32.095,232500,30.668
2014-08-27,32.60,32.905,32.44,32.715,166100,31.26
2014-08-26,32.30,32.665,32.025,32.555,300400,31.108
2014-08-25,32.655,32.75,32.175,32.345,152500,30.907
2014-08-22,32.035,32.65,32.00,32.345,289700,30.907
2014-08-21,31.93,32.07,31.54,32.03,287500,30.606
2014-08-20,32.005,32.05,31.645,32.025,241700,30.601
2014-08-19,31.925,32.33,31.925,32.125,312900,30.697
2014-08-18,31.99,32.04,31.16,31.91,291300,30.491
2014-08-15,31.645,32.07,31.49,31.605,247200,30.20
2014-08-14,31.29,32.04,31.20,31.46,437900,30.061
2014-08-13,30.80,31.48,30.665,31.065,388000,29.684
2014-08-12,31.36,31.565,30.785,30.80,232600,29.431
2014-08-11,30.89,31.755,30.73,31.30,446700,29.908
2014-08-08,30.325,30.905,29.985,30.45,507800,29.096
2014-08-07,30.695,31.135,30.29,30.60,588400,29.239
2014-08-06,29.91,30.00,29.37,29.875,354800,28.547
2014-08-05,29.16,30.39,29.16,30.20,389000,28.857
2014-08-04,30.00,30.00,28.90,29.175,557400,27.878
2014-08-01,30.175,30.21,28.80,30.035,700800,28.70
2014-07-31,31.30,31.30,29.92,30.33,924000,28.981
2014-07-30,35.05,35.05,31.11,31.235,1498500,29.846
2014-07-29,33.50,34.56,33.50,34.075,276600,32.56
2014-07-28,34.00,34.00,33.16,33.55,151700,32.058
2014-07-25,34.61,34.83,33.535,33.825,331300,32.321
2014-07-24,34.06,35.005,33.81,34.62,347300,33.081
2014-07-23,34.665,34.88,33.505,34.09,272300,32.574
2014-07-22,34.605,34.81,34.335,34.80,185800,33.253
2014-07-21,35.20,35.25,33.965,34.45,301500,32.918
2014-07-18,35.50,35.645,34.985,35.41,174000,33.836
2014-07-17,35.395,36.025,35.395,35.735,218400,34.146
2014-07-16,35.355,35.60,34.945,35.60,249500,34.017
2014-07-15,35.515,35.815,35.235,35.235,184900,33.668
2014-07-14,36.00,36.00,35.10,35.56,168900,33.979
2014-07-11,35.345,35.98,35.295,35.82,208400,34.227
2014-07-10,35.92,35.925,34.735,35.30,325900,33.731
2014-07-09,35.03,36.245,34.61,35.97,273200,34.371
2014-07-08,35.50,35.50,34.665,34.99,296500,33.434
2014-07-07,35.70,35.79,35.20,35.30,204300,33.731
2014-07-04,35.93,36.10,35.15,35.65,261600,34.065
2014-07-03,34.89,36.165,34.755,35.56,379500,33.979
2014-07-02,35.705,35.835,34.58,34.80,336200,33.253
2014-07-01,36.885,37.055,35.135,35.355,650800,33.783
2014-06-30,35.05,37.19,34.575,36.835,838200,35.197
2014-06-27,32.415,34.545,32.355,34.395,457300,32.866
2014-06-26,33.40,33.40,32.25,32.44,438600,30.998
2014-06-25,33.96,34.085,33.335,33.34,347900,31.858
2014-06-24,34.635,34.69,33.85,33.89,303100,32.383
2014-06-23,35.58,35.58,34.59,34.59,212200,33.052
2014-06-20,35.425,35.43,35.12,35.20,339900,33.635
2014-06-19,35.62,35.685,35.05,35.245,307500,33.678
2014-06-18,35.08,35.53,35.07,35.07,217100,33.511
2014-06-17,35.25,35.76,34.95,35.055,240300,33.496
2014-06-16,35.495,35.78,34.815,35.015,270100,33.458
2014-06-13,36.11,36.185,35.205,35.585,343400,34.003
2014-06-12,36.725,37.12,36.245,36.245,265500,34.633
2014-06-11,37.00,37.10,36.235,36.445,257000,34.825
2014-06-10,37.105,37.44,36.86,37.01,200600,35.364
2014-06-09,37.37,37.725,37.01,37.25,132900,35.594
2014-06-06,37.19,37.65,36.97,37.43,397200,35.766
2014-06-05,36.425,37.055,36.275,37.00,378800,35.355
2014-06-04,35.835,36.395,35.42,36.33,361300,34.715
2014-06-03,36.85,36.855,35.70,35.85,624500,34.256
2014-06-02,37.29,37.60,36.85,36.955,297600,35.312
2014-05-30,36.70,37.23,36.665,37.225,721300,35.57
2014-05-29,37.40,37.495,36.395,36.645,516800,35.016
2014-05-28,36.85,37.98,36.02,37.415,1893200,35.751
2014-05-27,40.20,40.30,39.845,40.035,219100,38.255
2014-05-26,39.595,40.265,39.37,40.195,176100,38.408
2014-05-23,39.35,39.79,39.01,39.29,178500,37.543
2014-05-22,38.645,39.29,38.405,39.15,267400,37.409
2014-05-21,38.185,38.85,37.925,38.675,208700,36.955
2014-05-20,38.28,38.55,38.055,38.285,211800,36.583
2014-05-19,37.835,38.62,37.815,38.08,393800,36.387
2014-05-16,38.70,38.80,37.81,38.015,369600,36.325
2014-05-15,40.095,40.30,38.955,39.00,334600,37.266
2014-05-14,40.74,40.74,39.55,39.76,349400,37.992
2014-05-13,40.595,40.745,39.805,40.135,443900,38.351
2014-05-12,39.70,40.24,39.30,40.185,516300,38.398
2014-05-09,39.60,39.74,38.825,38.885,391300,37.156
2014-05-08,38.29,39.945,38.29,39.065,545700,37.328
2014-05-07,37.655,38.35,36.99,37.85,816400,36.167
2014-05-06,38.00,38.095,36.665,36.92,509300,35.278
2014-05-05,38.06,38.09,37.30,37.645,409900,35.971
2014-05-02,38.87,38.88,37.555,37.95,919000,36.263
2014-05-01,37.73,37.73,37.73,37.73,000,36.052
2014-04-30,41.03,41.695,37.33,37.73,1336100,36.052
2014-04-29,40.385,41.50,39.32,41.455,828100,39.612
2014-04-28,39.845,40.66,39.775,40.04,281500,38.26
2014-04-25,40.21,40.76,39.315,39.56,493700,37.801
2014-04-24,41.50,41.94,39.82,40.875,796300,39.058
2014-04-23,42.33,42.42,41.295,41.53,500600,39.684
2014-04-22,44.265,44.265,41.77,42.685,583400,40.787
2014-04-21,44.04,44.04,44.04,44.04,000,42.082
2014-04-18,44.04,44.04,44.04,44.04,000,42.082
2014-04-17,42.31,44.50,41.925,44.04,383300,42.082
2014-04-16,42.36,42.80,41.95,42.31,275500,40.429
2014-04-15,43.00,43.745,41.615,41.735,392200,39.879
2014-04-14,41.95,42.50,40.46,41.78,576000,39.922
2014-04-11,43.23,43.28,41.735,42.825,419300,40.921
2014-04-10,44.10,45.12,43.055,43.71,571200,41.767
2014-04-09,43.545,43.865,42.37,43.00,478300,41.088
2014-04-08,44.61,44.64,42.655,43.43,540200,41.499
2014-04-07,46.00,46.575,44.185,44.20,757900,42.235
2014-04-04,47.82,48.195,47.145,47.55,241600,45.436
2014-04-03,47.01,48.265,46.95,47.74,328000,45.617
2014-04-02,46.785,47.16,46.65,46.92,276900,44.834
2014-04-01,47.375,47.405,44.73,46.70,701100,44.624
2014-03-31,46.23,47.065,45.95,47.065,442100,44.972
2014-03-28,45.89,46.35,45.74,45.92,190300,43.878
2014-03-27,46.25,46.90,45.515,45.69,370100,43.659
2014-03-26,46.025,47.065,46.025,46.265,236900,44.208
2014-03-25,46.75,46.845,45.595,45.66,429600,43.63
2014-03-24,46.46,46.465,44.38,44.56,296500,42.579
2014-03-21,46.39,46.75,46.115,46.25,365900,44.194
2014-03-20,46.215,46.785,45.895,46.15,331100,44.098
2014-03-19,47.31,47.695,46.40,46.40,328500,44.337
2014-03-18,47.845,48.31,47.005,47.065,358400,44.972
2014-03-17,46.21,48.02,46.145,47.87,236200,45.742
2014-03-14,46.80,47.00,45.30,46.23,606300,44.175
2014-03-13,47.38,48.215,47.08,47.505,284100,45.393
2014-03-12,47.95,48.35,46.815,47.195,265800,45.097
2014-03-11,48.335,48.50,47.765,47.845,232800,45.718
2014-03-10,49.00,49.80,48.125,48.265,267300,46.119
2014-03-07,50.70,50.75,48.80,49.17,385700,46.984
2014-03-06,49.845,50.65,49.60,50.46,321800,48.216
2014-03-05,49.51,50.13,49.23,49.70,373400,47.49
2014-03-04,48.015,49.365,47.90,49.30,347200,47.108
2014-03-03,48.77,48.83,47.29,47.60,431800,45.484
2014-02-28,49.51,49.90,48.755,49.255,399900,47.065
2014-02-27,48.54,48.76,48.23,48.575,302300,46.415
2014-02-26,49.33,49.33,47.75,48.305,314800,46.157
2014-02-25,49.035,49.165,48.255,49.165,272500,46.979
2014-02-24,48.835,49.70,48.80,49.035,327000,46.855
2014-02-21,48.11,48.835,48.00,48.805,261700,46.635
2014-02-20,48.765,48.86,47.415,47.89,382900,45.761
2014-02-19,48.61,49.365,48.445,49.315,282300,47.122
2014-02-18,48.505,48.765,48.12,48.615,311500,46.454
2014-02-17,48.65,49.00,48.29,48.50,262200,46.344
2014-02-14,47.27,48.565,47.265,48.31,339600,46.162
2014-02-13,46.905,47.245,46.60,47.22,276700,45.121
2014-02-12,47.265,47.265,46.58,47.16,362900,45.063
2014-02-11,46.655,47.25,46.47,46.85,354300,44.767
2014-02-10,46.58,47.015,46.25,46.635,327700,44.562
2014-02-07,46.90,47.00,46.035,46.30,376000,44.241
2014-02-06,46.00,47.095,45.855,46.70,469500,44.624
2014-02-05,45.07,46.12,45.07,45.745,437900,43.711
2014-02-04,43.29,45.525,42.41,45.20,560100,43.19
2014-02-03,43.535,44.915,43.435,43.765,465900,41.819
2014-01-31,44.02,44.835,42.91,43.445,763600,41.513
2014-01-30,44.82,44.97,42.53,44.425,1000800,42.45
2014-01-29,48.50,49.715,44.30,45.00,1242200,42.999
2014-01-28,45.43,47.115,45.33,46.17,567600,44.117
2014-01-27,44.82,45.165,42.62,44.90,606200,42.904
2014-01-24,46.38,46.85,45.05,45.085,463000,43.08
2014-01-23,47.25,47.90,46.30,46.64,590900,44.566
2014-01-22,47.47,47.815,46.835,47.465,390700,45.355
2014-01-21,46.305,47.265,46.295,47.055,431800,44.963
2014-01-20,46.52,47.15,46.24,46.39,226400,44.327
2014-01-17,46.60,47.035,46.05,46.72,398500,44.643
2014-01-16,46.20,46.57,45.865,46.45,516800,44.385
2014-01-15,43.77,45.85,43.77,45.75,414300,43.716
2014-01-14,43.205,44.01,43.15,43.69,301100,41.747
2014-01-13,44.755,44.93,43.655,44.00,393800,42.044
2014-01-10,43.35,44.545,43.35,44.40,435900,42.426
2014-01-09,43.00,44.06,43.00,43.255,409100,41.332
2014-01-08,41.935,43.61,41.82,43.06,526700,41.145
2014-01-07,41.00,41.905,40.68,41.625,403300,39.774
2014-01-06,41.10,41.21,40.74,40.95,267900,39.129
2014-01-03,40.64,41.11,40.305,41.00,310300,39.177
2014-01-02,41.465,41.635,40.57,40.64,328700,38.833
2014-01-01,41.00,41.00,41.00,41.00,000,39.177
2013-12-31,41.00,41.00,41.00,41.00,000,39.177
2013-12-30,41.00,41.195,40.485,41.00,155500,39.177
2013-12-27,40.69,41.095,40.37,41.00,268400,39.177
2013-12-26,40.53,40.53,40.53,40.53,000,38.728
2013-12-25,40.53,40.53,40.53,40.53,000,38.728
2013-12-24,40.53,40.53,40.53,40.53,000,38.728
2013-12-23,40.00,40.55,39.975,40.53,226300,38.728
2013-12-20,40.405,40.55,39.73,39.955,756600,38.179
2013-12-19,40.285,40.765,39.905,40.11,462500,38.327
2013-12-18,39.90,40.40,39.81,40.03,315800,38.25
2013-12-17,40.345,40.38,39.695,39.91,297400,38.136
2013-12-16,39.98,41.095,39.85,40.19,320200,38.403
2013-12-13,39.85,40.495,39.80,40.27,245100,38.48
2013-12-12,40.815,40.95,39.805,40.145,301300,38.36
2013-12-11,40.435,41.51,40.16,41.20,216700,39.368
2013-12-10,41.03,41.27,39.63,40.70,416400,38.89
2013-12-09,41.705,41.84,41.055,41.185,316600,39.354
2013-12-06,41.58,41.88,41.045,41.40,230200,39.559
2013-12-05,41.565,42.10,41.47,41.595,314100,39.746
2013-12-04,42.095,42.495,41.29,41.875,279200,40.013
2013-12-03,43.20,43.395,42.35,42.54,231300,40.649
2013-12-02,43.70,43.745,43.325,43.40,203900,41.47
2013-11-29,43.69,43.69,43.23,43.59,178800,41.652
2013-11-28,43.76,43.90,43.395,43.67,210400,41.728
2013-11-27,43.865,44.00,43.345,43.86,301000,41.91
2013-11-26,43.65,44.21,43.245,43.54,344900,41.604
2013-11-25,43.58,43.875,43.36,43.595,221300,41.657
2013-11-22,43.425,43.47,42.875,43.15,259300,41.231
2013-11-21,42.50,43.24,42.30,42.98,292600,41.069
2013-11-20,43.575,43.84,42.80,43.00,367000,41.088
2013-11-19,44.075,44.135,42.81,43.19,404500,41.27
2013-11-18,43.40,44.98,42.57,44.075,753100,42.115
2013-11-15,40.55,42.29,40.475,41.915,464800,40.051
2013-11-14,40.00,41.20,39.815,41.105,412400,39.277
2013-11-13,40.00,40.175,39.12,39.45,344600,37.696
2013-11-12,40.00,40.595,39.50,40.00,631000,38.222
2013-11-11,38.345,38.495,37.895,38.20,179800,36.502
2013-11-08,38.30,38.30,37.385,38.145,226200,36.449
2013-11-07,37.91,38.835,37.91,38.215,196900,36.516
2013-11-06,38.95,38.95,37.955,38.13,320600,36.435
2013-11-05,39.21,39.60,38.28,38.40,302100,36.693
2013-11-04,39.00,39.765,38.665,39.29,254500,37.543
2013-11-01,38.27,38.90,37.925,38.82,195800,37.094
2013-10-31,37.70,38.20,37.70,38.165,344900,36.468
2013-10-30,37.67,38.245,37.375,37.94,208100,36.253
2013-10-29,37.80,37.90,37.55,37.80,240400,36.119
2013-10-28,37.28,38.25,37.23,37.93,435600,36.244
2013-10-25,36.94,37.80,36.70,37.75,222800,36.072
2013-10-24,37.00,37.40,36.55,36.845,240800,35.207
2013-10-23,38.05,38.25,36.71,36.87,436600,35.231
2013-10-22,37.58,38.69,37.50,38.25,439700,36.549
2013-10-21,36.86,38.045,36.605,37.615,481200,35.943
2013-10-18,35.30,36.00,34.96,35.915,330700,34.318
2013-10-17,34.80,35.60,34.62,35.09,372000,33.53
2013-10-16,35.045,35.16,34.25,34.835,198500,33.286
2013-10-15,34.20,35.16,34.075,35.075,275700,33.516
2013-10-14,33.825,34.625,33.52,34.20,250300,32.679
2013-10-11,33.835,34.43,33.60,34.02,299600,32.507
2013-10-10,34.12,34.46,33.695,34.46,357700,32.928
2013-10-09,34.455,34.635,33.60,34.26,350600,32.737
2013-10-08,34.755,34.995,34.50,34.57,206300,33.033
2013-10-07,35.50,35.51,34.71,34.85,292200,33.301
2013-10-04,34.95,35.92,34.635,35.515,386600,33.936
2013-10-03,35.65,35.70,34.865,34.91,236600,33.358
2013-10-02,34.89,35.765,34.65,35.40,442400,33.826
2013-10-01,34.82,35.18,34.64,34.935,309200,33.382
2013-09-30,34.79,34.88,34.415,34.70,228700,33.157
2013-09-27,35.42,35.745,35.02,35.10,405100,33.539
2013-09-26,34.50,35.095,34.005,35.07,325700,33.511
2013-09-25,33.70,34.55,33.635,34.45,244900,32.918
2013-09-24,33.135,34.045,32.805,33.85,412500,32.345
2013-09-23,34.145,34.145,32.50,33.135,494000,31.662
2013-09-20,34.175,34.835,34.045,34.205,2003100,32.684
2013-09-19,33.80,34.195,33.655,34.165,478800,32.646
2013-09-18,33.45,33.655,33.115,33.42,284700,31.934
2013-09-17,32.645,33.45,32.485,33.40,280200,31.915
2013-09-16,32.925,32.945,32.25,32.65,270200,31.198
2013-09-13,32.225,32.595,32.05,32.41,123600,30.969
2013-09-12,32.175,32.59,32.01,32.565,255600,31.117
2013-09-11,32.675,33.20,31.935,32.19,313600,30.759
2013-09-10,32.46,32.77,31.975,32.63,324100,31.179
2013-09-09,31.495,31.94,31.18,31.905,237100,30.486
2013-09-06,31.57,31.665,31.155,31.40,282900,30.004
2013-09-05,31.00,31.815,30.855,31.57,342300,30.166
2013-09-04,30.97,31.185,30.71,31.015,258900,29.636
2013-09-03,30.25,31.075,30.215,30.81,215300,29.44
2013-09-02,30.45,30.98,30.38,30.50,248900,29.144
2013-08-30,30.105,30.39,29.91,30.29,504000,28.943
2013-08-29,30.71,30.95,30.10,30.20,419100,28.857
2013-08-28,30.975,31.065,30.65,30.835,344300,29.464
2013-08-27,30.995,31.455,30.70,31.23,419600,29.841
2013-08-26,32.02,32.29,30.89,31.00,222300,29.622
2013-08-23,31.71,32.09,31.30,31.95,217300,30.529
2013-08-22,31.85,32.10,31.33,31.81,383800,30.396
2013-08-21,30.93,31.845,30.09,31.675,286900,30.267
2013-08-20,30.63,30.995,30.22,30.96,221400,29.583
2013-08-19,31.205,31.205,30.05,30.71,311400,29.345
2013-08-16,30.405,31.175,30.405,31.15,287500,29.765
2013-08-15,31.06,31.10,30.28,30.655,243500,29.292
2013-08-14,30.305,31.275,29.86,31.00,404800,29.622
2013-08-13,31.945,32.20,30.21,30.69,484100,29.325
2013-08-12,31.58,32.045,31.375,32.03,472000,30.606
2013-08-09,30.15,31.69,30.145,31.625,508400,30.219
2013-08-08,29.255,30.40,29.215,30.29,605800,28.943
2013-08-07,28.20,29.355,28.16,29.35,399500,28.045
2013-08-06,28.88,29.00,28.335,28.42,460000,27.156
2013-08-05,28.875,29.20,28.705,29.02,317400,27.73
2013-08-02,28.895,29.155,28.735,29.01,490900,27.72
2013-08-01,29.44,29.45,28.62,28.99,491000,27.701
2013-07-31,29.15,29.80,28.52,29.30,1115500,27.997
2013-07-30,27.74,27.975,27.24,27.36,434700,26.144
2013-07-29,27.82,28.23,27.555,27.655,335500,26.425
2013-07-26,28.00,28.22,27.605,27.93,307400,26.688
2013-07-25,28.16,28.25,27.44,28.05,572300,26.803
2013-07-24,28.705,29.00,28.30,28.45,559000,27.185
2013-07-23,28.90,29.39,28.35,29.00,541900,27.711
2013-07-22,28.70,29.60,28.335,29.375,545400,28.069
2013-07-19,28.21,28.90,27.90,28.76,810400,27.481
2013-07-18,27.32,28.70,27.305,28.675,824100,27.40
2013-07-17,27.85,28.10,27.28,27.445,993800,26.225
2013-07-16,27.18,28.295,27.18,28.075,929600,26.827
2013-07-15,27.07,27.49,26.955,27.25,796000,26.038
2013-07-12,27.80,27.84,26.61,27.065,1669800,25.862
2013-07-11,27.85,28.14,27.245,27.795,1137200,26.559
2013-07-10,27.50,28.20,27.02,27.645,2566100,26.416
2013-07-09,24.70,28.74,24.68,27.84,9641600,26.602
2013-07-08,24.00,24.00,22.995,23.80,20756600,22.742
2013-07-05,24.00,24.00,24.00,24.00,000,22.933
