Date,Open,High,Low,Close,Volume,Adj Close
2016-10-27,9.465,9.593,9.393,9.593,166200,9.593
2016-10-26,9.33,9.484,9.323,9.453,214000,9.453
2016-10-25,9.43,9.43,9.32,9.42,269500,9.42
2016-10-24,9.283,9.466,9.27,9.373,223800,9.373
2016-10-21,9.186,9.26,9.12,9.212,175000,9.212
2016-10-20,9.05,9.168,9.05,9.159,298900,9.159
2016-10-19,8.874,9.047,8.874,9.03,205300,9.03
2016-10-18,8.93,8.947,8.824,8.901,260200,8.901
2016-10-17,8.84,8.939,8.772,8.899,267300,8.899
2016-10-14,8.70,8.849,8.70,8.84,464000,8.84
2016-10-13,8.885,8.885,8.66,8.70,333700,8.70
2016-10-12,8.90,8.94,8.85,8.921,283400,8.921
2016-10-11,8.855,8.935,8.775,8.87,273900,8.87
2016-10-10,8.747,8.85,8.61,8.85,283200,8.85
2016-10-07,8.591,8.74,8.58,8.72,322600,8.72
2016-10-06,8.56,8.679,8.512,8.617,240400,8.617
2016-10-05,8.51,8.593,8.45,8.523,333300,8.523
2016-10-04,8.347,8.534,8.334,8.534,356400,8.534
2016-10-03,8.32,8.32,8.32,8.32,000,8.32
2016-09-30,8.101,8.32,7.879,8.32,761400,8.32
2016-09-29,8.25,8.32,8.20,8.23,182700,8.23
2016-09-28,8.22,8.329,8.16,8.17,217200,8.17
2016-09-27,8.367,8.367,8.025,8.15,392500,8.15
2016-09-26,8.427,8.427,8.21,8.299,272300,8.299
2016-09-23,8.537,8.537,8.412,8.435,195900,8.435
2016-09-22,8.45,8.625,8.411,8.525,296100,8.525
2016-09-21,8.459,8.54,8.405,8.431,234800,8.431
2016-09-20,8.47,8.481,8.339,8.381,155200,8.381
2016-09-19,8.413,8.562,8.369,8.497,134100,8.497
2016-09-16,8.444,8.509,8.372,8.388,224100,8.388
2016-09-15,8.42,8.486,8.332,8.452,305200,8.452
2016-09-14,8.605,8.617,8.407,8.433,217800,8.433
2016-09-13,8.77,8.77,8.568,8.584,203500,8.584
2016-09-12,8.79,8.79,8.504,8.72,331900,8.72
2016-09-09,8.846,9.055,8.806,8.863,273500,8.863
2016-09-08,8.775,8.91,8.696,8.854,244900,8.854
2016-09-07,8.881,8.881,8.66,8.796,176700,8.796
2016-09-06,8.861,8.93,8.787,8.793,195700,8.793
2016-09-05,8.82,8.861,8.69,8.80,220400,8.80
2016-09-02,8.71,8.877,8.60,8.83,189400,8.83
2016-09-01,8.729,8.83,8.68,8.769,307100,8.769
2016-08-31,8.489,8.75,8.489,8.715,405300,8.715
2016-08-30,8.43,8.64,8.37,8.557,270800,8.557
2016-08-29,8.51,8.536,8.31,8.379,242100,8.379
2016-08-26,8.514,8.61,8.49,8.565,113400,8.565
2016-08-25,8.668,8.697,8.481,8.55,214300,8.55
2016-08-24,8.523,8.737,8.484,8.692,287100,8.692
2016-08-23,8.326,8.581,8.303,8.56,692200,8.56
2016-08-22,8.135,8.343,8.074,8.306,354200,8.306
2016-08-19,8.147,8.147,8.011,8.10,414200,8.10
2016-08-18,8.195,8.264,8.10,8.16,280500,8.16
2016-08-17,8.283,8.346,8.15,8.153,305700,8.153
2016-08-16,8.20,8.354,8.173,8.25,326600,8.25
2016-08-15,8.332,8.337,8.069,8.251,691200,8.251
2016-08-12,8.73,8.78,8.18,8.30,1522700,8.30
2016-08-11,9.00,9.00,8.85,8.903,311200,8.903
2016-08-10,8.71,9.00,8.71,8.996,330700,8.996
2016-08-09,8.729,8.731,8.524,8.668,349300,8.668
2016-08-08,8.60,8.697,8.54,8.678,198300,8.678
2016-08-05,8.368,8.557,8.357,8.517,146300,8.517
2016-08-04,8.301,8.483,8.294,8.383,226300,8.383
2016-08-03,8.10,8.313,8.065,8.261,404100,8.261
2016-08-02,8.392,8.392,8.031,8.093,550500,8.093
2016-08-01,8.63,8.63,8.36,8.392,261500,8.392
2016-07-29,8.428,8.63,8.39,8.58,230100,8.58
2016-07-28,8.424,8.484,8.331,8.42,119500,8.42
2016-07-27,8.486,8.538,8.301,8.383,276300,8.383
2016-07-26,8.493,8.515,8.373,8.446,143400,8.446
2016-07-25,8.515,8.515,8.40,8.477,171800,8.477
2016-07-22,8.501,8.549,8.47,8.48,157200,8.48
2016-07-21,8.55,8.611,8.479,8.496,112400,8.496
2016-07-20,8.47,8.66,8.47,8.577,122400,8.577
2016-07-19,8.545,8.55,8.321,8.459,290500,8.459
2016-07-18,8.63,8.63,8.437,8.545,139600,8.545
2016-07-15,8.53,8.688,8.489,8.574,240300,8.574
2016-07-14,8.35,8.526,8.341,8.523,494200,8.523
2016-07-13,8.412,8.469,8.212,8.247,470300,8.247
2016-07-12,8.237,8.479,8.17,8.40,481100,8.40
2016-07-11,8.34,8.373,8.106,8.19,380200,8.19
2016-07-08,7.943,8.278,7.943,8.23,363400,8.23
2016-07-07,8.05,8.098,7.87,7.941,613500,7.941
2016-07-06,8.46,8.472,7.896,7.953,1083300,7.953
2016-07-05,8.76,8.82,8.487,8.487,431200,8.487
2016-07-04,9.04,9.069,8.711,8.765,376000,8.765
2016-07-01,8.96,9.177,8.701,9.00,659400,9.00
2016-06-30,8.909,9.03,8.73,8.85,964300,8.85
2016-06-29,8.95,9.015,8.829,8.966,343000,8.966
2016-06-28,8.582,8.92,8.582,8.848,583900,8.848
2016-06-27,9.20,9.20,8.311,8.462,1400800,8.462
2016-06-24,9.161,9.543,9.06,9.20,1140900,9.20
2016-06-23,9.999,10.00,9.804,9.899,167900,9.899
2016-06-22,10.01,10.145,9.90,9.919,340200,9.919
2016-06-21,9.92,10.005,9.751,9.955,294000,9.955
2016-06-20,9.843,10.00,9.80,9.922,350400,9.922
2016-06-17,9.478,9.74,9.45,9.67,293800,9.67
2016-06-16,9.388,9.423,9.28,9.365,396400,9.365
2016-06-15,9.65,9.789,9.521,9.55,280300,9.55
2016-06-14,9.365,9.565,9.20,9.56,553100,9.56
2016-06-13,9.411,9.411,9.209,9.30,317900,9.30
2016-06-10,9.71,9.786,9.427,9.516,393200,9.516
2016-06-09,10.02,10.08,9.721,9.807,265500,9.807
2016-06-08,10.05,10.135,10.00,10.10,277000,10.10
2016-06-07,10.19,10.305,10.055,10.075,249200,10.075
2016-06-06,9.87,10.13,9.87,10.09,353400,10.09
2016-06-03,10.30,10.32,9.672,9.70,445600,9.70
2016-06-02,10.03,10.31,10.03,10.27,251700,10.27
2016-06-01,10.345,10.345,9.99,10.025,458600,10.025
2016-05-31,10.80,10.865,10.26,10.26,515100,10.26
2016-05-30,10.495,10.835,10.47,10.68,327100,10.68
2016-05-27,9.95,10.40,9.95,10.365,559800,10.365
2016-05-26,9.945,10.03,9.918,9.978,306900,9.978
2016-05-25,9.975,10.06,9.913,9.966,395500,9.966
2016-05-24,9.762,10.00,9.753,9.923,288900,9.923
2016-05-23,9.85,9.948,9.62,9.80,474400,9.80
2016-05-20,9.526,9.87,9.526,9.771,471000,9.771
2016-05-19,9.35,9.55,9.25,9.473,399700,9.473
2016-05-18,9.106,9.55,9.09,9.383,757300,9.383
2016-05-17,9.101,9.201,9.05,9.072,396300,9.072
2016-05-16,9.44,9.44,9.44,9.44,000,9.44
2016-05-13,9.09,9.44,9.049,9.44,753400,9.44
2016-05-12,8.932,9.119,8.712,9.07,499000,8.64
2016-05-11,9.024,9.03,8.751,8.873,433900,8.452
2016-05-10,8.749,9.05,8.749,8.944,304700,8.52
2016-05-09,8.621,8.767,8.597,8.696,203900,8.284
2016-05-06,8.769,8.769,8.521,8.521,520400,8.117
2016-05-05,9.02,9.02,8.703,8.703,279300,8.29
2016-05-04,9.009,9.016,8.938,8.947,256800,8.523
2016-05-03,9.22,9.315,8.934,8.934,424500,8.51
2016-05-02,9.30,9.32,9.21,9.25,153400,8.811
2016-04-29,9.279,9.319,9.166,9.20,604200,8.764
2016-04-28,9.07,9.269,9.03,9.246,368500,8.808
2016-04-27,9.08,9.122,9.017,9.03,371100,8.602
2016-04-26,9.029,9.04,8.98,9.013,490100,8.586
2016-04-25,9.01,9.029,8.96,8.97,326000,8.545
2016-04-22,9.03,9.03,8.962,8.98,257900,8.554
2016-04-21,9.048,9.095,8.948,8.99,374300,8.564
2016-04-20,8.90,9.078,8.85,9.00,377500,8.573
2016-04-19,8.86,8.983,8.811,8.885,288100,8.464
2016-04-18,8.76,8.831,8.725,8.78,185900,8.364
2016-04-15,8.90,8.95,8.73,8.735,290700,8.321
2016-04-14,8.799,8.952,8.725,8.90,342600,8.478
2016-04-13,8.80,8.851,8.685,8.75,626600,8.335
2016-04-12,8.775,8.814,8.60,8.65,303900,8.24
2016-04-11,8.78,8.815,8.662,8.71,180500,8.297
2016-04-08,8.628,8.805,8.545,8.697,168000,8.285
2016-04-07,8.819,8.819,8.629,8.635,165400,8.226
2016-04-06,8.79,8.937,8.65,8.726,144500,8.312
2016-04-05,8.975,8.998,8.714,8.813,123500,8.395
2016-04-04,9.08,9.111,8.90,8.96,163800,8.535
2016-04-01,8.89,9.117,8.831,8.981,135600,8.555
2016-03-31,9.10,9.119,8.936,9.00,428600,8.573
2016-03-30,9.111,9.228,9.057,9.093,142200,8.662
2016-03-29,9.199,9.299,9.013,9.041,125100,8.612
2016-03-28,9.107,9.107,9.107,9.107,000,8.675
2016-03-25,9.107,9.107,9.107,9.107,000,8.675
2016-03-24,9.32,9.357,9.055,9.107,149600,8.675
2016-03-23,9.50,9.509,9.224,9.367,163100,8.923
2016-03-22,9.50,9.509,9.279,9.489,85100,9.039
2016-03-21,9.565,9.664,9.454,9.46,154300,9.012
2016-03-18,9.472,9.666,9.259,9.551,604100,9.098
2016-03-17,9.713,9.75,9.427,9.585,313300,9.131
2016-03-16,9.766,9.864,9.566,9.626,339700,9.17
2016-03-15,9.90,9.90,9.56,9.70,303300,9.24
2016-03-14,9.50,9.90,9.487,9.873,210500,9.405
2016-03-11,9.291,9.49,9.201,9.49,197400,9.04
2016-03-10,9.201,9.351,9.07,9.173,241800,8.738
2016-03-09,9.25,9.268,9.066,9.10,136500,8.669
2016-03-08,9.12,9.341,9.049,9.258,217600,8.819
2016-03-07,9.20,9.294,8.971,9.128,197500,8.695
2016-03-04,8.996,9.319,8.981,9.19,308300,8.754
2016-03-03,9.07,9.07,8.811,8.898,497000,8.476
2016-03-02,8.85,9.32,8.70,9.002,977600,8.575
2016-03-01,8.421,8.643,8.32,8.60,615200,8.192
2016-02-29,8.30,8.442,8.22,8.347,469000,7.951
2016-02-26,8.45,8.527,8.257,8.257,330600,7.866
2016-02-25,8.363,8.49,8.213,8.275,345900,7.883
2016-02-24,8.34,8.498,8.203,8.264,255500,7.872
2016-02-23,8.25,8.51,8.226,8.307,153200,7.913
2016-02-22,8.20,8.387,8.09,8.264,243400,7.872
2016-02-19,8.285,8.35,8.066,8.181,327900,7.793
2016-02-18,8.00,8.59,7.85,8.36,315600,7.964
2016-02-17,7.838,8.001,7.73,7.916,287000,7.541
2016-02-16,8.106,8.16,7.727,7.763,304600,7.395
2016-02-15,7.989,8.144,7.837,8.031,283700,7.65
2016-02-12,7.60,7.775,7.531,7.675,411100,7.311
2016-02-11,8.077,8.10,7.29,7.432,714500,7.08
2016-02-10,7.96,8.23,7.938,8.15,312600,7.764
2016-02-09,8.30,8.321,7.90,7.926,406800,7.55
2016-02-08,8.69,8.849,8.325,8.35,321800,7.954
2016-02-05,8.83,8.967,8.61,8.657,341100,8.247
2016-02-04,9.037,9.05,8.711,8.809,524400,8.391
2016-02-03,8.97,9.046,8.888,8.958,312900,8.533
2016-02-02,9.31,9.346,8.60,8.86,393700,8.44
2016-02-01,9.628,9.639,9.201,9.304,278000,8.863
2016-01-29,9.604,9.876,9.446,9.543,213200,9.091
2016-01-28,9.787,9.909,9.50,9.52,85100,9.069
2016-01-27,9.856,9.888,9.727,9.875,40400,9.407
2016-01-26,9.75,9.897,9.604,9.782,157700,9.318
2016-01-25,10.045,10.045,9.785,9.83,71500,9.364
2016-01-22,9.66,10.045,9.51,9.96,195300,9.488
2016-01-21,9.65,9.69,9.375,9.489,213100,9.039
2016-01-20,9.95,9.95,9.60,9.626,337500,9.17
2016-01-19,10.19,10.19,9.943,10.06,76300,9.583
2016-01-18,10.24,10.27,10.005,10.005,193400,9.531
2016-01-15,10.13,10.29,9.901,10.195,264800,9.712
2016-01-14,10.355,10.365,10.05,10.20,256100,9.716
2016-01-13,10.51,10.53,10.31,10.45,153900,9.955
2016-01-12,10.35,10.50,10.31,10.40,289700,9.907
2016-01-11,10.315,10.44,10.275,10.34,218800,9.85
2016-01-08,10.525,10.63,10.30,10.39,175700,9.897
2016-01-07,10.80,10.90,10.445,10.595,320500,10.093
2016-01-06,10.93,11.01,10.815,10.98,141000,10.459
2016-01-05,10.96,11.00,10.83,10.99,164700,10.469
2016-01-04,11.19,11.19,10.79,10.895,180600,10.378
2016-01-01,11.20,11.20,11.20,11.20,000,10.669
2015-12-31,11.20,11.20,11.20,11.20,000,10.669
2015-12-30,11.25,11.30,11.115,11.20,365500,10.669
2015-12-29,11.00,11.30,10.955,11.30,585300,10.764
2015-12-28,10.95,11.055,10.895,11.05,846300,10.526
2015-12-25,10.915,10.915,10.915,10.915,000,10.398
2015-12-24,10.915,10.915,10.915,10.915,000,10.398
2015-12-23,10.86,10.96,10.83,10.915,73900,10.398
2015-12-22,10.97,10.97,10.675,10.795,106700,10.283
2015-12-21,10.72,10.99,10.625,10.90,121000,10.383
2015-12-18,10.33,10.70,10.315,10.70,1704100,10.193
2015-12-17,10.44,10.44,10.34,10.36,122100,9.869
2015-12-16,10.40,10.425,10.25,10.28,261600,9.793
2015-12-15,10.405,10.45,10.355,10.355,187900,9.864
2015-12-14,10.50,10.53,10.34,10.40,157700,9.907
2015-12-11,10.56,10.68,10.30,10.575,300200,10.074
2015-12-10,10.725,10.755,10.565,10.60,116200,10.097
2015-12-09,10.79,10.845,10.74,10.795,175700,10.283
2015-12-08,10.95,10.95,10.75,10.82,76700,10.307
2015-12-07,10.915,11.04,10.90,10.995,196800,10.474
2015-12-04,10.765,10.875,10.665,10.83,224500,10.317
2015-12-03,11.02,11.02,10.665,10.67,237800,10.164
2015-12-02,11.10,11.10,10.92,10.97,158500,10.45
2015-12-01,10.86,11.07,10.86,11.01,317400,10.488
2015-11-30,10.645,10.95,10.56,10.95,2016400,10.431
2015-11-27,10.655,10.675,10.55,10.61,134500,10.107
2015-11-26,10.635,10.715,10.58,10.595,150500,10.093
2015-11-25,10.80,10.80,10.57,10.595,150900,10.093
2015-11-24,10.795,10.80,10.66,10.74,199600,10.231
2015-11-23,10.85,10.92,10.735,10.79,144500,10.278
2015-11-20,10.99,10.99,10.765,10.80,179800,10.288
2015-11-19,11.10,11.10,10.825,10.90,165400,10.383
2015-11-18,11.005,11.045,10.90,11.00,122300,10.479
2015-11-17,11.075,11.15,10.90,11.00,294400,10.479
2015-11-16,11.00,11.06,10.90,11.02,225000,10.498
2015-11-13,10.61,11.16,10.54,10.95,454200,10.431
2015-11-12,11.00,11.00,10.345,10.425,366500,9.931
2015-11-11,10.775,10.785,10.605,10.68,148400,10.174
2015-11-10,10.96,10.96,10.58,10.62,221800,10.117
2015-11-09,11.25,11.25,10.825,10.825,194800,10.312
2015-11-06,11.16,11.17,11.09,11.145,67000,10.617
2015-11-05,11.14,11.19,11.00,11.12,190800,10.593
2015-11-04,11.20,11.22,10.995,11.095,124400,10.569
2015-11-03,11.20,11.20,11.125,11.14,133100,10.612
2015-11-02,11.20,11.22,11.14,11.195,106400,10.664
2015-10-30,11.29,11.29,11.16,11.20,175000,10.669
2015-10-29,11.29,11.29,11.055,11.26,103700,10.726
2015-10-28,11.09,11.33,11.03,11.14,154600,10.612
2015-10-27,11.01,11.03,10.89,10.97,199700,10.45
2015-10-26,10.88,10.95,10.84,10.95,167000,10.431
2015-10-23,10.75,10.95,10.67,10.73,308200,10.221
2015-10-22,10.50,10.735,10.435,10.735,178500,10.226
2015-10-21,10.35,10.55,10.23,10.39,193900,9.897
2015-10-20,10.425,10.565,10.34,10.36,56900,9.869
2015-10-19,10.575,10.64,10.45,10.505,39100,10.007
2015-10-16,10.52,10.70,10.515,10.56,53100,10.059
2015-10-15,10.40,10.64,10.40,10.505,64400,10.007
2015-10-14,10.54,10.60,10.32,10.375,194600,9.883
2015-10-13,10.955,10.955,10.515,10.60,118200,10.097
2015-10-12,10.915,11.09,10.88,10.935,89400,10.417
2015-10-09,11.115,11.115,10.81,10.91,116200,10.393
2015-10-08,10.99,11.165,10.905,10.92,57300,10.402
2015-10-07,11.11,11.11,10.90,10.97,133200,10.45
2015-10-06,10.83,10.975,10.805,10.915,61200,10.398
2015-10-05,10.63,10.93,10.50,10.93,114200,10.412
2015-10-02,10.57,10.60,10.435,10.53,151100,10.031
2015-10-01,10.45,10.61,10.41,10.46,117800,9.964
2015-09-30,10.475,10.58,10.325,10.40,212700,9.907
2015-09-29,10.295,10.40,10.22,10.29,238100,9.802
2015-09-28,10.85,10.89,10.25,10.31,427200,9.821
2015-09-25,11.045,11.05,10.83,10.87,368900,10.355
2015-09-24,11.10,11.15,10.80,10.85,306600,10.336
2015-09-23,11.04,11.165,10.98,11.165,117100,10.636
2015-09-22,11.15,11.19,10.90,11.015,278700,10.493
2015-09-21,10.96,11.12,10.80,11.05,355000,10.526
2015-09-18,11.48,11.51,10.95,10.95,1961700,10.431
2015-09-17,11.58,11.65,11.30,11.30,112900,10.764
2015-09-16,11.70,11.70,11.53,11.58,47100,11.031
2015-09-15,11.50,11.625,11.50,11.575,40400,11.026
2015-09-14,11.685,11.685,11.505,11.59,85800,11.041
2015-09-11,11.70,11.70,11.59,11.61,41500,11.06
2015-09-10,11.595,11.755,11.595,11.68,78400,11.126
2015-09-09,11.71,11.90,11.695,11.70,145100,11.145
2015-09-08,11.70,11.805,11.58,11.73,90200,11.174
2015-09-07,11.63,11.765,11.63,11.71,32000,11.155
2015-09-04,11.85,11.875,11.565,11.65,253600,11.098
2015-09-03,11.49,11.74,11.33,11.73,212900,11.174
2015-09-02,11.48,11.50,11.32,11.35,90100,10.812
2015-09-01,11.87,11.87,11.26,11.40,275000,10.86
2015-08-31,11.735,11.90,11.60,11.88,348900,11.317
2015-08-28,11.895,11.895,11.655,11.755,80000,11.198
2015-08-27,11.70,11.935,11.365,11.90,364500,11.336
2015-08-26,11.84,11.84,11.44,11.70,229100,11.145
2015-08-25,11.66,11.80,11.38,11.70,187700,11.145
2015-08-24,11.50,11.52,10.755,11.455,569900,10.912
2015-08-21,11.65,11.75,11.51,11.60,152700,11.05
2015-08-20,11.81,11.975,11.715,11.80,85500,11.241
2015-08-19,11.80,12.00,11.80,11.975,83100,11.407
2015-08-18,11.77,12.14,11.73,11.94,146200,11.374
2015-08-17,12.01,12.01,11.70,11.80,191100,11.241
2015-08-14,11.70,12.09,11.655,11.85,708100,11.288
2015-08-13,11.66,11.795,11.55,11.62,118400,11.069
2015-08-12,11.80,11.90,11.60,11.635,136400,11.083
2015-08-11,12.03,12.20,11.88,11.95,311500,11.383
2015-08-10,12.23,12.35,11.915,12.03,135600,11.46
2015-08-07,11.965,12.28,11.80,11.96,170200,11.393
2015-08-06,11.95,12.00,11.865,11.95,158100,11.383
2015-08-05,11.85,11.99,11.77,11.98,235900,11.412
2015-08-04,11.805,11.90,11.635,11.835,139200,11.274
2015-08-03,11.955,12.00,11.79,11.86,133900,11.298
2015-07-31,11.72,12.00,11.685,11.85,519000,11.288
2015-07-30,11.595,11.715,11.51,11.67,547200,11.117
2015-07-29,11.375,12.115,11.305,11.52,625500,10.974
2015-07-28,11.33,11.49,11.22,11.24,249700,10.707
2015-07-27,11.60,11.60,10.75,11.22,553600,10.688
2015-07-24,11.49,11.695,11.31,11.55,295100,11.002
2015-07-23,11.74,11.76,11.425,11.55,579400,11.002
2015-07-22,11.65,11.77,11.555,11.63,508400,11.079
2015-07-21,11.655,11.785,11.585,11.70,543400,11.145
2015-07-20,11.87,11.88,11.595,11.665,620700,11.112
2015-07-17,11.56,11.75,11.425,11.72,2399600,11.164
2015-07-16,11.45,11.63,11.215,11.45,12758000,10.907
