Date,Open,High,Low,Close,Volume,Adj Close
2016-10-27,70.52,70.97,70.12,70.50,112500,70.50
2016-10-26,70.53,70.78,70.00,70.55,89200,70.55
2016-10-25,70.88,71.16,70.41,70.55,90200,70.55
2016-10-24,70.52,71.26,70.51,70.65,91700,70.65
2016-10-21,70.90,71.06,70.20,70.50,174400,70.50
2016-10-20,72.03,72.34,71.16,71.25,131500,71.25
2016-10-19,71.83,71.99,71.42,71.94,121800,71.94
2016-10-18,71.75,72.03,71.53,71.75,85400,71.75
2016-10-17,71.83,71.97,71.11,71.50,68600,71.50
2016-10-14,71.60,72.02,71.40,71.91,72700,71.91
2016-10-13,71.56,72.02,70.66,71.28,91800,71.28
2016-10-12,72.48,72.61,71.87,72.08,65200,72.08
2016-10-11,72.44,72.58,72.15,72.45,112900,72.45
2016-10-10,72.66,72.90,72.23,72.43,97800,72.43
2016-10-07,73.58,73.77,72.30,72.30,107800,72.30
2016-10-06,73.68,73.89,73.14,73.51,49400,73.51
2016-10-05,73.68,73.68,73.21,73.48,52200,73.48
2016-10-04,74.00,74.33,73.80,74.00,101500,74.00
2016-10-03,73.93,73.93,73.93,73.93,000,73.93
2016-09-30,73.43,74.19,73.08,73.93,116000,73.93
2016-09-29,74.38,74.39,73.67,74.03,65900,74.03
2016-09-28,74.18,74.35,73.47,74.03,85600,74.03
2016-09-27,73.00,73.98,72.36,73.96,103600,73.96
2016-09-26,73.75,73.85,72.64,72.75,63600,72.75
2016-09-23,74.24,74.25,73.75,73.95,64100,73.95
2016-09-22,74.51,74.51,73.82,74.25,78200,74.25
2016-09-21,75.56,75.56,73.77,73.86,50700,73.86
2016-09-20,74.10,75.17,74.02,75.00,75000,75.00
2016-09-19,73.97,74.50,73.88,74.25,53900,74.25
2016-09-16,74.20,74.26,73.22,73.78,113900,73.78
2016-09-15,73.85,74.26,73.71,74.21,59500,74.21
2016-09-14,74.23,74.55,73.97,74.05,122100,74.05
2016-09-13,74.71,74.71,73.90,73.91,81400,73.91
2016-09-12,74.01,74.76,73.31,74.32,119500,74.32
2016-09-09,74.62,75.27,74.42,74.46,82900,74.46
2016-09-08,75.59,75.66,74.56,74.89,68000,74.89
2016-09-07,76.48,76.48,75.46,75.73,66800,75.73
2016-09-06,76.59,76.91,75.92,76.30,90500,76.30
2016-09-05,77.60,77.77,76.84,77.26,67300,76.26
2016-09-02,76.52,77.61,76.36,77.48,91600,76.48
2016-09-01,75.59,77.39,75.43,76.15,147800,75.16
2016-08-31,77.42,77.44,75.36,75.45,197300,74.47
2016-08-30,77.89,78.46,77.34,77.34,79500,76.34
2016-08-29,78.15,78.28,77.35,77.96,36000,76.95
2016-08-26,78.51,79.01,78.37,78.37,71000,77.36
2016-08-25,78.48,78.97,77.25,78.87,166500,77.85
2016-08-24,77.90,79.42,77.82,79.42,95700,78.39
2016-08-23,77.98,78.32,77.55,78.06,81100,77.05
2016-08-22,77.45,77.99,77.03,77.87,49600,76.86
2016-08-19,77.60,77.87,77.04,77.22,44100,76.22
2016-08-18,77.50,78.45,77.44,77.76,51800,76.75
2016-08-17,77.80,78.34,76.60,76.99,68000,75.99
2016-08-16,77.58,78.08,77.52,77.67,59300,76.66
2016-08-15,78.00,78.39,77.72,77.96,39800,76.95
2016-08-12,77.45,78.11,77.44,78.02,38600,77.01
2016-08-11,77.48,77.79,77.09,77.79,56600,76.78
2016-08-10,76.87,77.48,76.87,77.33,58100,76.33
2016-08-09,76.32,77.20,76.32,77.17,54500,76.17
2016-08-08,77.08,77.21,76.40,76.50,54400,75.51
2016-08-05,76.10,77.03,76.10,77.01,70700,76.01
2016-08-04,75.88,76.30,75.71,76.08,71400,75.10
2016-08-03,76.19,76.19,75.50,75.66,71800,74.68
2016-08-02,76.52,76.77,75.90,76.02,109500,75.04
2016-08-01,76.38,76.64,75.97,76.31,77000,75.32
2016-07-29,76.45,76.45,75.72,76.24,96100,75.25
2016-07-28,76.65,76.87,76.09,76.20,137000,75.21
2016-07-27,76.18,76.66,76.08,76.56,58200,75.57
2016-07-26,75.94,76.41,75.77,76.11,67700,75.12
2016-07-25,75.72,76.18,75.48,76.09,62500,75.11
2016-07-22,75.53,75.74,75.01,75.70,82900,74.72
2016-07-21,75.68,75.78,75.01,75.75,120900,74.77
2016-07-20,74.97,75.62,74.41,75.57,96500,74.59
2016-07-19,74.36,74.69,74.00,74.66,103900,73.69
2016-07-18,74.38,74.80,74.33,74.50,79600,73.54
2016-07-15,73.90,74.32,73.49,74.32,110900,73.36
2016-07-14,73.76,74.16,73.30,74.14,100800,73.18
2016-07-13,71.89,73.36,71.65,73.14,121300,72.19
2016-07-12,71.74,72.25,71.52,71.80,189800,70.87
2016-07-11,71.53,71.57,71.00,71.25,146300,70.33
2016-07-08,69.83,70.81,69.83,70.70,145000,69.78
2016-07-07,70.13,70.47,69.75,69.80,113700,68.90
2016-07-06,70.90,71.02,69.55,69.70,172100,68.80
2016-07-05,72.48,72.68,70.95,70.98,118700,70.06
2016-07-04,73.82,74.01,72.38,72.38,63500,71.44
2016-07-01,73.79,74.31,73.15,74.10,126600,73.14
2016-06-30,74.30,74.55,73.28,73.34,244900,72.39
2016-06-29,74.63,74.98,74.23,74.74,148900,73.77
2016-06-28,75.33,75.97,74.10,74.10,125000,73.14
2016-06-27,76.24,76.46,73.80,74.08,178800,73.12
2016-06-24,76.01,77.56,75.24,76.44,202100,75.45
2016-06-23,79.51,80.18,79.23,79.80,150000,78.77
2016-06-22,79.90,79.90,78.89,79.18,113000,78.16
2016-06-21,80.33,80.41,79.44,79.75,80700,78.72
2016-06-20,79.90,81.00,79.90,80.27,127200,79.23
2016-06-17,78.58,79.47,78.33,79.47,185800,78.44
2016-06-16,77.12,78.54,77.11,78.23,146000,77.22
2016-06-15,77.74,78.15,77.23,77.55,142700,76.55
2016-06-14,77.07,77.75,76.40,77.21,181400,76.21
2016-06-13,77.40,77.84,76.93,77.20,111600,76.20
2016-06-10,79.46,79.59,77.58,77.99,116600,76.98
2016-06-09,79.82,79.87,78.90,79.65,113400,78.62
2016-06-08,80.80,80.96,79.65,79.91,148300,78.88
2016-06-07,79.93,80.95,79.93,80.95,124600,79.90
2016-06-06,80.27,80.59,79.74,79.74,104900,78.71
2016-06-03,80.78,81.17,79.55,79.97,144500,78.93
2016-06-02,80.80,80.82,80.28,80.34,140800,79.30
2016-06-01,80.61,81.88,80.28,81.11,170800,80.06
2016-05-31,83.00,83.36,80.61,80.61,927600,79.57
2016-05-30,82.91,83.27,82.04,82.90,114100,81.83
2016-05-27,81.53,82.95,81.28,82.95,200800,81.88
2016-05-26,80.98,82.03,80.68,81.78,129500,80.72
2016-05-25,80.80,81.26,80.52,80.85,146500,79.80
2016-05-24,79.19,80.92,78.87,80.75,149700,79.70
2016-05-23,80.14,80.45,79.29,79.52,117000,78.49
2016-05-20,78.90,80.48,78.55,80.45,143500,79.41
2016-05-19,77.44,78.75,77.44,78.18,113000,77.17
2016-05-18,77.05,78.39,76.57,78.10,191000,77.09
2016-05-17,75.92,77.67,75.81,77.57,199500,76.57
2016-05-16,75.67,75.67,75.67,75.67,000,74.69
2016-05-13,75.58,76.17,75.25,75.67,230400,74.69
2016-05-12,74.75,76.61,74.24,75.77,114400,74.79
2016-05-11,75.21,75.48,74.23,74.75,186600,73.78
2016-05-10,74.17,75.10,74.04,74.91,153000,73.94
2016-05-09,73.74,74.66,73.65,73.86,97800,72.90
2016-05-06,73.33,74.26,73.23,73.60,101700,72.65
2016-05-05,72.98,73.70,72.75,73.63,69200,72.68
2016-05-04,73.49,73.49,72.36,72.88,88500,71.94
2016-05-03,72.62,73.59,72.06,73.59,130900,72.64
2016-05-02,73.00,73.42,72.53,72.86,49600,71.92
2016-04-29,73.48,73.60,72.73,72.96,119500,72.02
2016-04-28,72.10,73.71,71.93,73.56,109300,72.61
2016-04-27,72.15,72.62,71.52,72.40,71200,71.46
2016-04-26,70.76,72.36,70.75,72.10,87700,71.17
2016-04-25,73.10,73.40,72.51,73.15,77700,69.24
2016-04-22,73.15,73.26,72.45,73.26,78300,69.35
2016-04-21,73.55,73.66,72.45,73.07,81600,69.17
2016-04-20,74.20,74.29,73.19,73.49,154200,69.56
2016-04-19,73.18,74.64,73.10,73.93,219700,69.98
2016-04-18,72.86,73.10,72.50,72.69,123500,68.81
2016-04-15,73.10,73.22,72.56,73.00,118500,69.10
2016-04-14,73.38,73.65,72.75,73.00,92500,69.10
2016-04-13,73.55,73.96,72.94,73.05,130600,69.15
2016-04-12,72.84,73.15,72.15,73.00,90100,69.10
2016-04-11,72.75,73.38,72.17,72.64,104300,68.76
2016-04-08,72.97,73.28,72.55,72.60,70700,68.72
2016-04-07,73.13,73.18,72.34,72.71,105300,68.83
2016-04-06,72.63,72.98,72.21,72.62,95300,68.74
2016-04-05,73.53,73.85,72.30,72.35,83500,68.48
2016-04-04,74.46,75.00,73.66,73.92,81800,69.97
2016-04-01,73.55,74.24,73.14,74.24,90300,70.27
2016-03-31,74.83,75.00,74.12,74.44,129100,70.46
2016-03-30,74.51,75.05,74.13,74.67,72800,70.68
2016-03-29,74.50,74.73,73.73,74.21,72800,70.25
2016-03-28,74.08,74.08,74.08,74.08,000,70.12
2016-03-25,74.08,74.08,74.08,74.08,000,70.12
2016-03-24,75.52,75.79,73.80,74.08,92300,70.12
2016-03-23,75.89,76.29,75.31,75.66,145300,71.62
2016-03-22,75.94,76.16,75.13,75.65,110400,71.61
2016-03-21,76.57,76.84,75.69,76.00,77700,71.94
2016-03-18,76.66,76.87,75.71,76.18,170300,72.11
2016-03-17,76.88,76.99,75.82,76.65,114300,72.56
2016-03-16,76.61,76.99,76.32,76.70,90200,72.60
2016-03-15,76.81,77.00,76.52,76.83,70600,72.73
2016-03-14,76.28,76.91,75.80,76.84,65800,72.73
2016-03-11,75.76,76.12,75.01,75.55,136800,71.51
2016-03-10,77.00,77.56,74.40,74.51,110700,70.53
2016-03-09,76.19,77.68,76.19,76.83,71100,72.73
2016-03-08,76.99,77.10,76.02,76.44,68800,72.36
2016-03-07,77.80,77.80,76.76,77.14,59200,73.02
2016-03-04,78.07,78.40,77.53,77.74,70800,73.59
2016-03-03,79.51,79.51,77.29,77.64,88800,73.49
2016-03-02,79.46,79.46,78.54,79.30,140600,75.06
2016-03-01,77.04,79.25,77.00,78.72,76800,74.51
2016-02-29,77.07,77.55,76.00,77.19,121600,73.07
2016-02-26,77.00,77.34,76.67,77.20,91100,73.08
2016-02-25,75.57,76.41,75.24,76.04,124000,71.98
2016-02-24,75.51,75.90,74.09,74.43,98700,70.45
2016-02-23,76.58,76.80,75.55,76.00,86900,71.94
2016-02-22,76.38,77.02,76.08,76.63,43700,72.54
2016-02-19,76.19,76.54,75.13,75.75,84600,71.70
2016-02-18,75.62,77.13,75.48,76.33,115000,72.25
2016-02-17,73.70,75.50,73.51,75.50,102900,71.47
2016-02-16,72.60,73.35,71.96,73.35,111100,69.43
2016-02-15,71.47,72.48,71.00,72.26,77800,68.40
2016-02-12,69.88,69.96,68.53,69.92,123300,66.18
2016-02-11,70.83,71.08,69.01,69.10,140100,65.41
2016-02-10,71.18,72.07,70.38,71.54,107600,67.72
2016-02-09,70.33,71.33,69.16,70.75,151000,66.97
2016-02-08,72.99,73.28,69.76,70.30,128500,66.54
2016-02-05,73.52,73.87,72.39,72.40,121300,68.53
2016-02-04,73.88,73.93,72.62,73.12,103100,69.21
2016-02-03,74.57,74.82,73.06,73.30,68600,69.38
2016-02-02,75.58,75.91,74.17,74.36,113800,70.39
2016-02-01,74.75,76.00,74.06,75.51,121900,71.48
2016-01-29,73.40,74.52,72.98,74.52,165300,70.54
2016-01-28,72.75,73.61,72.19,73.00,154200,69.10
2016-01-27,72.70,73.10,71.98,72.95,161800,69.05
2016-01-26,71.69,72.96,71.38,72.74,80500,68.85
2016-01-25,72.70,72.70,71.66,72.36,84900,68.49
2016-01-22,71.28,72.54,71.08,72.30,93500,68.44
2016-01-21,70.00,71.17,69.76,70.22,107200,66.47
2016-01-20,71.34,71.53,69.68,69.83,147400,66.10
2016-01-19,72.85,73.06,71.95,72.05,86300,68.20
2016-01-18,72.17,72.65,71.30,71.86,67600,68.02
2016-01-15,72.97,73.70,71.34,72.12,168100,68.27
2016-01-14,74.26,74.48,72.42,73.25,106300,69.34
2016-01-13,75.58,76.09,74.88,75.11,84500,71.10
2016-01-12,73.75,75.83,73.67,75.42,107400,71.39
2016-01-11,73.95,74.30,72.66,73.34,97000,69.42
2016-01-08,73.26,75.19,73.26,73.90,111800,69.95
2016-01-07,73.60,73.95,72.72,73.51,153800,69.58
2016-01-06,75.00,75.03,73.50,74.70,123000,70.71
2016-01-05,75.30,76.07,74.66,75.24,109600,71.22
2016-01-04,77.01,77.12,74.67,75.09,142100,71.08
2016-01-01,77.05,77.05,77.05,77.05,000,72.93
2015-12-31,77.05,77.05,77.05,77.05,000,72.93
2015-12-30,77.67,77.72,76.71,77.05,41100,72.93
2015-12-29,77.30,77.77,77.17,77.63,71300,73.48
2015-12-28,77.08,77.28,76.55,77.05,36700,72.93
2015-12-25,77.21,77.21,77.21,77.21,000,73.09
2015-12-24,77.21,77.21,77.21,77.21,000,73.09
2015-12-23,75.98,77.21,75.97,77.21,82000,73.09
2015-12-22,76.34,76.49,75.10,75.83,111800,71.78
2015-12-21,76.09,76.90,75.70,75.90,141800,71.85
2015-12-18,76.92,77.04,75.59,75.90,177300,71.85
2015-12-17,77.50,78.19,76.60,76.94,151500,72.83
2015-12-16,77.50,77.78,76.78,76.85,185600,72.74
2015-12-15,76.95,77.50,76.39,77.34,180000,73.21
2015-12-14,78.02,78.08,76.34,76.58,86700,72.49
2015-12-11,78.48,78.71,77.28,77.49,95200,73.35
2015-12-10,78.56,79.22,77.74,78.60,127600,74.40
2015-12-09,79.81,79.81,78.36,78.63,127300,74.43
2015-12-08,80.95,81.22,79.37,79.57,90600,75.32
2015-12-07,80.78,82.11,80.54,80.93,79200,76.61
2015-12-04,80.79,80.93,80.00,80.75,110500,76.44
2015-12-03,82.54,83.00,80.42,80.69,130600,76.38
2015-12-02,82.88,83.00,81.98,82.35,116000,77.95
2015-12-01,83.24,83.60,82.22,82.48,137300,78.07
2015-11-30,83.44,83.61,82.08,82.80,223800,78.38
2015-11-27,83.52,83.90,82.92,83.40,77200,78.94
2015-11-26,83.10,83.56,82.79,83.56,142800,79.10
2015-11-25,81.80,83.28,81.79,83.03,98100,78.59
2015-11-24,82.38,82.39,80.94,81.92,136200,77.54
2015-11-23,83.01,83.40,82.27,82.48,56400,78.07
2015-11-20,82.96,83.50,82.59,83.41,102400,78.95
2015-11-19,82.95,83.55,82.60,82.97,118300,78.54
2015-11-18,82.63,82.67,81.67,82.47,87400,78.06
2015-11-17,81.77,83.06,81.68,82.79,133500,78.37
2015-11-16,81.12,82.23,80.85,81.46,133500,77.11
2015-11-13,82.83,83.19,81.02,81.57,443000,77.21
2015-11-12,80.05,83.14,80.05,82.78,246300,78.36
2015-11-11,78.73,79.84,78.52,79.43,100100,75.19
2015-11-10,78.24,78.80,77.53,78.43,81900,74.24
2015-11-09,79.32,79.32,77.62,77.89,82600,73.73
2015-11-06,78.59,79.58,78.04,79.16,96600,74.93
2015-11-05,78.83,79.00,78.25,78.40,92400,74.21
2015-11-04,78.24,79.29,78.01,78.44,108900,74.25
2015-11-03,79.46,79.46,78.25,78.25,109300,74.07
2015-11-02,78.44,79.42,78.01,78.89,136400,74.68
2015-10-30,79.50,79.74,77.96,78.70,98500,74.50
2015-10-29,78.10,79.02,77.44,78.97,115600,74.75
2015-10-28,77.32,77.79,76.77,77.72,49500,73.57
2015-10-27,78.22,78.29,76.82,76.86,76900,72.75
2015-10-26,78.40,79.03,77.94,78.21,73000,74.03
2015-10-23,76.15,78.21,75.92,78.21,219600,74.03
2015-10-22,75.71,75.85,74.01,75.65,106100,71.61
2015-10-21,76.50,76.78,75.86,75.98,101500,71.92
2015-10-20,76.00,76.53,75.83,76.31,84600,72.23
2015-10-19,75.71,76.32,75.48,76.06,83800,72.00
2015-10-16,74.91,76.05,74.82,75.62,103600,71.58
2015-10-15,73.83,75.07,73.28,74.72,102900,70.73
2015-10-14,73.89,74.13,73.08,73.22,134300,69.31
2015-10-13,76.00,76.00,74.23,74.80,162300,70.80
2015-10-12,75.74,76.10,75.18,75.57,115900,71.53
2015-10-09,76.10,76.48,75.50,75.71,93500,71.67
2015-10-08,75.39,76.13,75.22,75.66,213100,71.62
2015-10-07,77.85,77.96,75.17,75.38,173200,71.35
2015-10-06,77.10,78.00,76.59,77.33,142200,73.20
2015-10-05,76.99,77.51,76.48,77.01,141200,72.90
2015-10-02,76.45,76.82,74.55,75.67,101800,71.63
2015-10-01,77.30,78.00,75.47,75.80,168100,71.75
2015-09-30,77.28,77.33,76.72,77.00,119800,72.89
2015-09-29,75.87,78.00,75.68,76.26,162300,72.19
2015-09-28,77.01,77.90,76.49,76.86,101200,72.75
2015-09-25,76.76,77.81,76.38,77.42,95000,73.28
2015-09-24,77.28,77.61,74.94,75.59,95200,71.55
2015-09-23,76.93,77.50,76.42,77.10,186100,72.98
2015-09-22,79.40,79.87,76.74,76.90,120300,72.79
2015-09-21,78.52,80.10,78.37,79.45,76100,75.21
2015-09-18,79.78,79.78,77.95,78.68,175500,74.48
2015-09-17,79.55,80.35,79.11,79.88,111400,75.61
2015-09-16,78.75,79.55,78.58,79.43,137900,75.19
2015-09-15,78.30,78.75,77.81,78.53,116400,74.33
2015-09-14,78.08,78.80,77.47,78.32,126400,74.14
2015-09-11,78.68,78.68,77.36,78.03,85800,73.86
2015-09-10,78.46,79.48,78.24,78.60,102100,74.40
2015-09-09,78.56,79.37,77.87,79.16,182400,74.93
2015-09-08,78.38,78.51,77.37,77.70,134000,73.55
2015-09-07,77.93,78.59,76.82,78.59,82800,74.39
2015-09-04,77.91,78.93,77.25,77.61,157200,73.46
2015-09-03,77.98,79.15,77.61,78.98,142700,74.76
2015-09-02,77.10,77.79,76.56,77.53,135100,73.39
2015-09-01,77.02,77.53,76.17,77.00,140200,72.89
2015-08-31,77.24,78.06,76.91,77.63,105700,73.48
2015-08-28,78.24,78.38,77.18,77.56,137100,73.42
2015-08-27,79.00,79.00,77.26,77.54,177400,73.40
2015-08-26,75.40,77.13,74.45,76.83,219000,72.73
2015-08-25,74.07,75.83,73.80,75.36,279700,71.33
2015-08-24,72.62,72.62,69.52,72.40,276600,68.53
2015-08-21,75.00,76.61,73.87,73.87,133500,69.92
2015-08-20,76.10,77.86,75.37,75.67,161600,71.63
2015-08-19,77.00,77.19,76.00,76.34,80300,72.26
2015-08-18,77.00,77.61,76.68,77.27,84500,73.14
2015-08-17,78.00,78.00,76.49,77.00,73000,72.89
2015-08-14,78.00,78.11,77.22,77.28,68700,73.15
2015-08-13,78.42,78.68,77.46,77.67,113400,73.52
2015-08-12,79.11,79.16,77.08,77.08,146100,72.96
2015-08-11,81.13,81.34,79.05,79.41,134400,75.17
2015-08-10,81.80,82.03,80.97,81.32,83400,76.98
2015-08-07,83.72,83.89,81.31,81.31,103200,76.97
2015-08-06,85.00,85.40,83.69,83.69,87600,79.22
2015-08-05,84.25,85.84,83.96,84.95,98100,80.41
2015-08-04,83.53,84.38,83.50,84.01,97800,79.52
2015-08-03,82.63,84.46,82.63,83.81,54200,79.33
2015-07-31,82.32,83.00,82.11,82.84,37200,78.41
2015-07-30,83.48,83.87,82.01,82.36,50200,77.96
2015-07-29,82.67,83.45,81.81,83.23,54000,78.78
2015-07-28,81.67,82.85,81.47,82.45,87500,78.05
2015-07-27,83.78,83.94,80.75,81.08,114600,76.75
2015-07-24,84.73,85.09,83.58,83.83,44800,79.35
2015-07-23,85.55,85.55,84.59,84.70,81700,80.17
2015-07-22,85.31,85.45,84.75,85.13,67100,80.58
2015-07-21,86.84,86.84,85.20,85.35,63000,80.79
2015-07-20,86.35,87.00,86.15,86.48,59800,81.86
2015-07-17,87.90,87.90,86.00,86.35,103600,81.74
2015-07-16,87.51,88.20,87.20,87.63,92000,82.95
2015-07-15,86.69,87.26,86.20,87.26,84600,82.60
2015-07-14,86.89,86.95,86.12,86.60,52500,81.97
2015-07-13,85.75,87.00,85.54,87.00,86900,82.35
2015-07-10,83.82,85.80,83.57,85.35,89500,80.79
2015-07-09,80.78,82.95,80.58,82.95,80700,78.52
2015-07-08,81.13,81.30,80.16,80.76,96300,76.45
2015-07-07,81.90,82.14,80.50,80.58,88300,76.28
2015-07-06,81.27,81.87,81.08,81.25,71800,76.91
2015-07-03,82.48,82.54,81.96,82.20,44300,77.81
2015-07-02,82.68,83.50,82.14,82.27,87400,77.87
2015-07-01,81.77,83.09,81.20,82.46,132200,78.05
2015-06-30,82.15,82.15,81.06,81.06,122500,76.73
2015-06-29,82.00,83.05,81.72,82.00,80700,77.62
2015-06-26,84.46,84.78,83.88,84.50,82600,79.99
2015-06-25,83.27,84.80,82.96,84.80,126800,80.27
2015-06-24,83.00,83.38,82.53,82.84,65300,78.41
2015-06-23,82.18,83.15,82.01,83.04,79100,78.60
2015-06-22,81.59,82.62,81.10,81.92,97400,77.54
2015-06-19,80.37,81.09,79.69,79.79,142500,75.53
2015-06-18,79.52,80.26,78.40,80.23,95800,75.94
2015-06-17,80.28,80.78,79.50,79.57,77600,75.32
2015-06-16,80.22,80.63,79.19,80.11,105200,75.83
2015-06-15,80.65,80.67,79.79,80.45,68700,76.15
2015-06-12,81.25,81.99,80.58,81.00,60800,76.67
2015-06-11,82.69,82.69,81.19,81.50,113000,77.15
2015-06-10,80.76,82.74,80.76,82.37,147600,77.97
2015-06-09,80.01,81.20,79.18,80.89,102500,76.57
2015-06-08,80.56,80.95,80.08,80.11,47300,75.83
2015-06-05,82.20,82.43,80.50,80.67,97800,76.36
2015-06-04,83.12,83.12,81.38,82.10,83300,77.71
2015-06-03,82.51,83.56,82.12,83.11,94200,78.67
2015-06-02,82.17,82.61,81.38,82.28,92900,77.88
2015-06-01,82.13,82.33,81.31,81.94,66100,77.56
2015-05-29,83.67,83.67,81.40,81.67,108500,77.31
2015-05-28,83.02,83.64,82.85,83.55,104400,79.09
2015-05-27,82.38,83.40,82.15,83.17,82200,78.73
2015-05-26,83.49,83.85,82.08,82.27,134800,77.87
2015-05-25,83.48,83.48,83.48,83.48,000,79.02
2015-05-22,83.59,83.90,83.10,83.48,92200,79.02
2015-05-21,83.11,83.60,82.67,83.28,80500,78.83
2015-05-20,84.00,84.02,82.93,83.32,89600,78.87
2015-05-19,82.47,83.99,82.28,83.85,135500,79.37
2015-05-18,81.65,82.35,80.91,81.83,102000,77.46
2015-05-15,81.95,81.95,80.94,81.39,109900,77.04
2015-05-14,80.21,81.71,80.01,81.66,81000,77.30
2015-05-13,81.14,81.51,80.18,80.57,110600,76.27
2015-05-12,82.08,82.33,80.66,80.77,148500,76.45
2015-05-11,81.72,82.78,81.64,82.38,163500,77.98
2015-05-08,82.00,82.19,81.24,81.75,349100,77.38
2015-05-07,83.27,83.27,80.76,81.65,219700,77.29
2015-05-06,82.50,83.65,81.74,83.20,234200,78.76
2015-05-05,84.32,85.19,82.26,82.41,183700,78.01
2015-05-04,84.24,84.79,83.99,84.35,143700,79.84
2015-05-01,83.80,83.80,83.80,83.80,000,79.32
2015-04-30,84.26,84.54,83.34,83.80,258500,79.32
2015-04-29,86.33,87.37,84.04,84.46,154900,79.95
2015-04-28,87.45,87.58,85.42,86.29,110500,81.68
2015-04-27,87.30,87.60,85.80,87.40,116800,82.73
2015-04-24,86.82,87.40,85.70,87.02,133200,82.37
2015-04-23,87.88,88.28,86.97,87.10,109200,82.45
2015-04-22,88.50,89.31,87.40,87.97,159400,83.27
2015-04-21,88.60,90.06,87.53,88.56,215600,83.83
2015-04-20,91.30,92.27,90.10,91.41,136800,84.16
2015-04-17,94.06,94.13,91.33,91.49,137400,84.23
2015-04-16,95.65,95.65,93.73,94.21,142700,86.74
2015-04-15,96.76,96.83,95.62,96.31,122000,88.67
2015-04-14,96.89,96.95,96.35,96.85,133000,89.17
2015-04-13,96.70,97.00,96.21,96.75,139700,89.08
2015-04-10,94.50,96.81,94.50,96.62,170000,88.96
2015-04-09,92.95,94.76,92.88,94.76,109700,87.24
2015-04-08,92.81,92.92,92.27,92.91,107600,85.54
2015-04-07,91.85,92.86,91.59,92.86,172400,85.50
2015-04-06,91.35,91.35,91.35,91.35,000,84.10
2015-04-03,91.35,91.35,91.35,91.35,000,84.10
2015-04-02,90.32,91.38,90.13,91.35,130200,84.10
2015-04-01,89.59,91.14,89.24,89.89,160300,82.76
2015-03-31,90.54,91.14,89.19,89.63,197500,82.52
2015-03-30,88.75,91.00,88.59,90.56,176800,83.38
2015-03-27,88.18,88.61,87.50,88.29,97500,81.29
2015-03-26,88.53,88.60,86.86,87.91,127800,80.94
2015-03-25,88.90,90.11,88.85,88.85,137200,81.80
2015-03-24,87.73,89.31,87.55,89.28,126300,82.20
2015-03-23,87.60,87.93,86.68,87.83,130800,80.86
2015-03-20,89.07,89.69,87.69,87.69,243900,80.74
2015-03-19,89.20,89.27,88.26,88.97,144200,81.91
2015-03-18,89.18,89.18,88.11,89.10,103800,82.03
2015-03-17,90.00,90.01,88.73,89.10,113500,82.03
2015-03-16,89.45,90.02,89.26,90.01,176200,82.87
2015-03-13,88.87,89.26,88.25,89.15,190700,82.08
2015-03-12,88.55,89.30,88.50,88.65,148400,81.62
2015-03-11,88.05,88.97,87.75,88.55,97100,81.53
2015-03-10,88.88,89.00,87.72,87.98,159600,81.00
2015-03-09,88.00,89.27,86.91,88.55,134700,81.53
2015-03-06,86.35,88.30,86.15,88.00,145900,81.02
2015-03-05,86.85,87.24,85.43,86.47,193600,79.61
2015-03-04,87.13,87.28,85.88,86.94,166900,80.04
2015-03-03,88.20,88.79,87.22,87.28,108500,80.36
2015-03-02,88.97,89.08,88.00,88.18,114100,81.19
2015-02-27,89.43,89.80,87.68,88.50,125900,81.48
2015-02-26,87.90,89.73,87.39,89.43,109700,82.34
2015-02-25,88.38,88.41,87.48,87.81,68800,80.85
2015-02-24,88.50,89.02,87.95,88.20,109200,81.20
2015-02-23,88.37,88.88,87.90,88.53,105500,81.51
2015-02-20,88.00,88.28,87.24,88.07,71200,81.08
2015-02-19,87.31,88.33,87.15,88.31,58000,81.31
2015-02-18,86.50,88.44,86.43,87.36,139100,80.43
2015-02-17,86.53,86.54,85.67,86.29,82900,79.45
2015-02-16,87.20,87.36,86.39,86.84,52300,79.95
2015-02-13,87.27,87.41,86.45,87.00,144500,80.10
2015-02-12,85.85,87.00,85.72,87.00,105800,80.10
2015-02-11,86.32,86.35,84.39,85.54,85300,78.76
2015-02-10,84.59,86.36,84.46,86.19,100400,79.35
2015-02-09,85.43,85.50,83.82,84.23,96500,77.55
2015-02-06,85.16,85.70,84.17,85.70,111500,78.90
2015-02-05,84.12,85.43,84.00,85.35,95000,78.58
2015-02-04,85.18,85.18,83.82,84.32,74200,77.63
2015-02-03,83.62,85.96,83.62,84.97,143100,78.23
2015-02-02,83.90,84.19,83.21,83.65,105300,77.02
2015-01-30,83.29,84.41,83.04,83.92,148400,77.26
2015-01-29,83.08,83.39,82.37,82.87,136800,76.30
2015-01-28,82.90,83.50,82.17,83.50,117700,76.88
2015-01-27,83.00,83.27,81.67,82.57,117500,76.02
2015-01-26,82.10,83.48,81.91,83.15,96800,76.56
2015-01-23,83.60,83.94,81.80,82.47,202700,75.93
2015-01-22,82.60,83.63,81.72,83.39,137300,76.78
2015-01-21,83.00,83.10,81.89,82.89,93800,76.32
2015-01-20,81.14,83.39,80.81,83.07,159200,76.48
2015-01-19,80.45,81.28,79.84,81.07,102600,74.64
2015-01-16,79.80,80.85,79.80,80.40,99400,74.02
2015-01-15,80.32,80.65,78.60,80.20,123900,73.84
2015-01-14,80.67,80.82,79.45,79.90,80600,73.56
2015-01-13,79.50,81.03,79.17,80.64,142000,74.24
2015-01-12,79.58,80.17,78.56,79.36,82300,73.07
2015-01-09,79.05,80.35,79.05,79.60,114300,73.29
2015-01-08,78.30,79.45,77.95,78.92,95800,72.66
2015-01-07,76.50,78.14,76.13,77.58,112700,71.43
2015-01-06,77.08,77.08,75.87,76.15,69200,70.11
2015-01-05,77.58,78.40,76.41,76.92,101300,70.82
2015-01-02,79.40,79.65,77.42,77.61,74100,71.45
2015-01-01,79.12,79.12,79.12,79.12,000,72.84
2014-12-31,79.12,79.12,79.12,79.12,000,72.84
2014-12-30,79.72,80.14,79.12,79.12,78000,72.84
2014-12-29,79.95,80.57,78.92,79.79,76000,73.46
2014-12-26,79.67,79.67,79.67,79.67,000,73.35
2014-12-25,79.67,79.67,79.67,79.67,000,73.35
2014-12-24,79.67,79.67,79.67,79.67,000,73.35
2014-12-23,77.97,79.67,77.91,79.67,80200,73.35
2014-12-22,77.74,78.18,77.24,77.81,133000,71.64
2014-12-19,78.04,78.08,77.16,77.27,177400,71.14
2014-12-18,77.20,78.60,75.97,77.89,221700,71.71
2014-12-17,76.81,77.25,76.72,76.98,73500,70.87
2014-12-16,76.00,77.20,74.97,77.20,154400,71.08
2014-12-15,78.55,78.97,75.45,75.59,104200,69.59
2014-12-12,79.90,79.92,78.09,78.24,123500,72.03
2014-12-11,78.00,80.37,78.00,80.10,159400,73.75
2014-12-10,78.30,78.40,77.36,77.77,71200,71.60
2014-12-09,78.62,79.31,77.32,77.90,96700,71.72
2014-12-08,78.30,79.32,78.21,78.88,71400,72.62
2014-12-05,78.44,78.82,77.66,78.79,99900,72.54
2014-12-04,77.98,78.66,77.61,78.44,91500,72.22
2014-12-03,78.02,78.26,76.99,77.92,66300,71.74
2014-12-02,77.80,78.34,76.98,78.09,56200,71.90
2014-12-01,77.44,77.54,76.66,77.54,49000,71.39
2014-11-28,77.50,77.50,76.63,77.44,50300,71.30
2014-11-27,77.58,77.62,77.25,77.50,46300,71.35
2014-11-26,77.83,77.83,76.91,77.59,60500,71.44
2014-11-25,76.08,77.98,75.93,77.98,222600,71.80
2014-11-24,76.00,76.36,75.58,76.11,64200,70.07
2014-11-21,73.62,76.01,73.44,75.78,124200,69.77
2014-11-20,72.95,73.69,72.24,73.62,67500,67.78
2014-11-19,74.00,74.00,72.67,72.94,80000,67.15
2014-11-18,72.69,74.21,72.58,73.93,102700,68.07
2014-11-17,72.94,73.25,72.04,72.75,120700,66.98
2014-11-14,73.60,73.85,72.66,73.11,285600,67.31
2014-11-13,74.99,75.11,73.43,73.80,125700,67.95
2014-11-12,75.92,76.06,74.10,74.48,94100,68.57
2014-11-11,74.98,76.26,74.68,76.06,127300,70.03
2014-11-10,75.42,76.02,74.74,74.92,93600,68.98
2014-11-07,75.58,75.97,75.03,75.60,65000,69.60
2014-11-06,75.17,75.90,74.84,75.48,77900,69.49
2014-11-05,76.20,76.20,75.13,75.21,61300,69.24
2014-11-04,76.03,78.36,75.47,75.71,145100,69.71
2014-11-03,74.50,76.06,74.50,75.97,95100,69.94
2014-10-31,75.05,75.70,74.03,74.46,138400,68.55
2014-10-30,73.20,74.74,72.85,74.67,101300,68.75
2014-10-29,72.64,74.16,72.28,73.50,138500,67.67
2014-10-28,72.16,73.31,72.00,72.34,93700,66.60
2014-10-27,73.81,73.84,71.65,71.98,133500,66.27
2014-10-24,71.20,73.19,71.20,73.19,147200,67.39
2014-10-23,71.11,71.85,70.25,71.55,72200,65.88
2014-10-22,70.42,71.35,70.34,71.30,92900,65.65
2014-10-21,68.40,70.47,68.00,70.47,120500,64.88
2014-10-20,68.37,68.53,67.34,68.30,79900,62.88
2014-10-17,66.45,68.24,66.28,68.12,134800,62.72
2014-10-16,65.82,66.49,64.80,66.42,208300,61.15
2014-10-15,66.45,66.93,65.01,65.62,113700,60.42
2014-10-14,65.21,66.40,64.80,66.39,82700,61.12
2014-10-13,66.01,66.98,65.51,65.69,133700,60.48
2014-10-10,68.75,69.15,66.07,66.29,278900,61.03
2014-10-09,69.81,70.32,69.08,69.34,119500,63.84
2014-10-08,68.80,69.60,68.38,69.20,168900,63.71
2014-10-07,68.53,69.27,68.47,68.99,151400,63.52
2014-10-06,68.41,69.00,68.02,68.86,124100,63.40
2014-10-03,66.44,66.44,66.44,66.44,000,61.17
2014-10-02,67.60,67.83,66.40,66.44,114800,61.17
2014-10-01,68.08,68.84,67.00,67.20,94100,61.87
2014-09-30,68.12,68.49,67.43,67.89,169800,62.51
2014-09-29,69.50,69.98,68.45,68.54,109700,63.10
2014-09-26,69.66,70.20,69.38,69.64,77200,64.12
2014-09-25,70.58,71.08,69.86,69.99,90300,64.44
2014-09-24,71.67,71.67,70.58,70.71,110900,65.10
2014-09-23,72.35,72.94,71.46,71.47,107700,65.80
2014-09-22,72.83,73.58,72.70,72.90,168100,67.12
2014-09-19,70.61,74.39,70.59,73.52,1116700,67.69
2014-09-18,69.73,70.98,69.11,70.26,210700,64.69
2014-09-17,67.50,69.51,67.45,69.36,175400,63.86
2014-09-16,68.26,68.65,67.48,67.57,98400,62.21
2014-09-15,69.32,69.46,68.14,68.25,143800,62.84
2014-09-12,68.47,69.34,68.26,69.24,136100,63.75
2014-09-11,69.18,69.54,68.22,68.26,155000,62.85
2014-09-10,70.03,70.22,68.97,69.15,138800,63.67
2014-09-09,70.35,70.50,69.87,70.00,114400,64.45
2014-09-08,70.29,70.34,69.62,70.15,97000,64.59
2014-09-05,70.61,70.94,70.00,70.01,143800,64.46
2014-09-04,69.96,71.24,69.79,70.59,183900,64.99
2014-09-03,71.55,71.73,70.27,70.55,196600,64.95
2014-09-02,72.33,72.65,71.56,71.58,98300,65.90
2014-09-01,71.88,72.80,71.75,72.24,77300,66.51
2014-08-29,73.56,73.83,73.06,73.83,112400,67.97
2014-08-28,73.75,74.12,73.01,73.76,284600,67.91
2014-08-27,74.70,75.03,74.09,74.60,147100,68.68
2014-08-26,73.94,75.00,73.62,74.74,157300,68.81
2014-08-25,74.95,75.30,73.86,73.94,111300,68.08
2014-08-22,74.50,75.85,74.20,74.61,208400,68.69
2014-08-21,75.30,76.04,73.48,74.81,603400,68.88
2014-08-20,81.01,81.04,79.58,80.45,89000,74.07
2014-08-19,80.38,81.20,80.38,80.42,75000,74.04
2014-08-18,80.16,80.81,79.78,80.18,83000,73.82
2014-08-15,79.70,80.79,79.33,79.59,107900,73.28
2014-08-14,78.42,79.89,78.42,79.56,81700,73.25
2014-08-13,78.57,78.87,77.54,78.59,77500,72.36
2014-08-12,76.99,78.48,76.89,78.26,100700,72.05
2014-08-11,75.49,77.46,75.44,77.05,63900,70.94
2014-08-08,74.50,75.61,74.00,75.27,106900,69.30
2014-08-07,75.50,75.74,74.69,75.16,115300,69.20
2014-08-06,75.00,75.80,74.73,75.63,115200,69.63
2014-08-05,75.55,75.83,75.23,75.35,53200,69.37
2014-08-04,75.25,75.62,74.90,75.25,85300,69.28
2014-08-01,76.00,76.42,74.74,75.30,112900,69.33
2014-07-31,76.46,76.46,75.71,76.20,152300,70.16
2014-07-30,76.00,76.21,75.81,76.20,66500,70.16
2014-07-29,75.50,76.00,75.23,75.93,73400,69.91
2014-07-28,77.27,77.27,74.71,75.56,84300,69.57
2014-07-25,78.42,78.77,76.52,77.10,85100,70.99
2014-07-24,78.83,78.98,78.02,78.71,53800,72.47
2014-07-23,77.48,78.86,77.17,78.56,59200,72.33
2014-07-22,77.86,77.88,76.96,77.20,48900,71.08
2014-07-21,78.51,78.51,76.96,77.50,56300,71.35
2014-07-18,78.67,78.76,77.25,78.10,59700,71.91
2014-07-17,78.00,79.56,78.00,79.00,135900,72.73
2014-07-16,76.65,77.85,76.50,77.85,65500,71.68
2014-07-15,77.58,77.58,76.12,76.61,57000,70.53
2014-07-14,77.25,77.54,76.43,77.36,67000,71.22
2014-07-11,78.09,78.15,77.00,77.55,103500,71.40
2014-07-10,78.05,79.22,77.78,77.78,161100,71.61
2014-07-09,78.58,79.24,77.79,77.79,106700,71.62
2014-07-08,80.51,80.51,78.10,78.10,102400,71.91
2014-07-07,80.90,81.00,79.99,80.60,103800,74.21
2014-07-04,81.75,82.19,81.75,81.87,30600,75.38
2014-07-03,81.75,82.26,81.55,81.74,71200,75.26
2014-07-02,81.65,82.02,81.36,81.55,65900,75.08
2014-07-01,81.70,81.70,81.24,81.40,78200,74.94
2014-06-30,81.64,81.88,81.01,81.24,86100,74.80
2014-06-27,81.39,81.68,81.04,81.56,50600,75.09
2014-06-26,80.70,81.60,80.50,81.25,79800,74.81
2014-06-25,81.16,81.50,80.52,80.76,74000,74.35
2014-06-24,82.25,82.45,81.03,81.56,82200,75.09
2014-06-23,84.05,84.05,82.14,82.14,57900,75.63
2014-06-20,83.95,84.59,83.53,83.53,111500,76.91
2014-06-19,83.67,84.55,83.21,83.88,104200,77.23
2014-06-18,83.00,83.67,83.00,83.40,43800,76.79
2014-06-17,83.75,83.98,82.91,83.00,41800,76.42
2014-06-16,83.50,83.79,82.84,83.43,44600,76.81
2014-06-13,84.10,84.10,83.19,83.66,74200,77.02
2014-06-12,84.00,84.14,83.52,83.96,49700,77.30
2014-06-11,83.95,84.54,83.59,83.92,71100,77.26
2014-06-10,85.00,85.08,83.57,83.99,112800,77.33
2014-06-09,85.00,85.35,84.74,85.00,37100,78.26
2014-06-06,84.50,85.45,84.11,85.19,64100,78.43
2014-06-05,84.45,85.14,84.01,84.19,117500,77.51
2014-06-04,84.91,85.00,84.12,84.30,68000,77.61
2014-06-03,86.03,86.35,84.50,84.64,61300,77.93
2014-06-02,85.50,86.97,85.00,86.35,136300,79.50
2014-05-30,84.27,85.50,84.26,85.50,175900,78.72
2014-05-29,84.32,84.66,84.10,84.31,30600,77.62
2014-05-28,84.29,84.89,83.84,84.49,103200,77.79
2014-05-27,81.75,84.47,81.75,84.00,142900,77.34
2014-05-26,80.98,81.79,80.65,81.75,23500,75.27
2014-05-23,80.46,81.43,80.10,80.98,96300,74.56
2014-05-22,79.60,81.28,79.60,80.90,101600,74.48
2014-05-21,77.82,79.59,77.40,79.50,137500,73.19
2014-05-20,76.60,78.10,76.50,77.68,90000,71.52
2014-05-19,76.77,77.27,76.60,76.60,118100,70.52
2014-05-16,77.74,78.03,76.20,76.76,115500,70.67
2014-05-15,78.53,79.19,77.25,77.56,172800,71.41
2014-05-14,78.20,78.88,77.75,78.38,93100,72.16
2014-05-13,80.05,80.05,78.05,78.33,229600,72.12
2014-05-12,75.99,76.98,75.96,76.60,129900,70.52
2014-05-09,75.47,77.19,75.11,75.62,301000,69.62
2014-05-08,74.23,75.40,74.23,75.24,394200,69.27
2014-05-07,75.61,75.90,73.38,74.11,226000,68.23
2014-05-06,77.15,77.50,75.30,75.60,125200,69.60
2014-05-05,77.75,78.23,75.30,76.86,122700,70.76
2014-05-02,76.80,78.36,76.27,78.32,112900,72.11
2014-05-01,80.21,80.21,80.21,80.21,000,70.33
2014-04-30,80.89,81.40,79.41,80.21,158700,70.33
2014-04-29,81.80,81.90,79.81,80.59,133500,70.66
2014-04-28,81.75,81.75,80.75,81.11,50600,71.12
2014-04-25,82.65,82.86,81.02,81.60,68100,71.55
2014-04-24,82.58,84.39,82.48,82.75,69800,72.55
2014-04-23,83.70,83.79,82.10,82.48,48400,72.32
2014-04-22,84.35,84.49,82.87,83.75,69900,73.43
2014-04-21,83.54,83.54,83.54,83.54,000,73.25
2014-04-18,83.54,83.54,83.54,83.54,000,73.25
2014-04-17,83.00,83.92,82.70,83.54,128000,73.25
2014-04-16,82.20,83.97,82.20,83.68,90000,73.37
2014-04-15,82.20,83.15,81.29,81.40,96300,71.37
2014-04-14,82.94,82.94,80.11,81.28,103800,71.26
2014-04-11,83.40,83.89,82.34,82.56,80200,72.39
2014-04-10,83.97,84.27,83.50,83.56,109300,73.26
2014-04-09,83.61,84.31,83.25,83.50,75900,73.21
2014-04-08,84.55,84.79,82.21,83.08,89300,72.84
2014-04-07,84.82,85.06,84.40,84.41,83500,74.01
2014-04-04,85.51,86.78,84.45,84.69,161800,74.25
2014-04-03,84.50,86.87,84.50,86.74,177800,76.05
2014-04-02,83.21,84.70,82.80,84.00,171000,73.65
2014-04-01,83.07,83.66,82.32,82.80,163000,72.60
2014-03-31,84.17,84.71,81.60,82.65,177500,72.47
2014-03-28,83.66,84.06,83.26,83.53,187600,73.24
2014-03-27,85.95,85.95,83.12,83.16,181500,72.91
2014-03-26,85.01,87.58,85.01,86.76,130300,76.07
2014-03-25,84.07,84.90,83.80,84.90,113600,74.44
2014-03-24,84.88,85.58,82.61,83.84,90500,73.51
2014-03-21,87.16,87.16,84.05,84.16,187300,73.79
2014-03-20,88.00,88.51,86.50,86.55,130000,75.89
2014-03-19,87.26,89.06,86.95,88.25,98200,77.38
2014-03-18,87.46,88.51,86.93,87.15,122700,76.41
2014-03-17,87.20,88.20,86.82,87.35,84400,76.59
2014-03-14,88.50,88.98,86.35,86.89,194400,76.18
2014-03-13,89.00,90.30,88.59,89.00,121600,78.03
2014-03-12,89.86,90.14,88.44,88.89,94700,77.94
2014-03-11,89.26,89.95,88.52,89.59,91500,78.55
2014-03-10,89.60,90.67,88.87,88.94,141700,77.98
2014-03-07,91.51,91.60,88.95,89.28,152600,78.28
2014-03-06,94.54,94.78,89.80,90.36,307600,79.23
2014-03-05,94.95,95.40,94.25,95.01,168200,83.30
2014-03-04,92.60,94.82,91.31,94.54,161100,82.89
2014-03-03,91.80,93.13,90.42,92.44,118000,81.05
2014-02-28,93.50,93.84,92.83,93.44,134700,81.93
2014-02-27,94.27,94.69,91.61,93.67,144700,82.13
2014-02-26,95.24,95.39,93.95,94.65,91300,82.99
2014-02-25,94.90,95.39,94.34,95.29,88200,83.55
2014-02-24,94.00,94.94,93.71,94.94,110300,83.24
2014-02-21,94.50,94.50,93.65,94.02,114800,82.44
2014-02-20,93.70,94.45,93.10,94.33,113400,82.71
2014-02-19,93.40,94.79,93.00,94.23,131500,82.62
2014-02-18,92.70,93.53,92.00,93.34,93800,81.84
2014-02-17,91.64,92.65,91.63,92.25,86600,80.88
2014-02-14,91.40,92.30,91.25,91.42,104200,80.16
2014-02-13,91.84,92.40,90.96,91.46,84900,80.19
2014-02-12,92.14,92.40,91.50,92.00,132300,80.66
2014-02-11,91.50,92.13,91.24,92.13,111800,80.78
2014-02-10,92.15,92.21,90.61,91.15,126300,79.92
2014-02-07,92.00,92.22,91.23,91.74,103700,80.44
2014-02-06,91.44,91.75,90.79,91.60,127600,80.31
2014-02-05,90.30,91.40,90.00,90.67,193800,79.50
2014-02-04,87.66,91.00,87.53,90.34,213900,79.21
2014-02-03,88.80,89.84,87.70,88.23,163200,77.36
2014-01-31,92.34,92.61,89.68,90.60,135400,79.44
2014-01-30,91.12,92.34,90.73,91.89,154600,80.57
2014-01-29,92.70,93.32,90.60,90.92,220600,79.72
2014-01-28,89.70,91.50,89.12,91.34,225300,80.09
2014-01-27,88.02,89.83,87.35,89.17,311600,78.18
2014-01-24,89.80,90.65,87.31,88.47,471800,77.57
2014-01-23,92.48,93.50,89.25,92.33,132600,80.95
2014-01-22,94.00,94.22,92.07,92.71,87600,81.29
2014-01-21,93.97,95.00,93.50,93.83,74700,82.27
2014-01-20,93.50,94.48,93.37,94.00,158500,82.42
2014-01-17,95.30,95.30,92.00,93.50,140700,81.98
2014-01-16,95.30,95.82,95.00,95.25,108300,83.51
2014-01-15,95.60,95.80,94.51,95.36,134600,83.61
2014-01-14,95.20,95.90,94.67,95.35,138700,83.60
2014-01-13,97.01,97.89,96.20,96.93,105200,84.99
2014-01-10,97.10,97.99,96.96,97.40,136200,85.40
2014-01-09,94.10,98.50,94.00,97.53,236300,85.51
2014-01-08,99.48,99.48,97.43,97.96,127000,85.89
2014-01-07,95.63,99.93,95.53,99.34,232300,87.10
2014-01-06,94.68,96.69,93.87,96.00,114200,84.17
2014-01-03,92.50,96.46,91.67,94.54,155600,82.89
2014-01-02,94.72,94.80,92.36,92.80,85700,81.37
2014-01-01,93.93,93.93,93.93,93.93,000,82.36
2013-12-31,93.93,93.93,93.93,93.93,000,82.36
2013-12-30,94.70,94.81,93.47,93.93,34900,82.36
2013-12-27,92.54,94.81,92.24,94.69,52600,83.02
2013-12-26,91.96,91.96,91.96,91.96,000,80.63
2013-12-25,91.96,91.96,91.96,91.96,000,80.63
2013-12-24,91.96,91.96,91.96,91.96,000,80.63
2013-12-23,92.20,92.72,91.38,91.96,104600,80.63
2013-12-20,91.27,92.43,90.89,92.20,177600,80.84
2013-12-19,90.60,91.01,90.29,90.95,80700,79.74
2013-12-18,90.85,91.15,90.04,90.10,164300,79.00
2013-12-17,89.00,90.75,88.50,90.75,384700,79.57
2013-12-16,88.40,89.19,88.40,88.70,63300,77.77
2013-12-13,87.60,89.10,87.22,88.71,128000,77.78
2013-12-12,88.56,89.00,87.50,87.77,74700,76.96
2013-12-11,88.42,88.95,88.30,88.87,75200,77.92
2013-12-10,88.29,89.15,88.10,88.70,125700,77.77
2013-12-09,88.00,88.83,87.87,88.39,107800,77.50
2013-12-06,88.20,88.60,87.74,88.00,176100,77.16
2013-12-05,87.40,89.00,87.23,88.17,251900,77.31
2013-12-04,88.14,88.80,86.84,88.00,138300,77.16
2013-12-03,89.31,89.40,87.55,88.82,171600,77.88
2013-12-02,89.12,90.05,88.40,88.99,251300,78.02
2013-11-29,88.70,88.99,88.10,88.55,240700,77.64
2013-11-28,89.05,89.89,88.60,89.15,161600,78.17
2013-11-27,90.55,90.72,88.51,89.00,325700,78.03
2013-11-26,89.06,91.00,88.35,91.00,2779000,79.79
2013-11-25,89.00,89.09,88.21,88.53,206300,77.62
2013-11-22,88.16,89.05,87.01,88.82,179200,77.88
2013-11-21,87.40,88.15,85.50,87.84,180100,77.02
2013-11-20,89.98,90.58,87.36,87.95,332600,77.11
2013-11-19,89.85,91.49,89.85,90.99,141900,79.78
2013-11-18,90.30,90.49,89.40,90.19,151400,79.08
2013-11-15,89.64,91.28,89.38,90.21,195200,79.09
2013-11-14,88.22,89.65,87.81,89.65,100200,78.60
2013-11-13,86.85,87.87,85.90,87.82,158900,77.00
2013-11-12,87.15,87.22,85.67,87.00,164600,76.28
2013-11-11,85.76,87.47,85.50,86.99,315400,76.27
2013-11-08,84.00,86.66,84.00,85.43,379700,74.90
2013-11-07,82.52,83.09,81.90,82.99,199100,72.76
2013-11-06,81.00,82.50,81.00,82.44,136200,72.28
2013-11-05,81.50,81.50,80.23,81.00,107000,71.02
2013-11-04,81.21,81.80,80.50,81.70,46700,71.63
2013-11-01,80.50,80.65,79.90,80.43,53800,70.52
2013-10-31,80.49,81.09,78.80,80.00,91700,70.14
2013-10-30,81.70,82.10,80.20,80.20,69600,70.32
2013-10-29,81.70,82.24,81.20,81.30,41600,71.28
2013-10-28,82.20,82.76,81.82,81.88,51900,71.79
2013-10-25,80.78,82.24,80.78,81.93,84000,71.83
2013-10-24,81.00,81.25,80.61,81.20,83400,71.19
2013-10-23,81.30,81.46,80.20,80.85,65200,70.89
2013-10-22,81.85,81.90,80.95,80.95,86000,70.98
2013-10-21,80.05,81.70,79.93,81.54,87900,71.49
2013-10-18,80.24,80.30,79.40,80.00,103600,70.14
2013-10-17,80.15,80.20,79.75,80.00,49900,70.14
2013-10-16,80.00,80.26,79.40,80.00,73300,70.14
2013-10-15,78.95,79.67,78.94,79.25,102900,69.49
2013-10-14,78.45,80.29,77.91,78.62,143500,68.93
2013-10-11,77.24,78.00,76.88,77.99,95900,68.38
2013-10-10,76.48,76.90,76.00,76.60,46600,67.16
2013-10-09,75.50,76.21,75.31,75.98,79400,66.62
2013-10-08,75.16,76.03,75.11,75.63,87700,66.31
2013-10-07,75.62,75.62,74.67,75.29,83200,66.01
2013-10-04,74.65,76.24,74.50,75.64,101500,66.32
2013-10-03,75.71,76.14,73.01,74.65,435700,65.45
2013-10-02,75.55,76.08,75.55,75.81,69600,66.47
2013-10-01,75.08,76.00,74.90,75.95,48200,66.59
2013-09-30,74.84,75.40,74.20,75.01,74300,65.77
2013-09-27,74.00,74.89,73.83,74.60,103900,65.41
2013-09-26,73.50,74.36,73.31,74.28,62500,65.13
2013-09-25,73.60,73.60,73.18,73.33,119400,64.29
2013-09-24,73.22,73.73,73.22,73.57,52000,64.50
2013-09-23,73.96,74.13,73.25,73.70,70300,64.62
2013-09-20,72.50,74.40,72.50,73.80,498700,64.71
2013-09-19,73.60,73.85,72.19,72.64,82100,63.69
2013-09-18,74.00,74.00,73.65,73.65,29900,64.58
2013-09-17,74.10,74.10,73.65,73.90,43600,64.79
2013-09-16,74.18,74.45,73.80,74.15,59000,65.01
2013-09-13,73.80,73.90,73.26,73.80,87500,64.71
2013-09-12,73.55,74.19,73.19,73.65,18100,64.58
2013-09-11,73.80,74.55,73.45,73.50,69400,64.44
2013-09-10,74.20,75.12,73.80,74.00,115400,64.88
2013-09-09,72.76,73.91,72.31,73.78,47000,64.69
2013-09-06,72.84,72.84,72.30,72.74,25200,63.78
2013-09-05,74.57,74.57,72.50,72.50,120400,63.57
2013-09-04,74.75,74.75,73.16,74.25,38800,65.10
2013-09-03,75.04,75.50,74.00,74.45,68800,65.28
2013-09-02,72.58,75.69,72.19,75.04,90500,65.79
2013-08-30,73.10,73.35,72.50,73.23,44000,64.21
2013-08-29,73.44,73.62,72.00,72.54,74900,63.60
2013-08-28,72.00,73.42,71.93,73.10,48800,64.09
2013-08-27,72.70,73.24,70.10,71.99,67200,63.12
2013-08-26,74.00,74.80,72.14,72.41,34200,63.49
2013-08-23,72.00,73.77,72.00,72.99,85700,64.00
2013-08-22,70.20,71.30,70.11,70.60,104900,61.90
2013-08-21,67.82,69.10,67.82,68.50,20200,60.06
2013-08-20,68.37,68.73,67.53,68.36,60000,59.94
2013-08-19,67.97,68.46,67.65,67.98,7000,59.60
2013-08-16,68.58,69.24,67.25,67.60,97200,59.27
2013-08-15,68.45,68.58,68.10,68.50,9100,60.06
2013-08-14,68.45,68.70,68.45,68.45,14100,60.02
2013-08-13,68.65,68.75,68.19,68.28,13800,59.87
2013-08-12,69.34,69.53,68.15,68.57,13900,60.12
2013-08-09,68.50,69.51,68.29,68.75,30900,60.28
2013-08-08,68.55,69.10,68.37,68.95,28500,60.45
2013-08-07,68.38,68.90,67.75,68.03,40300,59.65
2013-08-06,69.50,69.50,67.88,68.50,31100,60.06
2013-08-05,70.11,70.65,68.74,68.90,43300,60.41
2013-08-02,69.65,70.53,68.58,69.50,54100,60.94
2013-08-01,67.67,69.25,67.54,69.00,39900,60.50
2013-07-31,67.60,67.67,66.42,67.20,41400,58.92
2013-07-30,67.45,67.70,67.01,67.20,20500,58.92
2013-07-29,66.39,67.22,66.20,67.00,25500,58.74
2013-07-26,66.96,67.00,65.67,65.67,49200,57.58
2013-07-25,66.66,66.70,66.09,66.46,24000,58.27
2013-07-24,65.70,66.66,65.37,66.33,54800,58.16
2013-07-23,65.78,65.90,65.00,65.39,47900,57.33
2013-07-22,65.85,65.98,65.00,65.20,27500,57.17
2013-07-19,66.25,66.25,65.55,65.55,13200,57.47
2013-07-18,65.01,65.99,65.01,65.95,20500,57.82
2013-07-17,66.00,66.09,65.72,65.80,29800,57.69
2013-07-16,66.41,66.66,65.00,66.00,39500,57.87
2013-07-15,66.22,66.66,65.76,66.19,19100,58.03
2013-07-12,65.25,66.66,65.00,66.01,49700,57.88
2013-07-11,65.30,65.30,64.60,65.00,36700,56.99
2013-07-10,64.00,64.35,63.75,64.00,57600,56.11
2013-07-09,64.00,65.01,63.53,64.00,25700,56.11
2013-07-08,64.00,64.10,63.05,63.90,21500,56.03
2013-07-05,63.70,64.08,62.85,63.88,40900,56.01
2013-07-04,63.50,64.23,63.20,64.00,42000,56.11
2013-07-03,63.30,63.78,63.11,63.50,38100,55.68
2013-07-02,63.55,63.92,63.55,63.80,30600,55.94
2013-07-01,63.25,63.53,62.53,63.45,26100,55.63
2013-06-28,63.50,63.59,62.75,63.18,82100,55.40
2013-06-27,61.00,63.00,60.86,63.00,27700,55.24
2013-06-26,60.49,61.06,60.00,60.98,29800,53.47
2013-06-25,60.25,60.95,59.10,60.00,68800,52.61
2013-06-24,62.80,62.87,60.05,60.05,56200,52.65
2013-06-21,62.40,63.13,62.23,62.80,237000,55.06
2013-06-20,62.30,63.00,61.70,62.20,75300,54.54
2013-06-19,62.95,62.95,62.01,62.01,75900,54.37
2013-06-18,62.59,63.00,62.30,62.35,16000,54.67
2013-06-17,62.00,62.98,61.90,62.10,26600,54.45
2013-06-14,60.56,62.44,60.56,61.85,39700,54.23
2013-06-13,59.88,60.60,59.50,60.49,52900,53.04
2013-06-12,60.99,60.99,59.61,59.61,63900,52.27
2013-06-11,62.00,62.50,60.00,60.50,57800,53.05
2013-06-10,60.10,61.90,59.87,61.50,104500,53.92
2013-06-07,60.00,60.20,59.90,59.95,78800,52.56
2013-06-06,60.00,60.19,59.86,60.00,6300,52.61
2013-06-05,59.70,60.25,59.70,59.75,81700,52.39
2013-06-04,60.00,60.20,59.11,59.90,39300,52.52
2013-06-03,59.55,60.20,59.51,60.00,34000,52.61
2013-05-31,60.10,60.15,59.70,59.90,24200,52.52
2013-05-30,60.10,60.20,59.98,60.10,77600,52.69
2013-05-29,60.10,60.15,59.80,60.05,46000,52.65
2013-05-28,60.40,60.40,59.75,60.00,35600,52.61
2013-05-27,60.19,60.79,59.79,60.25,4900,52.83
2013-05-24,59.12,60.00,59.11,59.80,80000,52.43
2013-05-23,59.95,59.99,59.25,59.70,102700,52.34
2013-05-22,60.00,60.26,59.80,60.11,17600,52.70
2013-05-21,60.80,60.80,59.26,59.60,71100,52.26
2013-05-20,60.00,60.90,59.51,60.50,26100,53.05
2013-05-17,59.65,60.39,58.85,59.75,157400,52.39
2013-05-16,59.00,59.64,58.19,59.36,112400,52.05
2013-05-15,58.25,59.50,58.25,59.00,190100,51.73
2013-05-14,57.75,58.40,57.62,58.10,57700,50.94
2013-05-13,57.12,57.70,57.12,57.55,123700,50.46
2013-05-10,56.90,57.12,56.90,57.10,81500,50.06
2013-05-09,57.15,57.15,56.51,57.00,83900,49.98
2013-05-08,57.00,57.02,56.37,57.02,103800,49.99
2013-05-07,57.01,57.10,56.60,56.80,289400,49.80
2013-05-06,55.94,56.60,55.90,56.60,179600,49.63
2013-05-03,55.24,55.79,55.24,55.60,332600,48.75
2013-05-02,54.25,55.32,53.75,55.01,562800,48.23
2013-05-01,54.00,54.00,54.00,54.00,000,47.35
2013-04-30,55.50,55.64,53.87,54.00,4122000,47.35
2013-04-29,67.15,67.15,67.15,67.15,000,58.88
2013-04-26,67.15,67.15,67.15,67.15,000,58.88
2013-04-25,67.15,67.15,67.15,67.15,000,58.88
2013-04-24,67.15,67.15,67.15,67.15,000,58.88
2013-04-23,67.15,67.15,67.15,67.15,000,58.88
2013-04-22,67.15,67.15,67.15,67.15,000,58.88
2013-04-19,67.15,67.15,67.15,67.15,000,58.88
2013-04-18,67.15,67.15,67.15,67.15,000,58.88
2013-04-17,67.15,67.15,67.15,67.15,000,58.88
2013-04-16,67.15,67.15,67.15,67.15,000,58.88
2013-04-15,67.15,67.15,67.15,67.15,000,58.88
2013-04-12,67.15,67.15,67.15,67.15,000,58.88
2013-04-11,67.15,67.15,67.15,67.15,000,58.88
2013-04-10,67.15,67.15,67.15,67.15,000,58.88
2013-04-09,67.15,67.15,67.15,67.15,000,58.88
2013-04-08,67.15,67.15,67.15,67.15,000,58.88
2013-04-05,67.15,67.15,67.15,67.15,000,58.88
2013-04-04,67.15,67.15,67.15,67.15,000,58.88
2013-04-03,67.15,67.15,67.15,67.15,000,58.88
2013-04-02,67.15,67.15,67.15,67.15,000,58.88
2013-04-01,67.15,67.15,67.15,67.15,000,58.88
2013-03-29,67.15,67.15,67.15,67.15,000,58.88
2013-03-28,67.15,67.15,67.15,67.15,000,58.88
2013-03-27,67.15,67.15,67.15,67.15,000,58.88
2013-03-26,67.15,67.15,67.15,67.15,000,58.88
2013-03-25,67.15,67.15,67.15,67.15,000,58.88
2013-03-22,67.15,67.15,67.15,67.15,000,58.88
2013-03-21,67.15,67.15,67.15,67.15,000,58.88
2013-03-20,67.15,67.15,67.15,67.15,000,58.88
2013-03-19,67.15,67.15,67.15,67.15,000,58.88
2013-03-18,67.15,67.15,67.15,67.15,000,58.88
2013-03-15,67.15,67.15,67.15,67.15,000,58.88
2013-03-14,67.15,67.15,67.15,67.15,000,58.88
2013-03-13,67.15,67.15,67.15,67.15,000,58.88
2013-03-12,67.15,67.15,67.15,67.15,000,58.88
2013-03-11,67.15,67.15,67.15,67.15,000,58.88
2013-03-08,67.15,67.15,67.15,67.15,000,58.88
2013-03-07,67.15,67.15,67.15,67.15,000,58.88
2013-03-06,67.15,67.15,67.15,67.15,000,58.88
2013-03-05,67.15,67.15,67.15,67.15,000,58.88
2013-03-04,67.15,67.15,67.15,67.15,000,58.88
2013-03-01,67.15,67.15,67.15,67.15,000,54.40
2013-02-28,67.15,67.15,67.15,67.15,000,54.40
2013-02-27,67.15,67.15,67.15,67.15,000,54.40
2013-02-26,67.15,67.15,67.15,67.15,000,54.40
2013-02-25,67.15,67.15,67.15,67.15,000,54.40
2013-02-22,67.15,67.15,67.15,67.15,000,54.40
2013-02-21,67.15,67.15,67.15,67.15,000,54.40
2013-02-20,67.15,67.15,67.15,67.15,000,54.40
2013-02-19,67.15,67.15,67.15,67.15,000,54.40
2013-02-18,67.15,67.15,67.15,67.15,000,54.40
2013-02-15,67.15,67.15,67.15,67.15,000,54.40
2013-02-14,67.15,67.15,67.15,67.15,000,54.40
2013-02-13,67.15,67.15,67.15,67.15,000,54.40
2013-02-12,67.15,67.15,67.15,67.15,000,54.40
2013-02-11,67.15,67.15,67.15,67.15,000,54.40
2013-02-08,67.15,67.15,67.15,67.15,000,54.40
2013-02-07,67.15,67.15,67.15,67.15,000,54.40
2013-02-06,67.15,67.15,67.15,67.15,000,54.40
2013-02-05,67.15,67.15,67.15,67.15,000,54.40
2013-02-04,67.15,67.15,67.15,67.15,000,54.40
2013-02-01,67.15,67.15,67.15,67.15,000,54.40
2013-01-31,67.15,67.15,67.15,67.15,000,54.40
2013-01-30,67.15,67.15,67.15,67.15,000,54.40
2013-01-29,67.15,67.15,67.15,67.15,000,54.40
2013-01-28,67.15,67.15,67.15,67.15,000,54.40
2013-01-25,67.15,67.15,67.15,67.15,000,54.40
2013-01-24,67.15,67.15,67.15,67.15,000,54.40
2013-01-23,67.15,67.15,67.15,67.15,000,54.40
2013-01-22,67.15,67.15,67.15,67.15,000,54.40
2013-01-21,67.15,67.15,67.15,67.15,000,54.40
2013-01-18,67.15,67.15,67.15,67.15,000,54.40
2013-01-17,67.15,67.15,67.15,67.15,000,54.40
2013-01-16,67.15,67.15,67.15,67.15,000,54.40
2013-01-15,67.15,67.15,67.15,67.15,000,54.40
2013-01-14,67.15,67.15,67.15,67.15,000,54.40
2013-01-11,67.15,67.15,67.15,67.15,000,54.40
2013-01-10,67.15,67.15,67.15,67.15,000,54.40
2013-01-09,67.15,67.15,67.15,67.15,000,54.40
2013-01-08,67.15,67.15,67.15,67.15,000,54.40
2013-01-07,67.15,67.15,67.15,67.15,000,54.40
2013-01-04,67.15,67.15,67.15,67.15,000,54.40
2013-01-03,67.15,67.15,67.15,67.15,000,54.40
2013-01-02,67.15,67.15,67.15,67.15,000,54.40
2013-01-01,67.15,67.15,67.15,67.15,000,54.40
2012-12-31,67.15,67.15,67.15,67.15,000,54.40
2012-12-28,67.15,67.15,67.15,67.15,000,54.40
2012-12-27,67.15,67.15,67.15,67.15,000,54.40
2012-12-26,67.15,67.15,67.15,67.15,000,54.40
2012-12-25,67.15,67.15,67.15,67.15,000,54.40
2012-12-24,67.15,67.15,67.15,67.15,000,54.40
2012-12-21,67.15,67.15,67.15,67.15,000,54.40
2012-12-20,67.15,67.15,67.15,67.15,000,54.40
2012-12-19,67.15,67.15,67.15,67.15,000,54.40
2012-12-18,67.15,67.15,67.15,67.15,000,54.40
2012-12-17,67.15,67.15,67.15,67.15,000,54.40
2012-12-14,67.15,67.15,67.15,67.15,000,54.40
2012-12-13,67.15,67.15,67.15,67.15,000,54.40
2012-12-12,67.15,67.15,67.15,67.15,000,54.40
2012-12-11,67.15,67.15,67.15,67.15,000,54.40
2012-12-10,67.15,67.15,67.15,67.15,000,54.40
2012-12-07,67.15,67.15,67.15,67.15,000,54.40
2012-12-06,67.15,67.15,67.15,67.15,000,54.40
2012-12-05,67.15,67.15,67.15,67.15,000,54.40
2012-12-04,67.15,67.15,67.15,67.15,000,54.40
2012-12-03,67.15,67.15,67.15,67.15,000,54.40
2012-11-30,67.15,67.15,67.15,67.15,000,54.40
2012-11-29,67.15,67.15,67.15,67.15,000,54.40
2012-11-28,67.15,67.15,67.15,67.15,000,54.40
2012-11-27,67.15,67.15,67.15,67.15,000,54.40
2012-11-26,67.15,67.15,67.15,67.15,000,54.40
2012-11-23,67.15,67.15,67.15,67.15,000,54.40
2012-11-22,67.15,67.15,67.15,67.15,000,54.40
2012-11-21,67.15,67.15,67.15,67.15,000,54.40
2012-11-20,67.15,67.15,67.15,67.15,000,54.40
2012-11-19,67.15,67.15,67.15,67.15,000,54.40
2012-11-16,67.15,67.15,67.15,67.15,000,54.40
2012-11-15,67.15,67.15,67.15,67.15,000,54.40
2012-11-14,67.15,67.15,67.15,67.15,000,54.40
2012-11-13,67.15,67.15,67.15,67.15,000,54.40
2012-11-12,67.15,67.15,67.15,67.15,000,54.40
2012-11-09,67.15,67.15,67.15,67.15,000,54.40
2012-11-08,67.15,67.15,67.15,67.15,000,54.40
2012-11-07,67.15,67.15,67.15,67.15,000,54.40
2012-11-06,67.15,67.15,67.15,67.15,000,54.40
2012-11-05,67.15,67.15,67.15,67.15,000,54.40
2012-11-02,67.15,67.15,67.15,67.15,000,54.40
2012-11-01,67.15,67.15,67.15,67.15,000,54.40
2012-10-31,67.15,67.15,67.15,67.15,000,54.40
2012-10-30,67.15,67.15,67.15,67.15,000,54.40
2012-10-29,67.15,67.15,67.15,67.15,000,54.40
2012-10-26,67.15,67.15,67.15,67.15,000,54.40
2012-10-25,67.15,67.15,67.15,67.15,000,54.40
2012-10-24,67.15,67.15,67.15,67.15,000,54.40
2012-10-23,67.15,67.15,67.15,67.15,000,54.40
2012-10-22,67.15,67.15,67.15,67.15,000,54.40
2012-10-19,67.15,67.15,67.15,67.15,000,54.40
2012-10-18,67.15,67.15,67.15,67.15,000,54.40
2012-10-17,67.15,67.15,67.15,67.15,000,54.40
2012-10-16,67.15,67.15,67.15,67.15,000,54.40
2012-10-15,67.15,67.15,67.15,67.15,000,54.40
2012-10-12,67.15,67.15,67.15,67.15,000,54.40
2012-10-11,67.15,67.15,67.15,67.15,000,54.40
2012-10-10,67.15,67.15,67.15,67.15,000,54.40
2012-10-09,67.15,67.15,67.15,67.15,000,54.40
2012-10-08,67.15,67.15,67.15,67.15,000,54.40
2012-10-05,67.15,67.15,67.15,67.15,000,54.40
2012-10-04,67.15,67.15,67.15,67.15,000,54.40
2012-10-03,67.15,67.15,67.15,67.15,000,54.40
2012-10-02,67.15,67.15,67.15,67.15,000,54.40
2012-10-01,67.15,67.15,67.15,67.15,000,54.40
2012-09-28,67.15,67.15,67.15,67.15,000,54.40
2012-09-27,67.15,67.15,67.15,67.15,000,54.40
2012-09-26,67.15,67.15,67.15,67.15,000,54.40
2012-09-25,67.15,67.15,67.15,67.15,000,54.40
2012-09-24,67.15,67.15,67.15,67.15,000,54.40
2012-09-21,67.15,67.15,67.15,67.15,000,54.40
2012-09-20,67.15,67.15,67.15,67.15,000,54.40
2012-09-19,67.15,67.15,67.15,67.15,000,54.40
2012-09-18,67.15,67.15,67.15,67.15,000,54.40
2012-09-17,67.15,67.15,67.15,67.15,000,54.40
2012-09-14,67.15,67.15,67.15,67.15,000,54.40
2012-09-13,67.15,67.15,67.15,67.15,000,54.40
2012-09-12,67.15,67.15,67.15,67.15,000,54.40
2012-09-11,67.15,67.15,67.15,67.15,000,54.40
2012-09-10,67.15,67.15,67.15,67.15,000,54.40
2012-09-07,67.15,67.15,67.15,67.15,000,54.40
2012-09-06,67.15,67.15,67.15,67.15,000,54.40
2012-09-05,67.15,67.15,67.15,67.15,000,54.40
2012-09-04,67.15,67.15,67.15,67.15,000,54.40
2012-09-03,67.15,67.15,67.15,67.15,000,54.40
2012-08-31,67.15,67.15,67.15,67.15,000,54.40
2012-08-30,67.15,67.15,67.15,67.15,000,54.40
2012-08-29,67.15,67.15,67.15,67.15,000,54.40
2012-08-28,67.15,67.15,67.15,67.15,000,54.40
2012-08-27,67.15,67.15,67.15,67.15,000,54.40
2012-08-24,67.15,67.15,67.15,67.15,000,54.40
2012-08-23,67.15,67.15,67.15,67.15,000,54.40
2012-08-22,67.15,67.15,67.15,67.15,000,54.40
2012-08-21,67.15,67.15,67.15,67.15,000,54.40
2012-08-20,67.15,67.15,67.15,67.15,000,54.40
2012-08-17,67.15,67.15,67.15,67.15,000,54.40
2012-08-16,67.15,67.15,67.15,67.15,000,54.40
2012-08-15,67.15,67.15,67.15,67.15,000,54.40
2012-08-14,67.15,67.15,67.15,67.15,000,54.40
2012-08-13,67.15,67.15,67.15,67.15,000,54.40
2012-08-10,67.15,67.15,67.15,67.15,000,54.40
2012-08-09,67.15,67.15,67.15,67.15,000,54.40
2012-08-08,67.15,67.15,67.15,67.15,000,54.40
2012-08-07,67.15,67.15,67.15,67.15,000,54.40
2012-08-06,67.15,67.15,67.15,67.15,000,54.40
2012-08-03,67.15,67.15,67.15,67.15,000,54.40
2012-08-02,67.15,67.15,67.15,67.15,000,54.40
2012-08-01,67.15,67.15,67.15,67.15,000,54.40
2012-07-31,67.15,67.15,67.15,67.15,000,54.40
2012-07-30,67.15,67.15,67.15,67.15,000,54.40
2012-07-27,67.15,67.15,67.15,67.15,000,54.40
2012-07-26,67.15,67.15,67.15,67.15,000,54.40
2012-07-25,67.15,67.15,67.15,67.15,000,54.40
2012-07-24,67.15,67.15,67.15,67.15,000,54.40
2012-07-23,67.15,67.15,67.15,67.15,000,54.40
2012-07-20,67.15,67.15,67.15,67.15,000,54.40
2012-07-19,67.15,67.15,67.15,67.15,000,54.40
2012-07-18,67.15,67.15,67.15,67.15,000,54.40
2012-07-17,67.15,67.15,67.15,67.15,000,54.40
2012-07-16,67.15,67.15,67.15,67.15,000,54.40
2012-07-13,67.15,67.15,67.15,67.15,000,54.40
2012-07-12,67.15,67.15,67.15,67.15,000,54.40
2012-07-11,67.15,67.15,67.15,67.15,000,54.40
2012-07-10,67.15,67.15,67.15,67.15,000,54.40
2012-07-09,67.15,67.15,67.15,67.15,000,54.40
2012-07-06,67.15,67.15,67.15,67.15,000,54.40
2012-07-05,67.15,67.15,67.15,67.15,000,54.40
2012-07-04,67.15,67.15,67.15,67.15,000,54.40
2012-07-03,67.15,67.15,67.15,67.15,000,54.40
2012-07-02,67.15,67.15,67.15,67.15,000,54.40
2012-06-29,67.15,67.15,67.15,67.15,000,54.40
2012-06-28,67.15,67.15,67.15,67.15,000,54.40
2012-06-27,67.15,67.15,67.15,67.15,000,54.40
2012-06-26,67.15,67.15,67.15,67.15,000,54.40
2012-06-25,67.15,67.15,67.15,67.15,000,54.40
2012-06-22,67.15,67.15,67.15,67.15,000,54.40
2012-06-21,67.15,67.15,67.15,67.15,000,54.40
2012-06-20,67.15,67.15,67.15,67.15,000,54.40
2012-06-19,67.15,67.15,67.15,67.15,000,54.40
2012-06-18,67.15,67.15,67.15,67.15,000,54.40
2012-06-15,67.15,67.15,67.15,67.15,000,54.40
2012-06-14,67.15,67.15,67.15,67.15,000,54.40
2012-06-13,67.15,67.15,67.15,67.15,000,54.40
2012-06-12,67.15,67.15,67.15,67.15,000,54.40
2012-06-11,67.15,67.15,67.15,67.15,000,54.40
2012-06-08,67.15,67.15,67.15,67.15,000,54.40
2012-06-07,67.15,67.15,67.15,67.15,000,54.40
2012-06-06,67.15,67.15,67.15,67.15,000,54.40
2012-06-05,67.15,67.15,67.15,67.15,000,54.40
2012-06-04,67.15,67.15,67.15,67.15,000,54.40
2012-06-01,67.15,67.15,67.15,67.15,000,54.40
2012-05-31,67.15,67.15,67.15,67.15,000,54.40
2012-05-30,67.15,67.15,67.15,67.15,000,54.40
2012-05-29,67.15,67.15,67.15,67.15,000,54.40
2012-05-28,67.15,67.15,67.15,67.15,000,54.40
2012-05-25,67.15,67.15,67.15,67.15,000,54.40
2012-05-24,67.15,67.15,67.15,67.15,000,54.40
2012-05-23,67.15,67.15,67.15,67.15,000,54.40
2012-05-22,67.15,67.15,67.15,67.15,000,54.40
2012-05-21,67.15,67.15,67.15,67.15,000,54.40
2012-05-18,67.15,67.15,67.15,67.15,000,54.40
2012-05-17,67.15,67.15,67.15,67.15,000,54.40
2012-05-16,67.15,67.15,67.15,67.15,000,54.40
2012-05-15,67.15,67.15,67.15,67.15,000,54.40
2012-05-14,67.15,67.15,67.15,67.15,000,54.40
2012-05-11,67.15,67.15,67.15,67.15,000,54.40
2012-05-10,67.15,67.15,67.15,67.15,000,54.40
2012-05-09,67.15,67.15,67.15,67.15,000,54.40
2012-05-08,67.15,67.15,67.15,67.15,000,54.40
2012-05-07,67.15,67.15,67.15,67.15,000,54.40
2012-05-04,67.15,67.15,67.15,67.15,000,54.40
2012-05-03,67.15,67.15,67.15,67.15,000,54.40
2012-05-02,67.15,67.15,67.15,67.15,000,54.40
2012-05-01,67.15,67.15,67.15,67.15,000,54.40
2012-04-30,67.15,67.15,67.15,67.15,000,54.40
2012-04-27,67.15,67.15,67.15,67.15,000,54.40
2012-04-26,67.15,67.15,67.15,67.15,000,54.40
2012-04-25,67.15,67.15,67.15,67.15,000,54.40
2012-04-24,67.15,67.15,67.15,67.15,000,54.40
2012-04-23,67.15,67.15,67.15,67.15,000,54.40
2012-04-20,67.15,67.15,67.15,67.15,000,50.89
2012-04-19,67.15,67.15,67.15,67.15,000,50.89
2012-04-18,67.15,67.15,67.15,67.15,000,50.89
2012-04-17,67.15,67.15,67.15,67.15,000,50.89
2012-04-16,67.15,67.15,67.15,67.15,000,50.89
2012-04-13,67.15,67.15,67.15,67.15,000,50.89
2012-04-12,67.15,67.15,67.15,67.15,000,50.89
2012-04-11,67.15,67.15,67.15,67.15,000,50.89
2012-04-10,67.15,67.15,67.15,67.15,000,50.89
2012-04-09,67.15,67.15,67.15,67.15,000,50.89
2012-04-06,67.15,67.15,67.15,67.15,000,50.89
2012-04-05,67.15,67.15,67.15,67.15,000,50.89
2012-04-04,67.15,67.15,67.15,67.15,000,50.89
2012-04-03,67.15,67.15,67.15,67.15,000,50.89
2012-04-02,67.15,67.15,67.15,67.15,000,50.89
2012-03-30,67.15,67.15,67.15,67.15,000,50.89
2012-03-29,67.15,67.15,67.15,67.15,000,50.89
2012-03-28,67.15,67.15,67.15,67.15,000,50.89
2012-03-27,67.15,67.15,67.15,67.15,000,50.89
2012-03-26,67.15,67.15,67.15,67.15,000,50.89
2012-03-23,67.15,67.15,67.15,67.15,000,50.89
2012-03-22,67.15,67.15,67.15,67.15,000,50.89
2012-03-21,67.15,67.15,67.15,67.15,000,50.89
2012-03-20,67.15,67.15,67.15,67.15,000,50.89
2012-03-19,67.15,67.15,67.15,67.15,000,50.89
2012-03-16,67.15,67.15,67.15,67.15,000,50.89
2012-03-15,67.15,67.15,67.15,67.15,000,50.89
2012-03-14,67.15,67.15,67.15,67.15,000,50.89
2012-03-13,67.15,67.15,67.15,67.15,000,50.89
2012-03-12,67.15,67.15,67.15,67.15,000,50.89
2012-03-09,67.15,67.15,67.15,67.15,000,50.89
2012-03-08,67.15,67.15,67.15,67.15,000,50.89
2012-03-07,67.15,67.15,67.15,67.15,000,50.89
2012-03-06,67.15,67.15,67.15,67.15,000,50.89
2012-03-05,67.15,67.15,67.15,67.15,000,50.89
2012-03-02,67.15,67.15,67.15,67.15,000,50.89
2012-03-01,67.15,67.15,67.15,67.15,000,50.89
2012-02-29,67.15,67.15,67.15,67.15,000,50.89
2012-02-28,67.15,67.15,67.15,67.15,000,50.89
2012-02-27,67.15,67.15,67.15,67.15,000,50.89
2012-02-24,67.15,67.15,67.15,67.15,000,50.89
2012-02-23,67.15,67.15,67.15,67.15,000,50.89
2012-02-22,67.15,67.15,67.15,67.15,000,50.89
2012-02-21,67.15,67.15,67.15,67.15,000,50.89
2012-02-20,67.15,67.15,67.15,67.15,000,50.89
2012-02-17,67.15,67.15,67.15,67.15,000,50.89
2012-02-16,67.15,67.15,67.15,67.15,000,50.89
2012-02-15,67.15,67.15,67.15,67.15,000,50.89
2012-02-14,67.15,67.15,67.15,67.15,000,50.89
2012-02-13,67.15,67.15,67.15,67.15,000,50.89
2012-02-10,67.15,67.15,67.15,67.15,000,50.89
2012-02-09,67.15,67.15,67.15,67.15,000,50.89
2012-02-08,67.15,67.15,67.15,67.15,000,50.89
2012-02-07,67.15,67.15,67.15,67.15,000,50.89
2012-02-06,67.15,67.15,67.15,67.15,000,50.89
2012-02-03,67.15,67.15,67.15,67.15,000,50.89
2012-02-02,67.15,67.15,67.15,67.15,000,50.89
2012-02-01,67.15,67.15,67.15,67.15,000,50.89
2012-01-31,67.15,67.15,67.15,67.15,000,50.89
2012-01-30,67.15,67.15,67.15,67.15,000,50.89
2012-01-27,67.15,67.15,67.15,67.15,000,50.89
2012-01-26,67.15,67.15,67.15,67.15,000,50.89
2012-01-25,67.15,67.15,67.15,67.15,000,50.89
2012-01-24,67.15,67.15,67.15,67.15,000,50.89
2012-01-23,67.15,67.15,67.15,67.15,000,50.89
2012-01-20,67.15,67.15,67.15,67.15,000,50.89
2012-01-19,67.15,67.15,67.15,67.15,000,50.89
2012-01-18,67.15,67.15,67.15,67.15,000,50.89
2012-01-17,67.15,67.15,67.15,67.15,000,50.89
2012-01-16,67.15,67.15,67.15,67.15,000,50.89
2012-01-13,67.15,67.15,67.15,67.15,000,50.89
2012-01-12,67.15,67.15,67.15,67.15,000,50.89
2012-01-11,67.15,67.15,67.15,67.15,000,50.89
2012-01-10,67.15,67.15,67.15,67.15,000,50.89
2012-01-09,67.15,67.15,67.15,67.15,000,50.89
2012-01-06,67.15,67.15,67.15,67.15,000,50.89
2012-01-05,67.15,67.15,67.15,67.15,000,50.89
2012-01-04,67.15,67.15,67.15,67.15,000,50.89
2012-01-03,67.15,67.15,67.15,67.15,000,50.89
2012-01-02,67.15,67.15,67.15,67.15,000,50.89
2011-12-30,67.15,67.15,67.15,67.15,000,50.89
2011-12-29,67.15,67.15,67.15,67.15,000,50.89
2011-12-28,67.15,67.15,67.15,67.15,000,50.89
2011-12-27,67.15,67.15,67.15,67.15,000,50.89
2011-12-26,67.15,67.15,67.15,67.15,000,50.89
2011-12-23,67.15,67.15,67.15,67.15,000,50.89
2011-12-22,67.15,67.15,67.15,67.15,000,50.89
2011-12-21,67.15,67.15,67.15,67.15,000,50.89
2011-12-20,67.15,67.15,67.15,67.15,000,50.89
2011-12-19,67.15,67.15,67.15,67.15,000,50.89
2011-12-16,67.15,67.15,67.15,67.15,000,50.89
2011-12-15,67.15,67.15,67.15,67.15,000,50.89
2011-12-14,67.15,67.15,67.15,67.15,000,50.89
2011-12-13,67.15,67.15,67.15,67.15,000,50.89
2011-12-12,67.15,67.15,67.15,67.15,000,50.89
2011-12-09,67.15,67.15,67.15,67.15,000,50.89
2011-12-08,67.15,67.15,67.15,67.15,000,50.89
2011-12-07,67.15,67.15,67.15,67.15,000,50.89
2011-12-06,67.15,67.15,67.15,67.15,000,50.89
2011-12-05,67.15,67.15,67.15,67.15,000,50.89
2011-12-02,67.15,67.15,67.15,67.15,000,50.89
2011-12-01,67.15,67.15,67.15,67.15,000,50.89
2011-11-30,67.15,67.15,67.15,67.15,000,50.89
2011-11-29,67.15,67.15,67.15,67.15,000,50.89
2011-11-28,67.15,67.15,67.15,67.15,000,50.89
2011-11-25,67.15,67.15,67.15,67.15,000,50.89
2011-11-24,67.15,67.15,67.15,67.15,000,50.89
2011-11-23,67.15,67.15,67.15,67.15,000,50.89
2011-11-22,67.15,67.15,67.15,67.15,000,50.89
2011-11-21,67.15,67.15,67.15,67.15,000,50.89
2011-11-18,67.15,67.15,67.15,67.15,000,50.89
2011-11-17,67.15,67.15,67.15,67.15,000,50.89
2011-05-09,67.15,67.15,67.15,67.15,400,50.89
2011-05-05,63.00,63.00,63.00,63.00,000,47.75
2011-03-28,76.17,76.17,76.17,76.17,000,54.25
2011-02-21,72.91,72.91,72.91,72.91,000,51.93
2010-11-22,68.90,68.90,68.90,68.90,000,49.07
2010-11-17,66.01,66.01,66.01,66.01,000,47.01
2010-11-09,68.90,68.90,68.90,68.90,000,49.07
2010-10-29,61.62,61.62,61.62,61.62,000,43.89
2010-09-20,63.85,63.85,63.85,63.85,000,45.47
2010-09-15,65.28,65.28,65.28,65.28,200,46.49
2010-06-21,60.50,60.50,60.50,60.50,000,43.09
2010-06-18,60.50,60.50,60.50,60.50,000,43.09
2010-05-07,57.91,57.91,57.91,57.91,000,41.24
2009-11-27,42.00,42.00,42.00,42.00,100,28.65
2008-12-01,42.00,42.00,42.00,42.00,000,27.44
2008-10-30,35.50,35.50,35.50,35.50,100,23.19
2008-10-17,36.00,36.00,36.00,36.00,000,23.52
2008-10-13,36.83,36.83,36.83,36.83,000,24.06
2008-10-07,46.85,46.85,46.85,46.85,000,30.61
2008-07-15,60.00,60.00,60.00,60.00,000,39.20
2008-04-04,81.54,81.54,81.54,81.54,000,50.06
2007-10-31,70.59,70.59,70.59,70.59,000,43.34
