Date,Open,High,Low,Close,Volume,Adj Close
2016-10-27,39.925,40.18,39.42,40.18,118100,40.18
2016-10-26,40.585,40.75,39.40,39.70,164700,39.70
2016-10-25,40.755,41.075,40.51,40.51,111100,40.51
2016-10-24,40.745,40.93,40.265,40.745,103500,40.745
2016-10-21,40.40,40.615,39.835,40.51,190200,40.51
2016-10-20,38.795,40.32,38.30,40.17,321300,40.17
2016-10-19,38.50,38.545,38.19,38.425,107400,38.425
2016-10-18,38.60,38.77,38.345,38.45,150500,38.45
2016-10-17,39.225,39.225,38.20,38.47,181500,38.47
2016-10-14,37.415,39.35,37.415,39.18,283100,39.18
2016-10-13,37.70,37.70,36.775,37.24,251700,37.24
2016-10-12,38.23,38.23,37.65,37.84,154300,37.84
2016-10-11,37.75,38.245,37.515,37.91,189600,37.91
2016-10-10,38.00,38.085,37.405,37.715,222000,37.715
2016-10-07,38.18,38.37,37.84,37.90,188500,37.90
2016-10-06,38.50,38.565,38.07,38.33,130400,38.33
2016-10-05,38.63,38.63,38.05,38.145,202900,38.145
2016-10-04,39.11,39.42,38.60,38.76,180300,38.76
2016-10-03,38.68,38.68,38.68,38.68,000,38.68
2016-09-30,39.185,39.185,38.225,38.68,299500,38.68
2016-09-29,39.83,40.17,39.22,39.705,198100,39.705
2016-09-28,39.12,39.65,39.00,39.515,196100,39.515
2016-09-27,39.33,39.33,38.00,38.995,345100,38.995
2016-09-26,38.80,39.40,37.99,39.04,653300,39.04
2016-09-23,38.30,38.33,37.40,37.70,431600,37.70
2016-09-22,39.60,39.745,38.26,38.465,484200,38.465
2016-09-21,40.565,40.76,39.29,39.60,249400,39.60
2016-09-20,41.065,41.065,39.82,40.09,297800,40.09
2016-09-19,41.385,41.605,40.745,41.00,107800,41.00
2016-09-16,41.565,41.73,40.74,41.265,199300,41.265
2016-09-15,41.36,41.735,40.985,41.735,112300,41.735
2016-09-14,41.55,41.55,41.05,41.455,96300,41.455
2016-09-13,42.00,42.195,41.235,41.38,129000,41.38
2016-09-12,41.95,42.105,41.435,41.69,163800,41.69
2016-09-09,42.685,42.915,42.235,42.39,110700,42.39
2016-09-08,42.78,42.875,42.185,42.735,92100,42.735
2016-09-07,42.76,43.08,42.14,42.65,167300,42.65
2016-09-06,42.94,43.05,42.425,42.665,146100,42.665
2016-09-05,43.50,43.50,42.695,42.72,108800,42.72
2016-09-02,42.61,43.275,41.98,43.075,147900,43.075
2016-09-01,41.50,42.90,41.50,42.35,286000,42.35
2016-08-31,42.21,42.355,41.315,41.515,240800,41.515
2016-08-30,42.375,42.81,42.12,42.24,138100,42.24
2016-08-29,42.50,42.665,42.00,42.365,122700,42.365
2016-08-26,43.115,43.115,42.40,42.825,129800,42.825
2016-08-25,43.695,43.695,42.70,43.06,111500,43.06
2016-08-24,43.89,44.29,43.405,43.71,144800,43.71
2016-08-23,43.605,44.495,43.11,44.005,157800,44.005
2016-08-22,43.235,43.78,43.08,43.32,103100,43.32
2016-08-19,43.57,43.57,42.59,43.07,96800,43.07
2016-08-18,42.40,43.67,42.40,43.34,129100,43.34
2016-08-17,42.795,42.87,41.955,42.18,136500,42.18
2016-08-16,43.00,43.205,42.655,42.685,136300,42.685
2016-08-15,43.725,43.81,42.685,43.23,132300,43.23
2016-08-12,43.12,43.75,42.52,43.455,157500,43.455
2016-08-11,45.50,45.645,40.50,43.125,813900,43.125
2016-08-10,43.995,44.755,43.765,44.47,255800,44.47
2016-08-09,42.50,44.215,42.295,44.035,278000,44.035
2016-08-08,41.595,42.47,41.45,42.315,171700,42.315
2016-08-05,40.655,41.61,40.43,41.29,172500,41.29
2016-08-04,40.05,40.475,39.74,40.335,257500,40.335
2016-08-03,40.625,40.625,39.295,39.85,207200,39.85
2016-08-02,41.435,41.435,40.42,40.695,156800,40.695
2016-08-01,42.81,43.165,40.985,41.31,285800,41.31
2016-07-29,42.76,43.185,42.40,42.51,129100,42.51
2016-07-28,43.10,43.165,42.405,42.55,153700,42.55
2016-07-27,42.22,44.035,42.20,42.93,397100,42.93
2016-07-26,41.23,42.195,40.635,42.025,150000,42.025
2016-07-25,41.085,41.42,40.635,41.05,113800,41.05
2016-07-22,40.60,40.91,40.225,40.75,74300,40.75
2016-07-21,41.295,41.30,40.16,40.765,118800,40.765
2016-07-20,41.07,41.335,40.555,41.02,134800,41.02
2016-07-19,40.79,40.84,39.85,40.64,202900,40.64
2016-07-18,40.80,41.315,39.495,40.84,235400,40.84
2016-07-15,41.50,41.735,40.06,40.36,248500,40.36
2016-07-14,42.325,42.50,41.775,41.78,97300,41.78
2016-07-13,42.25,42.80,41.875,42.01,125900,42.01
2016-07-12,42.525,43.12,42.125,42.25,92700,42.25
2016-07-11,42.03,42.58,41.405,42.45,111000,42.45
2016-07-08,40.10,41.875,40.10,41.80,123700,41.80
2016-07-07,39.47,40.545,39.085,40.20,130300,40.20
2016-07-06,39.945,40.165,38.705,39.25,191200,39.25
2016-07-05,40.42,40.435,39.415,40.24,125200,40.24
2016-07-04,41.60,41.715,40.065,40.40,124200,40.40
2016-07-01,41.70,41.84,40.79,41.34,155000,41.34
2016-06-30,41.495,41.745,40.89,41.245,218500,41.245
2016-06-29,41.935,42.095,41.51,41.585,146200,41.585
2016-06-28,41.205,41.55,40.65,41.235,196200,41.235
2016-06-27,43.425,43.425,39.66,40.035,511500,40.035
2016-06-24,40.32,44.50,37.70,43.22,434100,43.22
2016-06-23,45.82,46.60,45.635,46.295,147700,45.595
2016-06-22,46.445,46.48,45.445,45.78,153200,45.088
2016-06-21,46.925,46.99,45.58,46.385,149100,45.684
2016-06-20,45.075,47.12,44.20,46.36,254400,45.659
2016-06-17,43.76,44.67,43.46,43.58,221600,42.921
2016-06-16,43.25,43.51,42.61,43.335,164100,42.68
2016-06-15,44.08,44.23,43.33,43.48,178600,42.823
2016-06-14,44.60,45.095,44.00,44.08,235900,43.413
2016-06-13,44.05,46.195,42.80,45.27,398500,44.585
2016-06-10,47.79,47.79,45.60,46.00,221100,45.304
2016-06-09,48.38,48.44,47.49,47.70,96400,46.979
2016-06-08,48.54,48.885,47.915,48.77,108400,48.033
2016-06-07,47.55,48.915,47.195,48.765,111500,48.028
2016-06-06,47.70,48.095,47.01,47.345,89300,46.629
2016-06-03,48.84,49.13,46.55,47.70,172700,46.979
2016-06-02,48.90,48.985,48.48,48.795,98600,48.057
2016-06-01,48.685,49.045,48.37,48.915,97500,48.175
2016-05-31,48.96,49.055,48.52,48.88,154600,48.141
2016-05-30,49.80,50.11,47.35,49.065,146600,48.323
2016-05-27,49.90,50.38,49.615,49.695,88600,48.944
2016-05-26,49.65,50.12,49.575,50.10,157300,49.342
2016-05-25,49.50,50.12,49.30,49.705,200000,48.953
2016-05-24,49.135,49.45,47.36,49.34,199500,48.594
2016-05-23,48.675,49.50,48.575,49.145,151700,48.402
2016-05-20,47.79,48.905,47.66,48.55,231000,47.816
2016-05-19,47.10,47.80,46.70,47.60,252900,46.88
2016-05-18,47.135,48.00,46.55,47.16,210300,46.447
2016-05-17,47.835,47.95,46.87,47.415,154500,46.698
2016-05-16,47.38,47.38,47.38,47.38,000,46.664
2016-05-13,47.10,47.90,46.105,47.38,374300,46.664
2016-05-12,45.705,48.745,45.255,47.115,726800,46.403
2016-05-11,45.20,45.305,44.93,45.245,418800,44.561
2016-05-10,45.10,45.29,44.61,45.005,238500,44.325
2016-05-09,44.59,45.60,44.335,45.00,236900,44.32
2016-05-06,44.26,44.785,44.045,44.53,139100,43.857
2016-05-05,44.75,44.75,44.03,44.50,155800,43.827
2016-05-04,44.11,44.645,43.41,44.64,275300,43.965
2016-05-03,42.50,44.15,42.20,44.10,388300,43.433
2016-05-02,43.45,43.80,41.60,42.40,516500,41.759
2016-04-29,44.935,45.47,42.865,43.00,770200,42.35
2016-04-28,45.55,45.875,44.30,44.90,568600,44.221
2016-04-27,44.60,45.50,42.50,45.055,561100,44.374
2016-04-26,45.745,45.865,43.90,44.30,630800,43.63
2016-04-25,43.695,45.92,42.51,45.05,783200,44.369
2016-04-22,44.39,47.80,41.36,42.96,2060300,42.31
2016-04-21,54.00,54.06,36.10,44.00,4060200,43.335
2016-04-20,55.00,55.24,53.15,53.60,162400,52.79
2016-04-19,55.69,55.99,54.90,55.25,102600,54.415
2016-04-18,54.01,55.00,53.57,54.75,118400,53.922
2016-04-15,55.80,55.86,54.41,54.77,124400,53.942
2016-04-14,55.99,56.75,55.70,55.82,102100,54.976
2016-04-13,56.00,56.44,55.06,55.67,141300,54.828
2016-04-12,56.22,56.22,55.01,55.31,121500,54.474
2016-04-11,56.47,56.47,55.39,55.77,94300,54.927
2016-04-08,55.45,56.38,54.90,56.06,150400,55.212
2016-04-07,56.69,56.80,55.09,55.46,72700,54.621
2016-04-06,55.36,56.43,54.61,56.43,146000,55.577
2016-04-05,56.92,57.00,54.93,55.48,244500,54.641
2016-04-04,56.99,57.83,56.27,57.57,193400,56.70
2016-04-01,54.90,57.10,54.51,57.03,246900,56.168
2016-03-31,54.17,55.41,53.69,55.25,222700,54.415
2016-03-30,54.56,54.61,53.36,54.10,184300,53.282
2016-03-29,54.67,54.67,53.29,54.00,160700,53.183
2016-03-28,54.00,54.00,54.00,54.00,000,53.183
2016-03-25,54.00,54.00,54.00,54.00,000,53.183
2016-03-24,52.92,54.22,52.67,54.00,176300,53.183
2016-03-23,52.71,53.34,52.32,52.86,141100,52.061
2016-03-22,52.07,54.13,51.42,52.38,271700,51.588
2016-03-21,51.81,53.21,51.20,51.59,144500,50.81
2016-03-18,51.09,51.97,50.51,51.79,254500,51.007
2016-03-17,51.50,51.74,50.61,51.09,119200,50.317
2016-03-16,51.45,51.70,51.13,51.36,196200,50.583
2016-03-15,51.37,51.83,51.03,51.50,122700,50.721
2016-03-14,51.36,52.37,51.34,51.70,192800,50.918
2016-03-11,50.62,51.00,49.68,50.40,340300,49.638
2016-03-10,51.89,52.88,49.53,49.785,241700,49.032
2016-03-09,52.48,53.05,51.91,52.20,167400,51.411
2016-03-08,53.99,54.01,51.71,52.50,303300,51.706
2016-03-07,54.74,54.99,53.95,54.03,144900,53.213
2016-03-04,54.61,55.06,53.95,54.84,153300,54.011
2016-03-03,55.00,55.04,53.86,54.23,136300,53.41
2016-03-02,56.01,56.35,54.45,54.71,212200,53.883
2016-03-01,53.50,55.84,52.97,55.40,267000,54.562
2016-02-29,53.57,53.82,52.63,53.17,246700,52.366
2016-02-26,54.33,54.71,52.92,53.91,143300,53.095
2016-02-25,54.20,54.39,52.77,53.74,182100,52.927
2016-02-24,55.00,55.51,52.71,53.50,208700,52.691
2016-02-23,54.30,54.98,53.50,54.45,338100,53.627
2016-02-22,53.50,53.99,52.10,53.08,276900,52.277
2016-02-19,51.00,52.80,50.95,51.89,291300,51.105
2016-02-18,51.49,52.38,50.57,51.05,231700,50.278
2016-02-17,48.175,50.88,48.175,50.84,205300,50.071
2016-02-16,48.72,48.89,46.615,48.05,233300,47.323
2016-02-15,46.90,48.675,46.90,48.02,166100,47.294
2016-02-12,45.915,46.305,44.65,45.685,283000,44.994
2016-02-11,46.48,46.49,44.82,45.795,328400,45.103
2016-02-10,45.40,47.095,44.305,46.475,330300,45.772
2016-02-09,46.40,46.45,43.695,44.995,710900,44.315
2016-02-08,51.04,51.10,46.60,47.30,520200,46.585
2016-02-05,53.84,54.50,51.04,51.10,248600,50.327
2016-02-04,54.69,55.21,53.49,54.02,221900,53.203
2016-02-03,54.56,54.74,53.53,54.22,216800,53.40
2016-02-02,55.00,55.46,53.94,55.03,199000,54.198
2016-02-01,54.50,55.58,53.95,55.00,257100,54.168
2016-01-29,53.40,54.38,52.49,54.33,228100,53.509
2016-01-28,52.69,53.58,51.71,52.17,231000,51.381
2016-01-27,51.61,52.39,50.94,52.33,169500,51.539
2016-01-26,50.50,52.31,50.36,51.69,213600,50.908
2016-01-25,50.50,51.12,50.20,50.90,137900,50.13
2016-01-22,50.40,51.33,49.81,50.81,273300,50.042
2016-01-21,49.31,50.99,49.05,49.505,269800,48.756
2016-01-20,50.75,50.75,48.70,49.43,294800,48.683
2016-01-19,50.45,51.94,50.18,51.78,290800,50.997
2016-01-18,49.97,50.29,48.105,49.65,203700,48.899
2016-01-15,52.00,52.30,49.495,50.41,300500,49.648
2016-01-14,48.97,53.25,46.69,51.85,1021400,51.066
2016-01-13,52.41,52.77,49.33,49.475,295000,48.727
2016-01-12,51.73,52.95,51.16,51.79,211600,51.007
2016-01-11,52.60,52.73,50.82,51.90,251700,51.115
2016-01-08,53.75,54.32,52.63,52.88,175100,52.08
2016-01-07,53.48,54.05,52.71,53.79,285300,52.977
2016-01-06,55.40,55.75,54.38,55.30,165100,54.464
2016-01-05,56.11,56.33,54.26,55.11,196100,54.277
2016-01-04,57.35,57.65,54.16,55.30,327300,54.464
2016-01-01,57.90,57.90,57.90,57.90,000,57.025
2015-12-31,57.90,57.90,57.90,57.90,000,57.025
2015-12-30,57.52,58.04,56.30,57.90,177500,57.025
2015-12-29,55.14,57.28,55.14,57.28,209600,56.414
2015-12-28,54.96,55.21,54.61,54.95,69300,54.119
2015-12-25,55.07,55.07,55.07,55.07,000,54.237
2015-12-24,55.07,55.07,55.07,55.07,000,54.237
2015-12-23,54.35,55.44,53.88,55.07,132200,54.237
2015-12-22,56.26,56.40,54.00,54.21,209300,53.39
2015-12-21,56.97,57.32,56.01,56.01,167300,55.163
2015-12-18,56.45,57.72,55.80,56.55,584300,55.695
2015-12-17,57.84,58.03,56.09,56.72,263500,55.862
2015-12-16,55.66,56.92,55.55,56.55,270100,55.695
2015-12-15,53.98,55.29,53.14,55.22,254000,54.385
2015-12-14,55.56,55.87,53.51,53.76,193000,52.947
2015-12-11,56.55,56.99,54.71,55.06,194700,54.227
2015-12-10,55.47,57.48,54.26,56.42,289700,55.567
2015-12-09,57.55,57.86,55.58,55.85,207100,55.006
2015-12-08,58.80,59.00,56.65,57.34,247500,56.473
2015-12-07,58.75,59.44,57.80,58.82,368000,57.931
2015-12-04,58.70,59.08,56.62,58.26,432400,57.379
2015-12-03,57.08,59.73,57.05,58.25,557000,57.369
2015-12-02,56.35,57.39,56.30,56.82,382500,55.961
2015-12-01,57.00,57.04,55.91,56.00,338500,55.153
2015-11-30,57.20,57.28,56.16,56.24,279500,55.39
2015-11-27,56.80,57.50,56.56,57.03,247100,56.168
2015-11-26,56.75,57.01,55.95,56.82,196100,55.961
2015-11-25,56.02,56.70,55.97,56.67,212400,55.813
2015-11-24,56.88,56.89,54.64,55.85,399800,55.006
2015-11-23,57.00,57.36,56.57,56.88,293700,56.02
2015-11-20,57.41,57.90,56.45,56.57,513600,55.715
2015-11-19,56.50,57.30,56.02,57.11,769200,56.246
2015-11-18,58.20,58.68,55.55,55.99,2074900,55.143
2015-11-17,62.01,63.58,61.89,63.36,212900,62.402
2015-11-16,60.60,62.73,59.81,61.45,157400,60.521
2015-11-13,62.13,62.50,61.08,61.50,137100,60.57
2015-11-12,62.01,63.70,61.64,62.00,275200,61.063
2015-11-11,63.77,64.49,61.66,61.90,343800,60.964
2015-11-10,60.95,63.75,59.94,63.40,451500,62.441
2015-11-09,57.73,62.06,57.00,61.12,361900,60.196
2015-11-06,57.95,59.82,57.04,57.47,140600,56.601
2015-11-05,57.14,57.88,56.58,57.70,85400,56.828
2015-11-04,57.90,58.10,56.51,56.77,144000,55.912
2015-11-03,59.14,59.27,56.92,57.50,130000,56.631
2015-11-02,57.28,59.50,57.28,58.97,136000,58.078
2015-10-30,58.70,58.70,56.58,57.39,111300,56.522
2015-10-29,55.59,58.84,55.57,58.73,197200,57.842
2015-10-28,55.68,55.84,53.55,55.09,166100,54.257
2015-10-27,55.32,56.33,55.24,55.45,100400,54.612
2015-10-26,56.10,56.34,54.21,55.15,119300,54.316
2015-10-23,53.69,56.42,53.56,55.65,152600,54.809
2015-10-22,53.77,53.77,51.11,53.15,174800,52.346
2015-10-21,53.48,54.50,52.70,53.94,172700,53.124
2015-10-20,52.83,54.63,52.20,53.27,180300,52.465
2015-10-19,50.05,52.92,50.05,52.83,170100,52.031
2015-10-16,49.44,50.27,48.37,49.63,207300,48.88
2015-10-15,47.22,49.22,46.515,49.025,128600,48.284
2015-10-14,49.12,49.12,46.915,46.915,135500,46.206
2015-10-13,48.95,49.63,47.325,49.31,142300,48.564
2015-10-12,47.005,49.115,44.765,48.845,368100,48.106
2015-10-09,50.63,50.63,46.745,47.365,323800,46.649
2015-10-08,50.44,50.80,49.82,50.00,103900,49.244
2015-10-07,51.80,51.80,50.31,50.65,117100,49.884
2015-10-06,51.91,52.36,51.22,51.62,116200,50.839
2015-10-05,52.31,52.37,51.03,51.60,126700,50.82
2015-10-02,52.10,52.36,49.875,51.19,131700,50.416
2015-10-01,53.15,53.33,51.15,51.34,92300,50.564
2015-09-30,53.10,53.67,52.22,52.63,105500,51.834
2015-09-29,49.915,52.22,48.12,51.79,231000,51.007
2015-09-28,53.61,53.61,50.02,50.28,241700,49.52
2015-09-25,52.87,54.19,52.19,53.52,144000,52.711
2015-09-24,52.82,53.36,51.10,51.36,120100,50.583
2015-09-23,52.00,52.95,50.50,52.51,153300,51.716
2015-09-22,54.08,54.11,51.73,51.91,138800,51.125
2015-09-21,52.50,53.95,51.69,53.74,121500,52.927
2015-09-18,53.61,54.02,52.25,52.81,205600,52.011
2015-09-17,54.65,54.73,53.45,53.59,129500,52.78
2015-09-16,54.62,55.84,54.19,54.41,188700,53.587
2015-09-15,53.80,55.07,53.57,54.00,120300,53.183
2015-09-14,54.60,55.07,52.56,53.47,161700,52.662
2015-09-11,55.90,56.00,53.82,54.25,134300,53.43
2015-09-10,56.50,56.51,54.76,55.40,215600,54.562
2015-09-09,58.41,58.63,55.38,55.87,195200,55.025
2015-09-08,55.81,57.68,55.57,56.75,145300,55.892
2015-09-07,55.00,55.94,54.57,55.30,123300,54.464
2015-09-04,53.93,55.05,53.68,54.50,204800,53.676
2015-09-03,52.55,55.73,52.33,55.15,236100,54.316
2015-09-02,49.50,52.08,49.005,51.81,160400,51.027
2015-09-01,51.69,52.42,48.22,49.04,224400,48.298
2015-08-31,50.84,52.50,50.35,52.50,129500,51.706
2015-08-28,51.10,51.28,49.38,50.62,152700,49.855
2015-08-27,51.60,51.60,50.07,50.80,136300,50.032
2015-08-26,50.99,51.24,49.34,49.625,160800,48.875
2015-08-25,49.01,50.54,48.145,50.32,196900,49.559
2015-08-24,44.55,48.115,43.00,47.67,443600,46.949
2015-08-21,47.55,49.40,46.36,47.65,294300,46.93
2015-08-20,52.50,52.95,49.74,49.75,193500,48.998
2015-08-19,53.00,54.00,52.75,52.91,176600,52.11
2015-08-18,55.60,55.70,52.46,53.38,166800,52.573
2015-08-17,52.65,54.70,52.21,54.40,236200,53.577
2015-08-14,49.05,52.36,49.05,51.84,269700,51.056
2015-08-13,46.95,50.42,45.80,49.25,356700,48.505
2015-08-12,45.50,45.66,43.395,44.10,232600,43.433
2015-08-11,46.00,46.195,45.145,45.885,144100,45.191
2015-08-10,45.83,46.30,45.055,46.005,112000,45.309
2015-08-07,46.00,46.445,45.37,45.57,147900,44.881
2015-08-06,44.82,46.90,44.82,46.20,142400,45.501
2015-08-05,45.72,46.105,44.455,45.00,154300,44.32
2015-08-04,44.90,46.50,41.71,46.01,383300,45.314
2015-08-03,46.60,46.905,45.09,45.50,93000,44.812
2015-07-31,44.20,45.485,44.10,45.095,113100,44.413
2015-07-30,46.79,47.265,43.815,44.06,110000,43.394
2015-07-29,45.80,46.37,45.385,46.33,59400,45.629
2015-07-28,44.54,45.48,44.32,45.325,56400,44.64
2015-07-27,47.21,47.335,43.825,44.54,148000,43.867
2015-07-24,47.29,48.02,46.80,47.20,112400,46.486
2015-07-23,47.255,47.27,46.25,47.10,85000,46.388
2015-07-22,46.71,47.73,46.275,47.00,121100,46.289
2015-07-21,45.675,47.25,45.675,47.05,118700,46.339
2015-07-20,46.325,46.325,45.015,45.36,107200,44.674
2015-07-17,46.50,46.61,45.595,45.93,55900,45.236
2015-07-16,45.85,46.62,45.625,46.105,45000,45.408
2015-07-15,44.85,45.495,44.435,45.21,67700,44.526
2015-07-14,45.45,45.79,44.30,45.045,76100,44.364
2015-07-13,45.08,46.16,45.08,45.85,78100,45.157
2015-07-10,44.00,44.805,43.46,44.74,85300,44.064
2015-07-09,42.24,43.43,42.24,43.20,92900,42.547
2015-07-08,42.675,43.195,41.95,42.25,80500,41.611
2015-07-07,43.73,43.98,41.925,42.26,75300,41.621
2015-07-06,42.49,43.71,42.45,43.45,74200,42.793
2015-07-03,41.24,43.575,40.85,43.08,116300,42.429
2015-07-02,44.51,44.51,41.28,41.49,201500,40.863
2015-07-01,41.90,44.90,41.77,44.00,215700,43.335
2015-06-30,42.12,42.68,41.34,41.90,71700,40.873
2015-06-29,40.30,42.91,39.765,42.40,156800,41.36
2015-06-26,43.43,43.80,42.785,43.635,70000,42.565
2015-06-25,42.82,43.45,40.21,43.41,143100,42.345
2015-06-24,44.78,44.825,42.74,43.175,115300,42.116
2015-06-23,44.555,45.095,43.90,44.73,125000,43.633
2015-06-22,44.11,44.40,43.20,43.925,103600,42.848
2015-06-19,42.11,43.26,42.11,42.515,136500,41.472
2015-06-18,41.05,42.40,40.59,42.12,104100,41.087
2015-06-17,42.035,42.30,40.79,41.42,132000,40.404
2015-06-16,40.00,41.96,39.05,41.725,159900,40.702
2015-06-15,39.20,40.52,39.105,40.315,119400,39.326
2015-06-12,39.875,40.395,39.19,39.725,76300,38.751
2015-06-11,39.00,40.90,38.925,40.29,153500,39.302
2015-06-10,38.01,38.925,37.885,38.89,101600,37.936
2015-06-09,39.00,39.03,37.30,38.14,115300,37.205
2015-06-08,38.35,40.24,38.35,39.27,96300,38.307
2015-06-05,39.745,39.745,38.27,38.445,64400,37.502
2015-06-04,40.00,40.075,38.945,39.895,101400,38.917
2015-06-03,39.10,40.66,38.95,40.005,113500,39.024
2015-06-02,39.045,39.10,38.22,38.85,54900,37.897
2015-06-01,38.415,38.905,38.05,38.77,124800,37.819
2015-05-29,37.98,38.32,37.30,38.08,184800,37.146
2015-05-28,39.60,39.71,37.77,37.80,119700,36.873
2015-05-27,39.25,39.43,38.88,39.39,102100,38.424
2015-05-26,39.07,39.38,38.365,39.045,141300,38.088
2015-05-25,38.735,38.735,38.735,38.735,000,37.785
2015-05-22,38.06,38.81,37.42,38.735,128300,37.785
2015-05-21,38.26,38.35,37.065,37.905,222100,36.975
2015-05-20,36.97,37.80,36.74,37.675,103300,36.751
2015-05-19,36.30,36.995,36.15,36.75,133900,35.849
2015-05-18,35.66,36.29,35.16,36.11,136500,35.224
2015-05-15,35.52,36.01,35.14,35.66,129400,34.786
2015-05-14,35.40,36.445,34.56,35.91,75000,35.029
2015-05-13,35.00,35.70,34.82,35.465,146800,34.595
2015-05-12,34.70,35.02,33.675,34.75,106800,33.898
2015-05-11,34.79,35.245,34.43,35.10,100500,34.239
2015-05-08,33.595,35.18,33.325,34.94,108700,34.083
2015-05-07,32.315,33.65,30.39,33.405,226000,32.586
2015-05-06,33.34,33.565,32.30,32.605,96500,31.805
2015-05-05,35.16,35.30,33.02,33.20,94300,32.386
2015-05-04,34.78,35.20,33.80,34.94,143000,34.083
2015-05-01,33.17,33.17,33.17,33.17,000,32.357
2015-04-30,34.63,34.85,32.81,33.17,225900,32.357
2015-04-29,34.79,35.20,34.14,34.685,164100,33.834
2015-04-28,35.40,35.40,33.50,34.28,104400,33.439
2015-04-27,35.45,35.745,34.65,35.52,118200,34.649
2015-04-24,34.80,35.60,34.535,35.515,250600,34.644
2015-04-23,33.90,34.50,33.29,34.50,95100,33.654
2015-04-22,34.30,34.455,33.335,33.685,96300,32.859
2015-04-21,33.50,34.19,33.485,34.09,106000,33.254
2015-04-20,33.29,34.00,33.29,33.49,83900,32.669
2015-04-17,33.84,34.32,33.135,33.365,184000,32.547
2015-04-16,34.00,34.19,33.025,34.03,134800,33.195
2015-04-15,33.83,34.255,33.46,34.00,106400,33.166
2015-04-14,34.05,34.20,33.49,33.645,68100,32.82
2015-04-13,34.535,34.655,34.03,34.12,143100,33.283
2015-04-10,33.82,34.72,33.82,34.24,100600,33.40
2015-04-09,33.075,33.74,33.075,33.685,109600,32.859
2015-04-08,32.52,32.885,32.065,32.785,129500,31.981
2015-04-07,32.75,32.75,31.845,32.29,79200,31.498
2015-04-06,32.47,32.47,32.47,32.47,000,31.674
2015-04-03,32.47,32.47,32.47,32.47,000,31.674
2015-04-02,32.425,32.57,32.07,32.47,62400,31.674
2015-04-01,31.765,33.005,31.55,32.30,150900,31.508
2015-03-31,32.40,32.65,31.075,31.885,186400,31.103
2015-03-30,31.68,32.29,31.60,32.20,153000,31.41
2015-03-27,30.85,31.785,30.735,31.52,152400,30.747
2015-03-26,30.445,30.65,29.825,30.55,113600,29.801
2015-03-25,30.97,31.57,30.27,30.72,131800,29.967
2015-03-24,29.12,31.12,28.94,30.94,109500,30.181
2015-03-23,29.45,29.45,28.475,29.00,71300,28.289
2015-03-20,29.285,29.75,29.10,29.57,104500,28.845
2015-03-19,28.25,29.52,28.25,29.43,77500,28.708
2015-03-18,29.08,29.45,28.20,28.36,79900,27.665
2015-03-17,30.25,30.25,28.50,28.87,117800,28.162
2015-03-16,28.955,30.41,28.71,30.175,274500,29.435
2015-03-13,29.10,29.28,28.595,28.70,59700,27.996
2015-03-12,28.49,28.91,28.49,28.90,90200,28.191
2015-03-11,27.94,28.74,27.91,28.42,117700,27.723
2015-03-10,28.00,28.13,27.105,27.70,144100,27.021
2015-03-09,28.35,28.35,27.745,27.87,87400,27.187
2015-03-06,28.39,28.75,28.195,28.24,112900,27.547
2015-03-05,28.30,28.50,27.965,28.27,141000,27.577
2015-03-04,27.67,28.135,26.665,28.065,126800,27.377
2015-03-03,28.26,28.365,27.305,27.455,106900,26.782
2015-03-02,28.15,28.605,27.905,28.015,90400,27.328
2015-02-27,28.145,28.445,27.815,28.00,103900,27.313
2015-02-26,28.40,28.445,27.775,28.00,126400,27.313
2015-02-25,27.955,28.80,27.84,28.20,139700,27.508
2015-02-24,28.50,28.50,27.435,27.76,114900,27.079
2015-02-23,28.075,28.215,27.325,27.80,120200,27.118
2015-02-20,27.57,27.90,27.32,27.90,67200,27.216
2015-02-19,27.00,27.655,27.00,27.565,123300,26.889
2015-02-18,26.83,27.50,26.74,27.14,101600,26.474
2015-02-17,26.25,26.97,25.81,26.53,80900,25.879
2015-02-16,26.20,26.815,25.76,26.335,99200,25.689
2015-02-13,27.13,27.93,26.32,26.39,90200,25.743
2015-02-12,26.25,27.14,26.19,27.00,70500,26.338
2015-02-11,26.45,26.62,26.155,26.155,20900,25.514
2015-02-10,25.70,26.60,25.70,26.475,71100,25.826
2015-02-09,26.75,26.75,25.54,25.77,96700,25.138
2015-02-06,27.15,27.445,26.725,26.885,39400,26.226
2015-02-05,26.75,27.565,26.44,27.16,100200,26.494
2015-02-04,26.90,27.025,26.81,26.90,137900,26.24
2015-02-03,25.95,27.03,25.685,26.985,182800,26.323
2015-02-02,25.915,26.635,25.145,25.79,126500,25.158
2015-01-30,26.145,26.49,25.70,25.85,60300,25.216
2015-01-29,26.275,26.475,25.67,26.03,66100,25.392
2015-01-28,26.15,26.53,25.935,26.26,62800,25.616
2015-01-27,26.79,26.97,25.915,26.00,88200,25.362
2015-01-26,25.625,27.23,25.625,26.75,139300,26.094
2015-01-23,25.385,26.36,25.135,25.91,136300,25.275
2015-01-22,24.075,25.49,23.935,25.35,107100,24.728
2015-01-21,24.72,24.72,23.565,24.095,86100,23.504
2015-01-20,24.73,24.935,24.62,24.70,68400,24.094
2015-01-19,24.90,25.00,24.435,24.80,85800,24.192
2015-01-16,24.55,24.80,23.96,24.775,60000,24.167
2015-01-15,24.80,24.875,23.93,24.485,98000,23.885
2015-01-14,24.38,25.10,24.10,24.72,126900,24.114
2015-01-13,24.76,24.76,24.35,24.455,60500,23.855
2015-01-12,24.645,24.98,24.37,24.615,90300,24.011
2015-01-09,24.23,24.97,24.22,24.38,124200,23.782
2015-01-08,24.255,24.34,23.85,24.20,69400,23.607
2015-01-07,24.50,24.535,23.90,24.13,77800,23.538
2015-01-06,24.57,24.79,24.30,24.38,58000,23.782
2015-01-05,25.80,25.95,24.665,24.725,81100,24.119
2015-01-02,24.605,26.05,24.40,25.84,112300,25.206
2015-01-01,24.72,24.72,24.72,24.72,000,24.114
2014-12-31,24.72,24.72,24.72,24.72,000,24.114
2014-12-30,24.555,24.75,24.39,24.72,15600,24.114
2014-12-29,24.60,24.88,24.43,24.85,47000,24.241
2014-12-26,24.71,24.71,24.71,24.71,000,24.104
2014-12-25,24.71,24.71,24.71,24.71,000,24.104
2014-12-24,24.71,24.71,24.71,24.71,000,24.104
2014-12-23,24.98,24.98,24.42,24.71,83800,24.104
2014-12-22,25.00,25.235,24.67,24.75,120600,24.143
2014-12-19,24.85,25.115,24.565,24.78,165300,24.172
2014-12-18,24.00,24.52,23.725,23.92,220100,23.333
2014-12-17,22.90,23.78,22.425,23.72,174400,23.138
2014-12-16,22.06,23.035,21.97,22.92,95100,22.358
2014-12-15,22.56,22.85,22.03,22.03,80700,21.49
2014-12-12,23.125,23.245,22.575,22.655,77000,22.099
2014-12-11,22.815,23.205,22.45,23.185,85700,22.616
2014-12-10,22.20,23.01,22.175,22.76,146200,22.202
2014-12-09,23.03,23.095,21.85,22.015,96400,21.475
2014-12-08,22.965,23.105,22.815,23.10,72100,22.534
2014-12-05,23.045,23.115,22.74,22.88,62700,22.319
2014-12-04,22.95,23.11,22.62,22.865,55300,22.304
2014-12-03,22.865,23.20,22.85,22.92,93200,22.358
2014-12-02,22.49,22.69,22.265,22.69,71800,22.134
2014-12-01,22.835,22.95,22.255,22.255,73900,21.709
2014-11-28,22.80,22.915,22.29,22.82,94500,22.26
2014-11-27,22.40,22.895,22.28,22.875,64800,22.314
2014-11-26,22.50,22.98,22.12,22.305,89300,21.758
2014-11-25,22.15,22.50,22.105,22.50,148300,21.948
2014-11-24,21.97,22.205,21.91,22.03,133800,21.49
2014-11-21,22.40,22.675,21.91,21.93,139200,21.392
2014-11-20,21.685,22.43,21.50,22.335,140300,21.787
2014-11-19,21.20,21.68,21.13,21.595,256200,21.065
2014-11-18,20.995,21.405,20.945,21.10,303200,20.583
2014-11-17,20.00,21.05,19.94,21.01,165100,20.495
2014-11-14,20.41,20.42,19.90,20.125,71000,19.631
2014-11-13,19.49,20.60,19.30,20.27,206600,19.773
2014-11-12,19.70,19.75,19.055,19.395,95600,18.919
2014-11-11,19.06,19.50,19.06,19.20,65200,18.729
2014-11-10,18.65,19.40,18.65,18.88,165200,18.417
2014-11-07,18.95,19.095,18.045,18.58,76400,18.124
2014-11-06,19.05,19.10,18.75,18.945,40200,18.48
2014-11-05,19.25,19.315,18.90,18.985,57200,18.519
2014-11-04,18.70,19.46,18.70,19.05,183400,18.583
2014-11-03,18.295,18.60,18.23,18.52,37800,18.066
2014-10-31,18.455,18.545,18.115,18.175,35700,17.729
2014-10-30,17.96,18.305,17.89,18.305,41900,17.856
2014-10-29,17.57,17.905,17.435,17.83,34300,17.393
2014-10-28,17.70,17.815,17.44,17.44,34400,17.012
2014-10-27,17.80,17.85,17.60,17.74,53000,17.305
2014-10-24,17.55,17.795,17.55,17.75,55300,17.315
2014-10-23,16.90,17.76,16.675,17.58,168100,17.149
2014-10-22,16.22,17.155,16.22,17.045,102900,16.627
2014-10-21,15.32,16.495,15.105,16.305,132200,15.905
2014-10-20,15.925,16.14,15.615,15.665,37700,15.281
2014-10-17,15.55,16.13,15.415,16.06,58200,15.666
2014-10-16,15.60,15.705,14.78,15.475,163900,15.096
2014-10-15,16.30,16.325,15.335,15.60,73000,15.217
2014-10-14,15.87,16.46,15.87,16.18,59200,15.783
2014-10-13,15.725,16.345,15.725,16.055,63600,15.661
2014-10-10,15.80,16.145,15.425,16.01,124600,15.617
2014-10-09,16.595,16.79,16.115,16.165,39600,15.769
2014-10-08,17.19,17.19,16.35,16.50,68300,16.095
2014-10-07,17.615,17.615,17.165,17.305,54800,16.881
2014-10-06,17.71,17.855,17.57,17.705,29800,17.271
2014-10-03,17.595,17.595,17.595,17.595,000,17.164
2014-10-02,17.505,17.73,17.455,17.595,34200,17.164
2014-10-01,17.355,17.68,17.355,17.655,56000,17.222
2014-09-30,17.345,17.45,17.14,17.45,35500,17.022
2014-09-29,17.60,17.70,17.225,17.225,78100,16.803
2014-09-26,17.52,17.655,17.22,17.60,41000,17.168
2014-09-25,17.35,17.845,17.30,17.45,45900,17.022
2014-09-24,17.22,17.29,16.725,17.23,51000,16.807
2014-09-23,18.225,18.225,17.135,17.245,58800,16.822
2014-09-22,18.10,18.295,18.05,18.14,29900,17.695
2014-09-19,18.375,18.39,17.925,18.105,262800,17.661
2014-09-18,18.335,18.425,18.16,18.26,27700,17.812
2014-09-17,18.28,18.29,18.125,18.235,52800,17.788
2014-09-16,18.65,18.65,18.00,18.30,41300,17.851
2014-09-15,18.45,18.79,18.37,18.625,45400,18.168
2014-09-12,18.09,18.565,18.015,18.565,64200,18.11
2014-09-11,18.38,18.45,17.75,17.935,115700,17.495
2014-09-10,18.31,18.48,18.005,18.315,97900,17.866
2014-09-09,17.26,18.19,17.205,18.095,296900,17.651
2014-09-08,17.155,17.165,16.88,17.025,38200,16.608
2014-09-05,17.04,17.19,16.92,17.025,35300,16.608
2014-09-04,16.97,17.20,16.885,17.06,82100,16.642
2014-09-03,17.08,17.385,16.77,16.945,100600,16.529
2014-09-02,17.01,17.06,16.79,17.00,32600,16.583
2014-09-01,17.03,17.11,16.72,16.885,64200,16.471
2014-08-29,17.205,17.235,16.76,17.05,70900,16.632
2014-08-28,17.295,17.295,17.085,17.21,25100,16.788
2014-08-27,17.035,17.385,17.03,17.25,41600,16.827
2014-08-26,17.35,17.39,16.895,16.975,53400,16.559
2014-08-25,17.565,17.65,17.33,17.40,27100,16.973
2014-08-22,17.545,17.55,17.265,17.345,68700,16.92
2014-08-21,17.44,17.915,17.39,17.41,87700,16.983
2014-08-20,17.41,17.55,16.545,17.55,215400,17.12
2014-08-19,16.50,17.225,16.50,17.225,109300,16.803
2014-08-18,15.815,16.205,15.70,16.205,68800,15.808
2014-08-15,15.90,16.035,15.665,15.80,37600,15.413
2014-08-14,15.895,15.895,15.725,15.81,22700,15.422
2014-08-13,16.075,16.075,15.75,15.805,12000,15.417
2014-08-12,16.20,16.43,15.95,15.95,32800,15.559
2014-08-11,15.54,16.245,15.54,16.165,24400,15.769
2014-08-08,15.70,15.725,15.46,15.46,36500,15.081
2014-08-07,15.95,16.00,15.705,15.85,111900,15.461
2014-08-06,15.88,16.05,15.645,15.91,175700,15.52
2014-08-05,15.75,16.12,15.75,16.00,50600,15.608
2014-08-04,15.10,15.91,15.07,15.75,61100,15.364
2014-08-01,15.59,15.59,14.65,15.155,149800,14.783
2014-07-31,16.305,16.305,15.62,15.77,36200,15.383
2014-07-30,16.435,16.505,16.005,16.175,20000,15.778
2014-07-29,16.425,16.615,16.405,16.49,16800,16.086
2014-07-28,16.79,16.85,16.365,16.50,20900,16.095
2014-07-25,17.06,17.06,16.79,16.85,13700,16.437
2014-07-24,16.99,17.175,16.875,16.93,29000,16.515
2014-07-23,17.10,17.145,16.73,16.845,28700,16.432
2014-07-22,16.40,17.12,16.40,17.015,108500,16.598
2014-07-21,16.86,16.87,15.71,16.40,96700,15.998
2014-07-18,16.70,16.97,16.52,16.80,52400,16.388
2014-07-17,16.98,17.165,16.695,16.82,172300,16.408
2014-07-16,16.70,16.885,16.475,16.83,96100,16.417
2014-07-15,17.165,17.25,16.665,16.70,75200,16.29
2014-07-14,16.75,17.15,16.74,17.145,101700,16.725
2014-07-11,16.565,16.94,16.52,16.71,43300,16.30
2014-07-10,16.70,16.865,16.595,16.67,75000,16.261
2014-07-09,16.47,16.635,16.45,16.635,22800,16.227
2014-07-08,16.70,16.85,16.49,16.60,85400,16.193
2014-07-07,16.67,16.88,16.67,16.80,130000,16.388
2014-07-04,16.62,16.79,16.43,16.70,32200,16.29
2014-07-03,15.92,16.635,15.92,16.525,79500,16.12
2014-07-02,16.20,16.20,15.85,15.98,52900,15.588
2014-07-01,16.25,16.25,15.795,16.15,52100,15.754
2014-06-30,16.08,16.40,15.52,16.15,102700,15.754
2014-06-27,15.615,16.055,15.51,16.05,35000,15.656
2014-06-26,15.745,15.895,15.51,15.53,36100,15.149
2014-06-25,15.69,15.90,15.58,15.80,51800,15.413
2014-06-24,15.525,15.805,15.275,15.705,50500,15.32
2014-06-23,15.60,15.685,15.15,15.395,75300,15.017
2014-06-20,15.49,15.98,15.425,15.585,188900,15.203
2014-06-19,14.945,15.50,14.92,15.415,237000,15.037
2014-06-18,14.60,15.00,14.45,14.90,193500,14.437
2014-06-17,14.435,14.45,14.06,14.32,39000,13.875
2014-06-16,14.40,14.505,14.22,14.35,46700,13.904
2014-06-13,14.51,14.55,14.29,14.48,91200,14.03
2014-06-12,14.00,14.34,13.92,14.30,56500,13.856
2014-06-11,14.20,14.20,13.91,13.985,21500,13.55
2014-06-10,13.99,14.26,13.97,14.14,18500,13.701
2014-06-09,14.045,14.09,13.92,13.95,5800,13.517
2014-06-06,13.92,14.035,13.92,14.00,18300,13.565
2014-06-05,13.875,13.955,13.725,13.955,15400,13.521
2014-06-04,13.805,13.86,13.625,13.815,31900,13.386
2014-06-03,13.96,14.06,13.555,13.75,77700,13.323
2014-06-02,14.11,14.36,13.605,14.00,120000,13.565
2014-05-30,13.795,14.095,13.795,14.00,51100,13.565
2014-05-29,13.77,14.00,13.77,13.805,58800,13.376
2014-05-28,13.40,13.795,13.35,13.735,85800,13.308
2014-05-27,13.34,13.52,13.29,13.40,31400,12.984
2014-05-26,13.35,13.55,13.27,13.40,49500,12.984
2014-05-23,12.98,13.415,12.855,13.27,54200,12.858
2014-05-22,12.865,12.99,12.80,12.90,37200,12.499
2014-05-21,12.71,13.00,12.705,12.785,50800,12.388
2014-05-20,12.75,13.00,12.745,12.79,91400,12.393
2014-05-19,12.66,12.895,12.615,12.715,48500,12.32
2014-05-16,12.495,12.665,12.03,12.665,71100,12.272
2014-05-15,12.985,12.99,12.18,12.45,68400,12.063
2014-05-14,13.11,13.405,12.785,12.785,98100,12.388
2014-05-13,12.70,12.89,12.60,12.75,92700,12.354
2014-05-12,12.50,12.65,12.47,12.595,58200,12.204
2014-05-09,12.57,12.60,12.43,12.45,57900,12.063
2014-05-08,12.45,12.805,12.45,12.51,90200,12.121
2014-05-07,12.51,12.58,12.42,12.42,10000,12.034
2014-05-06,12.50,12.535,12.44,12.51,13900,12.121
2014-05-05,12.40,12.52,12.40,12.405,30900,12.02
2014-05-02,12.485,12.545,12.37,12.49,35900,12.102
2014-05-01,12.40,12.40,12.40,12.40,000,12.015
2014-04-30,12.61,12.615,12.34,12.40,31000,12.015
2014-04-29,12.72,12.745,12.585,12.585,11300,12.194
2014-04-28,12.60,12.82,12.565,12.705,9300,12.31
2014-04-25,12.82,12.835,12.60,12.60,38400,12.209
2014-04-24,12.58,12.81,12.58,12.725,49100,12.33
2014-04-23,12.325,12.715,12.325,12.515,46200,12.126
2014-04-22,12.31,12.63,12.31,12.38,34400,11.995
2014-04-21,12.31,12.31,12.31,12.31,000,11.928
2014-04-18,12.31,12.31,12.31,12.31,000,11.928
2014-04-17,12.44,12.445,12.30,12.31,18200,11.928
2014-04-16,12.38,12.495,12.25,12.345,29200,11.961
2014-04-15,12.455,12.455,12.135,12.225,32000,11.845
2014-04-14,12.495,12.545,12.34,12.385,22300,12.00
2014-04-11,12.755,12.755,12.37,12.55,42800,12.16
2014-04-10,12.965,12.99,12.47,12.73,30300,12.334
2014-04-09,12.51,12.925,12.38,12.925,30700,12.523
2014-04-08,12.97,12.97,12.23,12.415,47700,12.029
2014-04-07,12.78,12.91,12.53,12.91,35000,12.509
2014-04-04,13.125,13.125,12.915,12.92,19000,12.519
2014-04-03,13.02,13.035,12.95,13.03,25300,12.625
2014-04-02,13.035,13.05,12.96,13.00,42200,12.596
2014-04-01,13.145,13.165,12.905,12.97,37400,12.567
2014-03-31,13.20,13.245,12.995,13.08,52400,12.674
2014-03-28,13.38,13.635,12.90,13.015,120100,12.611
2014-03-27,12.90,13.295,12.785,13.15,182700,12.741
2014-03-26,12.375,12.67,12.31,12.40,89500,12.015
2014-03-25,12.30,12.405,12.195,12.30,32600,11.918
2014-03-24,12.635,12.70,12.30,12.30,59300,11.918
2014-03-21,12.05,12.725,12.05,12.565,78800,12.175
2014-03-20,11.86,12.065,11.86,12.05,19800,11.676
2014-03-19,12.07,12.07,11.42,11.96,48700,11.588
2014-03-18,12.16,12.25,11.90,12.08,24800,11.705
2014-03-17,12.27,12.30,11.98,12.255,28100,11.874
2014-03-14,11.99,12.35,11.905,12.32,69400,11.937
2014-03-13,12.25,12.325,11.915,12.07,49700,11.695
2014-03-12,12.065,12.31,12.05,12.17,46400,11.792
2014-03-11,12.22,12.36,12.10,12.105,36600,11.729
2014-03-10,12.41,12.45,12.265,12.305,24200,11.923
2014-03-07,12.535,12.665,12.43,12.485,16400,12.097
2014-03-06,12.445,12.54,12.32,12.46,48000,12.073
2014-03-05,12.51,12.79,12.42,12.46,38000,12.073
2014-03-04,12.70,12.775,12.395,12.545,40100,12.155
2014-03-03,11.995,12.935,11.86,12.80,128100,12.402
2014-02-28,12.895,12.90,12.775,12.85,43800,12.451
2014-02-27,13.13,13.17,12.83,12.87,26500,12.47
2014-02-26,13.30,13.315,13.125,13.20,17100,12.79
2014-02-25,13.515,13.635,13.275,13.30,27000,12.887
2014-02-24,13.42,13.615,13.42,13.615,20800,13.192
2014-02-21,13.185,13.935,13.15,13.50,83800,13.081
2014-02-20,12.745,13.115,12.53,13.10,65200,12.693
2014-02-19,13.00,13.00,12.755,12.855,51000,12.456
2014-02-18,12.935,13.10,12.925,13.00,133600,12.596
2014-02-17,12.89,13.06,12.85,12.86,19500,12.46
2014-02-14,12.955,13.095,12.91,13.00,72400,12.596
2014-02-13,12.90,13.08,12.895,12.99,27700,12.586
2014-02-12,13.035,13.20,12.905,13.005,71200,12.601
2014-02-11,12.87,12.99,12.78,12.93,30900,12.528
2014-02-10,12.845,13.03,12.78,12.87,28500,12.47
2014-02-07,13.16,13.34,12.845,12.855,41900,12.456
2014-02-06,12.815,13.325,12.805,13.07,59700,12.664
2014-02-05,12.755,13.18,12.755,12.79,88800,12.393
2014-02-04,12.855,12.94,12.70,12.82,71700,12.422
2014-02-03,13.01,13.165,12.92,12.93,64500,12.528
2014-01-31,13.145,13.34,12.95,13.01,77000,12.606
2014-01-30,13.48,13.48,12.815,13.06,112900,12.654
2014-01-29,13.69,14.08,13.24,13.40,41600,12.984
2014-01-28,13.25,13.68,13.24,13.595,20600,13.173
2014-01-27,13.28,13.29,12.99,13.235,29900,12.824
2014-01-24,14.195,14.40,13.24,13.335,67200,12.921
2014-01-23,14.74,14.74,14.195,14.30,55400,13.856
2014-01-22,15.01,15.135,14.735,14.75,24400,14.292
2014-01-21,14.52,15.125,14.39,15.01,93900,14.544
2014-01-20,14.15,14.49,13.765,14.49,110300,14.04
2014-01-17,14.05,14.83,14.05,14.105,146400,13.667
2014-01-16,13.30,14.03,13.30,14.03,104300,13.594
2014-01-15,13.575,13.575,13.34,13.365,13600,12.95
2014-01-14,13.50,13.70,13.325,13.485,31900,13.066
2014-01-13,13.565,13.70,13.47,13.55,21200,13.129
2014-01-10,13.015,13.81,13.015,13.465,59100,13.047
2014-01-09,13.00,13.25,13.00,13.00,42200,12.596
2014-01-08,13.125,13.18,12.87,13.065,32600,12.659
2014-01-07,13.03,13.215,12.95,13.065,29200,12.659
2014-01-06,12.84,13.20,12.835,13.07,30800,12.664
2014-01-03,12.55,12.95,12.55,12.80,82200,12.402
2014-01-02,12.90,13.00,12.53,12.53,25900,12.141
2014-01-01,12.90,12.90,12.90,12.90,000,12.499
2013-12-31,12.90,12.90,12.90,12.90,000,12.499
2013-12-30,13.03,13.03,12.83,12.90,34900,12.499
2013-12-27,13.005,13.10,12.80,12.92,31900,12.519
2013-12-26,12.945,12.945,12.945,12.945,000,12.543
2013-12-25,12.945,12.945,12.945,12.945,000,12.543
2013-12-24,12.945,12.945,12.945,12.945,000,12.543
2013-12-23,13.10,13.245,12.84,12.945,32900,12.543
2013-12-20,13.195,13.21,13.03,13.14,26100,12.732
2013-12-19,13.42,13.51,13.01,13.10,29500,12.693
2013-12-18,12.91,13.625,12.90,13.265,75200,12.853
2013-12-17,12.76,12.91,12.69,12.80,28600,12.402
2013-12-16,12.48,12.945,12.375,12.865,32400,12.465
2013-12-13,12.69,12.69,12.26,12.435,45100,12.049
2013-12-12,13.095,13.165,12.635,12.635,42900,12.242
2013-12-11,13.40,13.40,13.05,13.09,13900,12.683
2013-12-10,13.33,13.48,13.285,13.37,16200,12.955
2013-12-09,13.355,13.475,13.35,13.43,6100,13.013
2013-12-06,13.16,13.37,13.16,13.28,10500,12.867
2013-12-05,13.24,13.43,13.16,13.165,31000,12.756
2013-12-04,13.59,13.64,13.13,13.32,56900,12.906
2013-12-03,13.77,13.815,13.505,13.63,20400,13.207
2013-12-02,13.92,13.92,13.77,13.855,18000,13.425
2013-11-29,14.075,14.075,13.865,13.90,8400,13.468
2013-11-28,14.35,14.415,13.95,13.96,34300,13.526
2013-11-27,14.45,14.45,14.25,14.26,16800,13.817
2013-11-26,14.08,14.50,14.08,14.50,57300,14.049
2013-11-25,14.10,14.285,14.10,14.155,17000,13.715
2013-11-22,14.12,14.30,14.10,14.185,32400,13.744
2013-11-21,14.475,14.475,13.94,14.10,87000,13.662
2013-11-20,13.71,14.665,13.71,14.60,120300,14.146
2013-11-19,13.08,13.70,12.77,13.57,117500,13.148
2013-11-18,13.36,13.36,12.84,13.14,37500,12.732
2013-11-15,13.465,13.52,13.275,13.28,17800,12.867
2013-11-14,13.01,13.475,12.925,13.44,36000,13.022
2013-11-13,13.00,13.00,12.70,12.90,40800,12.499
2013-11-12,13.16,13.165,12.95,13.015,11900,12.611
2013-11-11,13.025,13.165,12.95,13.01,20900,12.606
2013-11-08,13.31,13.31,12.94,13.05,31700,12.645
2013-11-07,13.485,13.485,13.20,13.215,24800,12.804
2013-11-06,12.985,13.385,12.94,13.34,40800,12.926
2013-11-05,12.905,13.00,12.83,12.975,27300,12.572
2013-11-04,12.895,13.045,12.815,12.985,46300,12.582
2013-11-01,12.735,12.90,12.66,12.78,34000,12.383
2013-10-31,12.995,13.055,12.37,12.75,50000,12.354
2013-10-30,13.00,13.11,12.945,12.985,37900,12.582
2013-10-29,12.91,13.00,12.815,13.00,18300,12.596
2013-10-28,12.98,13.14,12.825,12.825,22000,12.427
2013-10-25,13.40,13.50,12.82,12.98,38800,12.577
2013-10-24,13.575,13.60,13.42,13.47,6100,13.051
2013-10-23,13.50,13.60,13.33,13.495,37400,13.076
2013-10-22,13.68,13.705,13.485,13.53,31500,13.11
2013-10-21,13.64,13.72,13.58,13.65,18400,13.226
2013-10-18,13.45,13.645,13.32,13.60,44000,13.177
2013-10-17,13.20,13.51,12.955,13.375,53700,12.959
2013-10-16,12.98,13.20,12.95,13.20,29300,12.79
2013-10-15,13.09,13.135,12.91,13.00,52800,12.596
2013-10-14,12.875,13.075,12.83,13.00,33100,12.596
2013-10-11,12.85,12.90,12.755,12.845,14200,12.446
2013-10-10,12.48,12.83,12.465,12.83,33400,12.431
2013-10-09,12.805,12.805,12.335,12.445,28600,12.058
2013-10-08,12.55,13.00,12.55,12.73,60300,12.334
2013-10-07,12.58,12.745,12.415,12.56,60600,12.17
2013-10-04,12.28,12.655,12.245,12.60,82800,12.209
2013-10-03,12.06,12.25,12.06,12.25,43200,11.869
2013-10-02,11.975,12.24,11.95,12.00,66200,11.627
2013-10-01,11.90,12.09,11.89,12.00,57600,11.627
2013-09-30,11.92,11.95,11.88,11.90,28900,11.53
2013-09-27,11.90,12.355,11.90,11.975,70200,11.603
2013-09-26,11.865,11.955,11.86,11.90,59700,11.53
2013-09-25,11.94,12.01,11.76,11.825,56100,11.458
2013-09-24,11.83,11.975,11.775,11.88,24200,11.511
2013-09-23,12.045,12.045,11.745,11.825,11100,11.458
2013-09-20,12.135,12.14,11.74,11.90,22400,11.53
2013-09-19,12.30,12.395,12.06,12.14,45000,11.763
2013-09-18,11.97,12.30,11.95,12.095,37300,11.719
2013-09-17,12.395,12.395,11.835,11.875,28400,11.506
2013-09-16,12.535,12.71,12.29,12.375,47600,11.991
2013-09-13,11.955,12.39,11.90,12.375,44800,11.991
2013-09-12,12.00,12.00,11.89,11.98,50400,11.608
2013-09-11,11.475,11.995,11.435,11.995,57600,11.622
2013-09-10,11.305,11.74,11.305,11.465,44300,11.109
2013-09-09,11.25,11.325,11.02,11.20,24100,10.852
2013-09-06,10.97,11.09,10.92,11.085,18000,10.741
2013-09-05,11.015,11.015,10.815,10.945,14600,10.605
2013-09-04,10.895,11.24,10.83,10.90,68800,10.561
2013-09-03,10.49,11.00,10.49,10.92,46500,10.581
2013-09-02,11.10,11.37,10.57,10.67,81400,10.338
2013-08-30,10.93,11.195,10.865,10.99,49100,10.649
2013-08-29,10.75,11.27,10.75,10.805,48900,10.469
2013-08-28,10.705,10.87,10.355,10.755,65700,10.421
2013-08-27,11.14,11.25,10.75,10.77,55300,10.435
2013-08-26,11.015,11.40,10.98,11.15,88200,10.804
2013-08-23,10.585,11.035,10.585,10.89,62900,10.552
2013-08-22,9.999,10.285,9.997,10.20,92900,9.883
2013-08-21,9.594,9.679,9.533,9.64,21700,9.34
2013-08-20,9.75,9.75,9.481,9.489,14500,9.194
2013-08-19,9.95,10.09,9.667,9.869,49000,9.562
2013-08-16,10.075,10.22,10.01,10.01,23800,9.699
2013-08-15,10.715,10.715,10.08,10.09,53900,9.777
2013-08-14,10.945,11.04,10.72,10.74,20200,10.406
2013-08-13,10.795,11.15,10.725,10.955,25300,10.615
2013-08-12,10.555,10.79,10.555,10.69,26200,10.358
2013-08-09,10.57,10.73,10.535,10.535,12800,10.208
2013-08-08,10.40,11.02,10.40,10.565,65700,10.237
2013-08-07,10.305,10.41,10.28,10.355,11200,10.033
2013-08-06,10.25,10.45,10.15,10.28,23100,9.961
2013-08-05,10.205,10.295,10.115,10.24,15800,9.922
2013-08-02,10.12,10.20,10.06,10.10,17600,9.786
2013-08-01,10.025,10.115,9.973,10.08,20800,9.767
2013-07-31,10.135,10.135,9.935,10.00,25100,9.689
2013-07-30,10.22,10.22,10.005,10.08,27500,9.767
2013-07-29,10.27,10.34,10.07,10.07,17000,9.757
2013-07-26,10.445,10.505,10.15,10.155,27900,9.839
2013-07-25,10.50,10.50,10.35,10.36,15800,10.038
2013-07-24,10.205,10.50,10.15,10.49,88100,10.164
2013-07-23,10.08,10.30,10.08,10.15,27100,9.835
2013-07-22,9.915,10.415,9.912,10.075,72200,9.762
2013-07-19,9.90,9.967,9.75,9.927,51800,9.619
2013-07-18,9.52,10.00,9.52,9.85,132000,9.544
2013-07-17,8.885,9.50,8.847,9.37,42200,9.079
2013-07-16,8.705,8.896,8.64,8.896,20000,8.62
2013-07-15,8.613,8.687,8.521,8.687,56600,8.417
2013-07-12,8.506,8.599,8.50,8.565,74800,8.299
2013-07-11,8.123,8.49,8.123,8.48,121800,8.217
2013-07-10,8.381,8.381,8.00,8.049,35600,7.799
2013-07-09,8.47,8.50,8.352,8.352,32100,8.093
2013-07-08,8.42,8.583,8.361,8.394,25400,8.133
2013-07-05,8.141,8.424,8.109,8.40,42400,8.139
2013-07-04,8.098,8.141,7.963,8.141,11000,7.888
2013-07-03,7.957,8.071,7.90,8.071,85400,7.82
2013-07-02,7.839,8.306,7.783,7.94,31800,7.693
2013-07-01,7.629,7.882,7.589,7.857,71100,7.613
2013-06-28,7.69,7.69,7.499,7.527,31600,7.293
2013-06-27,7.499,7.69,7.498,7.579,35200,7.344
2013-06-26,7.418,7.491,7.418,7.441,78000,7.21
2013-06-25,7.50,7.548,7.269,7.418,99400,7.188
2013-06-24,7.769,7.791,7.408,7.45,108000,7.219
2013-06-21,7.866,8.10,7.75,7.75,58100,7.509
2013-06-20,8.054,8.054,7.80,7.897,67100,7.652
2013-06-19,7.786,8.252,7.75,8.10,112900,7.848
2013-06-18,8.082,8.082,7.70,7.766,28300,7.525
2013-06-17,7.852,8.204,7.852,8.042,36900,7.792
2013-06-14,7.91,8.043,7.80,7.802,40800,7.56
2013-06-13,7.874,7.908,7.74,7.757,33100,7.516
2013-06-12,8.21,8.27,7.864,7.87,47900,7.625
2013-06-11,8.23,8.273,8.13,8.17,9800,7.916
2013-06-10,8.206,8.38,8.145,8.16,29000,7.906
2013-06-07,8.04,8.209,7.999,8.16,55600,7.906
2013-06-06,8.131,8.25,7.92,8.045,62200,7.795
2013-06-05,8.50,8.516,8.15,8.15,31600,7.897
2013-06-04,8.64,8.651,8.464,8.464,25600,8.201
2013-06-03,8.72,8.72,8.479,8.479,19400,8.216
2013-05-31,8.61,8.742,8.59,8.623,48300,8.355
2013-05-30,8.528,8.619,8.431,8.59,12100,8.323
2013-05-29,8.826,8.85,8.561,8.59,43500,8.323
2013-05-28,8.581,8.85,8.578,8.69,177500,8.42
2013-05-27,8.599,8.60,8.576,8.60,27300,8.333
2013-05-24,8.59,8.61,8.456,8.61,13400,8.342
2013-05-23,8.604,8.75,8.44,8.524,71700,8.259
2013-05-22,8.489,8.85,8.489,8.694,175600,8.424
2013-05-21,8.60,8.715,8.515,8.588,46500,8.321
2013-05-20,8.65,8.928,8.646,8.646,38500,8.377
2013-05-17,8.21,8.871,8.15,8.61,175200,8.342
2013-05-16,8.10,8.408,8.05,8.191,70500,7.937
2013-05-15,7.75,8.379,7.708,8.071,224100,7.82
2013-05-14,7.66,7.784,7.585,7.66,42700,7.422
2013-05-13,7.683,7.683,7.55,7.616,55400,7.379
2013-05-10,7.954,7.954,7.594,7.65,57000,7.412
2013-05-09,7.55,7.952,7.525,7.952,98900,7.705
2013-05-08,7.45,7.655,7.35,7.52,62800,7.286
2013-05-07,7.45,7.692,7.359,7.38,65900,7.151
2013-05-06,7.434,7.542,7.392,7.43,29200,7.199
2013-05-03,7.455,7.51,7.309,7.393,53200,7.163
2013-05-02,7.375,7.76,7.35,7.425,62800,7.194
2013-05-01,7.325,7.325,7.325,7.325,000,7.097
2013-04-30,7.13,7.499,7.13,7.325,39300,7.097
2013-04-29,7.037,7.112,7.00,7.10,16200,6.879
2013-04-26,7.081,7.086,6.992,7.05,63500,6.831
2013-04-25,6.994,7.10,6.994,7.02,57700,6.802
2013-04-24,7.058,7.159,6.989,7.032,46700,6.814
2013-04-23,6.944,7.066,6.889,7.00,39700,6.783
2013-04-22,7.062,7.22,7.002,7.002,23100,6.784
2013-04-19,7.216,7.217,7.04,7.062,19300,6.843
2013-04-18,7.083,7.17,6.918,7.17,37500,6.947
2013-04-17,7.391,7.393,6.98,7.177,90200,6.954
2013-04-16,7.377,7.502,7.311,7.43,47600,7.199
2013-04-15,7.74,7.74,7.39,7.50,97500,7.267
2013-04-12,7.90,7.934,7.745,7.745,33300,7.504
2013-04-11,7.893,7.915,7.79,7.85,35600,7.606
2013-04-10,7.645,7.863,7.645,7.85,22400,7.606
2013-04-09,7.948,8.08,7.661,7.70,43800,7.461
2013-04-08,8.16,8.238,7.949,7.949,8100,7.702
2013-04-05,8.31,8.348,7.95,8.10,20700,7.848
2013-04-04,8.18,8.331,8.16,8.262,27200,8.005
2013-04-03,8.321,8.447,8.231,8.231,12500,7.975
2013-04-02,8.14,8.51,8.047,8.35,66200,8.091
2013-04-01,8.00,8.00,8.00,8.00,000,7.751
2013-03-29,8.00,8.00,8.00,8.00,000,7.751
2013-03-28,8.15,8.379,7.901,8.00,108600,7.751
2013-03-27,8.194,8.292,7.977,8.125,46200,7.873
2013-03-26,8.35,8.70,8.064,8.12,239500,7.868
2013-03-25,8.161,8.161,7.837,8.00,31100,7.751
2013-03-22,8.199,8.199,8.044,8.08,7400,7.829
2013-03-21,8.352,8.36,8.131,8.15,45400,7.897
2013-03-20,8.554,8.554,8.25,8.25,26900,7.994
2013-03-19,8.635,8.644,8.426,8.521,10600,8.256
2013-03-18,8.75,8.81,8.575,8.575,15100,8.309
2013-03-15,8.815,8.832,8.67,8.818,10100,8.544
2013-03-14,8.836,8.894,8.702,8.73,11300,8.459
2013-03-13,8.72,8.866,8.684,8.857,32700,8.582
2013-03-12,8.981,9.00,8.695,8.695,29200,8.425
2013-03-11,8.952,9.057,8.889,8.966,7100,8.687
2013-03-08,8.954,9.08,8.90,8.905,11800,8.628
2013-03-07,8.951,8.982,8.84,8.85,18600,8.575
2013-03-06,8.673,9.15,8.632,8.90,100500,8.623
2013-03-05,8.549,8.74,8.471,8.60,31300,8.333
2013-03-04,8.487,8.532,8.404,8.532,8100,8.267
2013-03-01,8.546,8.549,8.39,8.44,17700,8.178
2013-02-28,8.44,8.599,8.426,8.484,14900,8.22
2013-02-27,8.20,8.544,8.20,8.544,14600,8.279
2013-02-26,8.205,8.276,8.178,8.20,18200,7.945
2013-02-25,8.00,8.394,8.00,8.305,16600,8.047
2013-02-22,7.98,8.093,7.98,8.093,16100,7.842
2013-02-21,7.826,8.029,7.75,8.029,26000,7.78
2013-02-20,7.99,7.99,7.794,7.86,39100,7.616
2013-02-19,8.175,8.309,7.90,7.90,31100,7.655
2013-02-18,8.05,8.175,7.919,8.175,120000,7.921
2013-02-15,7.71,8.034,7.71,8.00,41000,7.751
2013-02-14,7.985,7.985,7.598,7.809,47200,7.566
2013-02-13,8.096,8.096,7.771,8.00,42000,7.751
2013-02-12,8.108,8.132,8.01,8.05,15700,7.80
2013-02-11,8.21,8.249,8.134,8.137,27700,7.884
2013-02-08,8.368,8.368,8.11,8.199,34700,7.944
2013-02-07,8.38,8.47,8.289,8.319,96100,8.061
2013-02-06,8.38,8.519,8.303,8.379,25900,8.119
2013-02-05,8.40,8.461,8.367,8.367,12400,8.107
2013-02-04,8.53,8.60,8.37,8.40,23900,8.139
2013-02-01,8.425,8.469,8.241,8.403,30900,8.142
2013-01-31,8.43,8.625,8.32,8.32,37600,8.062
2013-01-30,8.545,8.607,8.401,8.404,7200,8.143
2013-01-29,8.63,8.63,8.369,8.60,28800,8.333
2013-01-28,8.976,8.976,8.583,8.583,24300,8.316
2013-01-25,8.673,9.04,8.557,8.812,51700,8.538
2013-01-24,9.02,9.02,8.384,8.672,55200,8.403
2013-01-23,8.541,9.28,8.472,8.80,180400,8.527
2013-01-22,7.812,8.241,7.73,8.159,123900,7.906
2013-01-21,7.08,7.80,7.08,7.80,92200,7.558
2013-01-18,6.83,7.08,6.81,7.08,31600,6.86
2013-01-17,6.93,6.939,6.69,6.80,84500,6.589
2013-01-16,6.90,6.938,6.665,6.938,41800,6.722
2013-01-15,7.02,7.02,6.80,6.81,15800,6.598
2013-01-14,6.979,7.176,6.87,6.901,19100,6.687
2013-01-11,7.03,7.149,6.918,6.983,22000,6.766
2013-01-10,6.981,7.13,6.981,6.99,13700,6.773
2013-01-09,7.24,7.24,6.981,6.981,24300,6.764
2013-01-08,7.291,7.291,7.088,7.093,16200,6.873
2013-01-07,7.219,7.246,7.151,7.151,13400,6.929
2013-01-04,7.093,7.20,7.022,7.20,13300,6.976
2013-01-03,6.87,7.05,6.801,7.05,18600,6.831
2013-01-02,6.71,6.853,6.699,6.75,9900,6.54
2013-01-01,6.60,6.60,6.60,6.60,000,6.395
2012-12-31,6.60,6.60,6.60,6.60,000,6.395
2012-12-28,6.65,6.655,6.551,6.60,21000,6.395
2012-12-27,6.609,6.653,6.552,6.552,15900,6.348
2012-12-26,6.514,6.514,6.514,6.514,000,6.312
2012-12-25,6.514,6.514,6.514,6.514,000,6.312
2012-12-24,6.514,6.514,6.514,6.514,000,6.312
2012-12-21,6.648,6.81,6.514,6.514,23200,6.312
2012-12-20,6.76,6.82,6.63,6.64,26600,6.434
2012-12-19,6.564,6.75,6.55,6.68,31400,6.472
2012-12-18,7.07,7.15,6.50,6.50,126900,6.298
2012-12-17,7.265,7.298,6.961,6.984,30800,6.767
2012-12-14,7.24,7.334,7.172,7.278,13600,7.052
2012-12-13,7.192,7.285,7.099,7.268,13400,7.042
2012-12-12,6.95,7.151,6.95,7.15,45700,6.928
2012-12-11,6.90,6.95,6.797,6.93,10100,6.715
2012-12-10,6.925,6.925,6.847,6.847,9400,6.634
2012-12-07,7.055,7.055,6.913,6.913,6600,6.698
2012-12-06,6.898,7.061,6.839,7.01,14100,6.792
2012-12-05,6.821,6.898,6.82,6.898,23000,6.684
2012-12-04,6.76,6.84,6.75,6.75,22100,6.54
2012-12-03,6.853,6.893,6.75,6.80,36500,6.589
2012-11-30,6.888,6.888,6.701,6.75,35200,6.54
2012-11-29,6.75,6.84,6.702,6.84,45500,6.627
2012-11-28,6.714,6.753,6.64,6.64,27800,6.434
2012-11-27,6.42,6.748,6.42,6.668,29300,6.461
2012-11-26,6.427,6.572,6.383,6.383,14400,6.185
2012-11-23,6.61,6.715,6.375,6.49,73400,6.288
2012-11-22,6.905,6.905,6.674,6.71,31000,6.502
2012-11-21,6.781,6.995,6.764,6.764,63300,6.554
2012-11-20,6.95,7.028,6.765,6.772,15600,6.562
2012-11-19,7.219,7.219,6.922,6.922,10800,6.707
2012-11-16,7.19,7.30,7.11,7.11,18100,6.889
2012-11-15,7.091,7.314,7.091,7.204,11600,6.98
2012-11-14,7.258,7.258,7.035,7.155,58100,6.933
2012-11-13,7.253,7.263,7.14,7.258,79900,7.032
2012-11-12,7.313,7.313,7.25,7.30,2400,7.073
2012-11-09,7.237,7.302,7.165,7.302,30500,7.075
2012-11-08,7.449,7.449,7.108,7.20,50100,6.976
2012-11-07,7.35,7.522,7.345,7.345,24200,7.117
2012-11-06,7.12,7.703,7.084,7.435,31200,7.204
2012-11-05,7.00,7.005,6.984,7.002,21700,6.784
2012-11-02,6.999,7.055,6.95,7.002,25000,6.784
2012-11-01,6.926,6.991,6.861,6.991,8300,6.774
2012-10-31,6.874,7.051,6.80,6.80,70300,6.589
2012-10-30,6.70,7.055,6.70,6.80,105300,6.589
2012-10-29,6.627,6.68,6.50,6.63,31000,6.424
2012-10-26,6.545,6.56,6.264,6.56,81500,6.356
2012-10-25,6.894,6.894,6.551,6.564,63000,6.36
2012-10-24,6.988,6.988,6.704,6.801,33300,6.59
2012-10-23,7.131,7.131,6.815,6.913,47900,6.698
2012-10-22,7.122,7.149,7.05,7.05,68400,6.831
2012-10-19,7.251,7.299,6.966,7.09,56900,6.87
2012-10-18,7.067,7.415,7.067,7.25,117200,7.025
2012-10-17,7.149,7.17,7.03,7.121,31800,6.90
2012-10-16,7.05,7.15,7.00,7.11,79300,6.889
2012-10-15,7.15,7.17,6.958,7.00,43200,6.783
2012-10-12,7.10,7.189,7.065,7.099,138500,6.878
2012-10-11,7.082,7.13,6.912,7.05,182000,6.831
2012-10-10,7.153,7.153,6.97,7.05,64200,6.831
2012-10-09,7.681,7.681,6.95,7.10,182000,6.879
2012-10-08,7.703,7.776,7.60,7.601,10500,7.365
2012-10-05,7.913,7.95,7.701,7.797,21800,7.555
2012-10-04,8.147,8.184,7.85,7.949,111700,7.702
2012-10-03,7.80,8.303,7.80,8.166,97800,7.912
2012-10-02,7.648,7.825,7.648,7.80,125900,7.558
2012-10-01,8.025,8.069,7.645,7.648,54600,7.41
2012-09-28,8.10,8.15,8.001,8.02,21700,7.771
2012-09-27,8.197,8.197,8.052,8.052,19400,7.802
2012-09-26,8.87,8.87,8.11,8.15,27400,7.897
2012-09-25,9.475,9.475,8.827,8.844,40700,8.569
2012-09-24,9.32,9.499,9.304,9.326,81200,9.036
2012-09-21,9.33,9.50,9.33,9.50,66300,9.205
2012-09-20,9.388,9.50,9.30,9.50,77600,9.205
2012-09-19,9.35,9.44,9.285,9.407,35200,9.115
2012-09-18,9.65,9.65,9.36,9.36,18900,9.069
2012-09-17,9.54,9.77,9.51,9.51,13400,9.215
2012-09-14,9.375,9.687,9.329,9.54,17200,9.244
2012-09-13,9.40,9.40,9.262,9.262,5200,8.974
2012-09-12,9.062,9.31,9.007,9.31,8700,9.021
2012-09-11,9.115,9.115,8.918,8.965,5800,8.686
2012-09-10,9.17,9.285,9.164,9.186,27900,8.901
2012-09-07,8.596,9.35,8.596,9.154,48200,8.87
2012-09-06,8.321,8.737,8.286,8.61,64100,8.342
2012-09-05,8.235,8.33,8.152,8.30,10300,8.042
2012-09-04,7.88,8.32,7.88,8.302,25000,8.044
2012-09-03,7.834,7.92,7.65,7.92,19600,7.674
2012-08-31,7.812,7.812,7.70,7.70,1600,7.461
2012-08-30,7.659,7.814,7.587,7.746,9300,7.505
2012-08-29,7.629,7.629,7.516,7.58,4200,7.344
2012-08-28,7.50,7.59,7.50,7.59,12700,7.354
2012-08-27,7.60,7.60,7.471,7.471,3800,7.239
2012-08-24,7.581,7.581,7.513,7.55,11500,7.315
2012-08-23,7.45,7.581,7.45,7.581,5500,7.345
2012-08-22,7.475,7.571,7.40,7.50,17400,7.267
2012-08-21,7.35,7.482,7.32,7.47,10300,7.238
2012-08-20,7.25,7.45,7.25,7.343,20100,7.115
2012-08-17,7.289,7.449,7.287,7.287,1100,7.061
2012-08-16,7.374,7.392,7.275,7.35,6800,7.122
2012-08-15,7.38,7.488,7.28,7.28,9200,7.054
2012-08-14,7.519,7.55,7.40,7.40,800,7.17
2012-08-13,7.456,7.519,7.432,7.519,2000,7.285
2012-08-10,7.497,7.497,7.362,7.362,1100,7.133
2012-08-09,7.504,7.504,7.353,7.427,1700,7.196
2012-08-08,7.725,7.725,7.502,7.519,3300,7.285
2012-08-07,7.125,7.71,7.107,7.71,25500,7.47
2012-08-06,6.642,7.219,6.642,7.08,64700,6.86
2012-08-03,6.84,6.84,6.498,6.75,144400,6.54
2012-08-02,7.686,7.727,6.766,6.789,41700,6.578
2012-08-01,7.70,7.70,7.595,7.60,12100,7.364
2012-07-31,7.677,7.751,7.615,7.631,8900,7.394
2012-07-30,7.973,7.98,7.68,7.68,15500,7.441
2012-07-27,8.00,8.145,8.00,8.014,2700,7.765
2012-07-26,7.93,8.145,7.93,8.145,3600,7.892
2012-07-25,7.818,7.931,7.814,7.931,1300,7.685
2012-07-24,7.927,8.05,7.852,7.99,6800,7.742
2012-07-23,8.40,8.401,7.927,7.927,12000,7.681
2012-07-20,8.64,8.718,8.40,8.40,12600,8.139
2012-07-19,8.75,8.785,8.637,8.785,900,8.512
2012-07-18,8.92,8.92,8.565,8.65,9000,8.381
2012-07-17,8.566,8.84,8.55,8.84,10000,8.565
2012-07-16,8.56,8.569,8.39,8.569,8900,8.303
2012-07-13,8.373,8.80,8.162,8.50,31200,8.236
2012-07-12,8.246,8.246,8.10,8.195,15100,7.94
2012-07-11,8.254,8.262,8.17,8.251,3100,7.995
2012-07-10,8.292,8.292,8.147,8.253,1600,7.997
2012-07-09,8.532,8.532,8.168,8.184,15300,7.93
2012-07-06,8.227,8.40,8.08,8.40,13900,8.139
2012-07-05,8.102,8.358,8.00,8.30,22900,8.042
2012-07-04,8.07,8.099,7.987,8.03,32000,7.781
2012-07-03,8.19,8.19,8.01,8.184,19500,7.93
2012-07-02,7.745,8.093,7.737,8.09,11800,7.839
2012-06-29,7.503,7.76,7.50,7.76,18800,7.519
2012-06-28,7.693,7.693,7.46,7.47,17400,7.238
2012-06-27,7.84,7.849,7.43,7.586,37200,7.35
2012-06-26,8.20,8.20,7.82,7.82,16600,7.577
2012-06-25,8.776,8.779,8.041,8.041,58000,7.791
2012-06-22,8.80,8.879,8.77,8.856,13000,8.581
2012-06-21,8.755,8.91,8.72,8.91,31500,8.633
2012-06-20,8.75,8.95,8.637,8.761,54200,8.489
2012-06-19,8.613,8.752,8.492,8.752,7400,8.48
2012-06-18,8.70,8.774,8.515,8.546,28600,8.28
2012-06-15,8.345,8.728,8.345,8.70,56300,8.43
2012-06-14,8.30,8.35,8.247,8.35,13300,8.091
2012-06-13,8.21,8.345,7.999,8.319,21400,8.061
2012-06-12,8.29,8.30,7.999,8.292,26500,8.034
2012-06-11,8.25,8.384,7.999,8.384,73800,8.124
2012-06-08,8.10,8.26,7.999,8.25,93400,7.994
2012-06-07,8.09,8.09,7.97,8.04,32500,7.79
2012-06-06,8.09,8.11,7.976,8.00,79400,7.751
2012-06-05,8.40,8.40,7.88,8.14,102900,7.887
2012-06-04,7.82,8.59,7.343,8.375,131700,8.115
2012-06-01,8.04,8.04,7.734,7.90,49600,7.655
2012-05-31,8.03,8.03,7.934,8.00,16800,7.751
2012-05-30,8.13,8.17,7.898,8.03,54400,7.781
2012-05-29,8.07,8.139,7.979,8.139,100500,7.886
2012-05-28,8.088,8.088,7.96,8.00,12100,7.751
2012-05-25,7.75,8.121,7.72,8.05,78300,7.80
2012-05-24,7.776,7.776,7.65,7.68,11800,7.441
2012-05-23,7.842,7.842,7.189,7.72,119000,7.48
2012-05-22,7.99,8.101,7.90,7.90,106400,7.655
2012-05-21,8.428,8.428,7.65,7.943,131900,7.696
2012-05-18,8.599,8.692,8.31,8.364,57300,8.104
2012-05-17,8.50,8.748,8.351,8.70,73600,8.43
2012-05-16,9.78,9.78,8.11,8.50,191300,8.236
2012-05-15,10.355,10.375,9.965,10.045,19500,9.733
2012-05-14,10.63,10.63,10.19,10.34,48800,10.019
2012-05-11,11.11,11.11,10.70,10.70,13600,10.368
2012-05-10,11.82,11.82,10.99,11.075,37800,10.731
2012-05-09,12.475,12.525,11.80,11.80,13700,11.433
2012-05-08,12.405,12.55,12.40,12.40,3800,12.015
2012-05-07,12.61,12.69,12.515,12.515,21000,12.126
2012-05-04,12.80,12.80,12.67,12.67,1900,12.276
2012-05-03,12.90,12.90,12.75,12.79,16600,12.393
2012-05-02,12.995,12.995,12.835,12.88,16900,12.48
2012-05-01,12.90,12.90,12.90,12.90,000,12.499
2012-04-30,12.86,12.92,12.775,12.90,16300,12.499
2012-04-27,12.75,12.75,12.73,12.735,10600,12.339
2012-04-26,12.81,12.835,12.685,12.75,6200,12.354
2012-04-25,12.79,12.79,12.655,12.75,29600,12.354
2012-04-24,12.745,12.795,12.70,12.74,13600,12.344
2012-04-23,12.75,12.785,12.64,12.735,22200,12.339
2012-04-20,12.63,12.71,12.595,12.71,38500,12.315
2012-04-19,12.79,12.81,12.55,12.55,26900,12.16
2012-04-18,12.71,12.76,12.67,12.76,2400,12.364
2012-04-17,12.695,12.75,12.615,12.615,14800,12.223
2012-04-16,12.645,12.785,12.515,12.63,30600,12.238
2012-04-13,12.745,12.775,12.52,12.625,47900,12.233
2012-04-12,12.70,12.775,12.605,12.675,12700,12.281
2012-04-11,12.60,12.785,12.60,12.75,28200,12.354
2012-04-10,12.735,12.82,12.54,12.69,36600,12.296
2012-04-09,12.84,12.84,12.84,12.84,000,12.441
2012-04-06,12.84,12.84,12.84,12.84,000,12.441
2012-04-05,12.75,13.00,12.70,12.84,55900,12.441
2012-04-04,13.03,13.135,12.595,12.87,73100,12.47
2012-04-03,12.375,13.11,12.32,12.97,113000,12.567
2012-04-02,12.62,12.63,11.995,12.30,77000,11.918
2012-03-30,13.45,13.525,12.425,12.65,148300,12.257
2012-03-29,14.70,14.70,13.345,13.50,185000,13.081
2012-03-28,14.80,14.86,14.685,14.70,19100,14.243
2012-03-27,14.66,14.895,14.66,14.855,5200,14.393
2012-03-26,14.805,14.805,14.715,14.78,11900,14.321
2012-03-23,14.72,14.72,14.62,14.72,8800,14.263
2012-03-22,14.805,14.805,14.58,14.70,53100,14.243
2012-03-21,14.785,14.83,14.69,14.78,4000,14.321
2012-03-20,14.76,14.76,14.50,14.63,24000,14.175
2012-03-19,14.425,14.705,14.32,14.69,24900,14.234
2012-03-16,14.285,14.575,14.23,14.53,35800,14.079
2012-03-15,14.375,14.50,14.285,14.285,12700,13.841
2012-03-14,13.78,14.50,13.73,14.40,39400,13.953
2012-03-13,13.885,13.97,13.85,13.85,18200,13.42
2012-03-12,13.69,13.94,13.565,13.78,39200,13.352
2012-03-09,13.64,13.79,13.55,13.605,37900,13.182
2012-03-08,13.75,13.88,13.585,13.585,53900,13.163
2012-03-07,13.85,13.99,13.76,13.78,16300,13.352
2012-03-06,14.035,14.065,13.595,13.91,59400,13.478
2012-03-05,14.32,14.32,14.055,14.125,30100,13.686
2012-03-02,13.99,14.30,13.99,14.26,19500,13.817
2012-03-01,13.68,14.22,13.65,14.00,52700,13.565
2012-02-29,13.675,13.80,13.58,13.80,94400,13.371
2012-02-28,13.725,13.725,13.525,13.60,45600,13.177
2012-02-27,13.49,13.665,13.435,13.665,19500,13.24
2012-02-24,13.55,13.65,13.48,13.565,33300,13.144
2012-02-23,13.62,13.635,13.34,13.55,34900,13.129
2012-02-22,13.945,13.945,13.675,13.76,15100,13.332
2012-02-21,14.00,14.055,13.79,14.055,20800,13.618
2012-02-20,13.97,14.06,13.845,13.90,34400,13.468
2012-02-17,14.00,14.26,13.94,13.94,26600,13.507
2012-02-16,13.70,13.95,13.555,13.95,23600,13.517
2012-02-15,13.83,13.845,13.75,13.815,13700,13.386
2012-02-14,14.11,14.37,13.75,13.75,67600,13.323
2012-02-13,13.79,14.055,13.79,14.00,22900,13.565
2012-02-10,13.44,13.79,13.37,13.75,52000,13.323
2012-02-09,13.435,13.475,13.25,13.475,44200,13.056
2012-02-08,13.20,13.60,13.17,13.35,60900,12.935
2012-02-07,13.47,13.52,13.065,13.10,73700,12.693
2012-02-06,12.80,13.51,12.77,13.38,91400,12.964
2012-02-03,12.65,12.80,12.58,12.70,88600,12.305
2012-02-02,12.66,12.69,12.565,12.595,58400,12.204
2012-02-01,12.47,12.70,12.47,12.62,30800,12.228
2012-01-31,12.61,12.69,12.47,12.47,34200,12.083
2012-01-30,12.60,12.675,12.30,12.505,44300,12.116
2012-01-27,12.60,12.765,12.595,12.65,90900,12.257
2012-01-26,12.48,12.70,12.48,12.60,55100,12.209
2012-01-25,12.51,12.55,12.23,12.55,37900,12.16
2012-01-24,12.62,12.62,12.29,12.50,39800,12.112
2012-01-23,12.545,12.615,12.425,12.60,38100,12.209
2012-01-20,12.64,12.645,12.46,12.56,48900,12.17
2012-01-19,12.30,12.645,12.275,12.575,60500,12.184
2012-01-18,12.135,12.30,12.11,12.30,36400,11.918
2012-01-17,12.19,12.27,12.07,12.185,82200,11.806
2012-01-16,12.17,12.25,12.045,12.12,12700,11.743
2012-01-13,12.285,12.325,12.135,12.255,47700,11.874
2012-01-12,12.40,12.49,12.295,12.295,28600,11.913
2012-01-11,12.55,12.55,12.415,12.415,61000,12.029
2012-01-10,12.36,12.465,12.305,12.325,45200,11.942
2012-01-09,12.425,12.575,12.42,12.50,15600,12.112
2012-01-06,12.46,12.645,12.43,12.50,32500,12.112
2012-01-05,12.51,12.695,12.41,12.65,38900,12.257
2012-01-04,12.80,12.805,12.405,12.69,54600,12.296
2012-01-03,12.81,12.91,12.785,12.90,22500,12.499
2012-01-02,12.60,13.01,12.60,12.92,13500,12.519
2011-12-30,12.485,12.69,12.485,12.69,6800,12.296
2011-12-29,12.38,12.49,12.38,12.39,10000,12.005
2011-12-28,12.455,12.53,12.30,12.45,27200,12.063
2011-12-27,12.085,12.59,11.96,12.59,23600,12.199
2011-12-26,12.055,12.055,12.055,12.055,000,11.68
2011-12-23,12.33,12.33,11.87,12.055,39700,11.68
2011-12-22,12.90,13.21,12.30,12.30,64600,11.918
2011-12-21,12.74,13.025,12.74,12.90,41200,12.499
2011-12-20,12.86,12.93,12.60,12.78,29300,12.383
2011-12-19,13.00,13.05,12.88,12.88,33100,12.48
2011-12-16,12.76,13.035,12.72,13.00,67900,12.596
2011-12-15,12.68,12.85,12.68,12.685,14300,12.291
2011-12-14,12.72,12.745,12.58,12.74,19900,12.344
2011-12-13,12.465,12.925,12.46,12.80,22000,12.402
2011-12-12,12.41,12.54,12.395,12.46,8700,12.073
2011-12-09,12.70,12.755,12.49,12.49,14700,12.102
2011-12-08,12.885,13.10,12.80,12.83,20200,12.431
2011-12-07,12.81,13.00,12.81,12.975,35700,12.572
2011-12-06,12.855,13.265,12.75,12.75,70900,12.354
2011-12-05,13.20,13.33,12.85,12.86,60600,12.46
2011-12-02,12.40,13.42,12.33,13.14,47500,12.732
2011-12-01,12.58,12.58,12.12,12.36,81200,11.976
2011-11-30,10.59,12.63,10.57,12.63,91400,12.238
2011-11-29,10.51,10.84,10.50,10.65,30600,10.319
2011-11-28,10.57,10.71,10.55,10.585,29700,10.256
2011-11-25,10.60,10.65,10.56,10.56,15400,10.232
2011-11-24,10.50,10.68,10.50,10.56,27400,10.232
2011-11-23,10.45,10.58,10.27,10.42,38900,10.096
2011-11-22,10.59,10.695,10.585,10.60,13800,10.271
2011-11-21,11.08,11.08,10.58,10.665,16700,10.334
2011-11-18,11.04,11.40,10.995,11.20,45400,10.852
2011-11-17,11.10,11.20,10.75,11.13,72400,10.784
2011-11-16,10.855,11.455,10.815,11.20,121100,10.852
2011-11-15,10.62,10.865,10.62,10.865,106200,10.527
2011-11-14,10.65,10.755,10.62,10.62,50900,10.29
2011-11-11,10.60,10.80,10.57,10.64,18200,10.309
2011-11-10,10.39,10.70,10.39,10.595,52000,10.266
2011-11-09,10.48,10.58,10.40,10.55,27600,10.222
2011-11-08,10.32,10.65,10.32,10.47,47000,10.145
2011-11-07,10.38,10.49,10.25,10.32,29300,9.999
2011-11-04,10.73,10.77,10.245,10.32,26400,9.999
2011-11-03,10.45,10.745,10.29,10.61,46900,10.28
2011-11-02,10.635,10.635,10.46,10.58,12000,10.251
2011-11-01,10.26,10.635,9.974,10.575,53400,10.246
2011-10-31,10.61,10.66,10.48,10.60,28800,10.271
2011-10-28,10.65,10.75,10.62,10.70,30200,10.368
2011-10-27,10.25,10.64,10.20,10.60,68300,10.271
2011-10-26,10.25,10.30,10.14,10.14,4200,9.825
2011-10-25,10.06,10.265,10.06,10.25,18300,9.932
2011-10-24,9.96,10.04,9.941,10.005,10000,9.694
2011-10-21,10.17,10.17,9.91,9.91,49600,9.602
2011-10-20,10.55,10.55,10.085,10.085,55800,9.772
2011-10-19,10.685,10.70,10.50,10.50,12900,10.174
2011-10-18,10.62,10.73,10.61,10.65,12300,10.319
2011-10-17,10.77,10.795,10.63,10.69,21500,10.358
2011-10-14,10.65,10.86,10.62,10.62,21700,10.29
2011-10-13,10.94,11.015,10.70,10.70,22900,10.368
2011-10-12,10.90,11.03,10.87,10.905,70500,10.566
2011-10-11,10.90,10.96,10.855,10.90,28100,10.561
2011-10-10,10.90,10.96,10.82,10.90,28300,10.561
2011-10-07,10.90,10.90,10.725,10.90,42800,10.561
2011-10-06,10.145,11.29,10.145,10.90,122100,10.561
2011-10-05,10.225,10.355,9.791,10.00,48500,9.689
2011-10-04,10.34,10.46,10.005,10.305,82500,9.985
2011-10-03,10.625,10.715,10.245,10.46,26600,10.135
2011-09-30,10.40,10.77,10.15,10.75,33900,10.416
2011-09-29,10.285,10.57,10.285,10.52,34200,10.193
2011-09-28,10.355,10.565,10.35,10.425,14900,10.101
2011-09-27,10.05,10.585,10.05,10.50,93700,10.174
2011-09-26,9.81,10.18,9.718,9.95,100800,9.641
2011-09-23,9.70,10.00,9.687,9.846,76200,9.54
2011-09-22,10.375,10.375,9.60,9.60,161200,9.302
2011-09-21,10.93,10.99,10.355,10.395,74600,10.072
2011-09-20,11.125,11.20,11.00,11.00,53600,10.658
2011-09-19,11.32,11.32,11.05,11.125,20700,10.779
2011-09-16,11.45,11.45,11.35,11.35,16900,10.997
2011-09-15,11.42,11.54,11.29,11.29,14800,10.939
2011-09-14,11.465,11.575,11.35,11.40,35500,11.046
2011-09-13,11.51,11.77,11.42,11.495,20200,11.138
2011-09-12,11.78,11.86,11.31,11.505,44000,11.148
2011-09-09,12.48,12.48,11.76,11.96,72100,11.588
2011-09-08,12.68,12.875,12.53,12.64,9000,12.247
2011-09-07,12.51,13.205,12.51,12.60,33800,12.209
2011-09-06,12.525,13.05,12.14,12.485,96900,12.097
2011-09-05,12.82,12.905,12.415,12.665,72200,12.272
2011-09-02,13.00,13.125,12.685,12.915,70300,12.514
2011-09-01,13.11,13.50,12.615,13.00,154700,12.596
2011-08-31,12.00,13.685,12.00,13.15,187300,12.741
2011-08-30,10.54,11.69,10.54,11.65,180400,11.288
2011-08-29,11.05,11.05,10.33,10.50,94300,10.174
2011-08-26,11.62,11.62,10.69,10.83,50900,10.494
2011-08-25,11.92,12.00,11.46,11.58,40300,11.22
2011-08-24,11.93,11.95,11.635,11.80,55900,11.433
2011-08-23,12.065,12.305,11.90,11.95,21300,11.579
2011-08-22,12.235,12.50,12.00,12.085,26700,11.71
2011-08-19,12.80,12.80,11.96,12.335,134000,11.952
2011-08-18,13.485,13.485,12.60,12.80,52400,12.402
2011-08-17,12.75,13.60,12.685,13.60,258900,13.177
2011-08-16,15.00,15.00,12.06,12.60,331400,12.209
2011-08-15,15.20,15.25,14.90,14.99,15300,14.524
2011-08-12,14.975,15.235,14.795,15.145,64000,14.674
2011-08-11,14.75,15.125,14.32,14.95,46600,14.486
2011-08-10,14.88,15.50,14.50,14.50,42500,14.049
2011-08-09,14.87,14.87,13.855,14.40,74400,13.953
2011-08-08,15.465,15.945,14.89,15.035,55700,14.568
2011-08-05,15.30,16.23,15.00,15.60,75800,15.115
2011-08-04,15.60,15.765,15.25,15.35,52900,14.873
2011-08-03,16.35,16.37,15.46,15.60,60600,15.115
2011-08-02,16.775,16.775,16.45,16.50,17100,15.987
2011-08-01,16.88,16.88,16.665,16.665,27800,16.147
2011-07-29,16.145,16.90,16.145,16.90,48400,16.375
2011-07-28,17.08,17.205,16.145,16.19,72800,15.687
2011-07-27,17.72,17.795,17.17,17.215,12500,16.68
2011-07-26,18.16,18.16,17.80,17.82,12000,17.266
2011-07-25,18.13,18.245,18.07,18.07,3900,17.509
2011-07-22,18.015,18.48,18.015,18.23,6800,17.664
2011-07-21,18.00,18.20,17.975,18.10,17000,17.538
2011-07-20,18.00,18.21,18.00,18.00,25000,17.441
2011-07-19,18.355,18.355,17.90,18.00,63700,17.441
2011-07-18,18.89,18.89,18.305,18.305,29000,17.736
2011-07-15,18.93,19.19,18.52,18.74,40900,18.158
2011-07-14,19.415,19.44,19.015,19.03,56000,18.439
2011-07-13,19.98,20.045,19.20,19.39,95000,18.788
2011-07-12,20.00,20.12,19.75,20.12,129000,19.495
2011-07-11,20.50,20.73,19.93,20.16,21000,19.534
2011-07-08,20.34,20.885,20.34,20.65,28400,20.008
2011-07-07,20.105,20.55,20.02,20.38,37500,19.747
2011-07-06,19.97,20.225,19.97,20.205,9400,19.577
2011-07-05,20.36,20.36,20.10,20.10,34200,19.476
2011-07-04,20.34,20.45,20.095,20.10,19500,19.476
2011-07-01,19.19,20.445,19.18,20.40,65400,19.766
2011-06-30,18.89,19.24,18.465,19.16,86200,18.565
2011-06-29,19.20,19.20,18.89,18.90,52000,18.313
2011-06-28,19.36,19.40,19.125,19.20,30800,18.603
2011-06-27,19.21,19.305,19.145,19.20,11000,18.603
2011-06-24,19.11,19.30,19.11,19.15,24700,18.555
2011-06-23,19.40,19.63,19.16,19.30,50300,18.70
2011-06-22,19.80,19.96,19.265,19.50,57900,18.894
2011-06-21,19.87,20.04,19.745,19.80,17500,19.185
2011-06-20,19.92,20.08,19.64,20.00,21300,19.379
2011-06-17,20.045,20.15,19.635,19.85,40400,19.233
2011-06-16,20.10,20.10,19.365,19.87,26600,19.253
2011-06-15,20.595,20.595,20.09,20.12,14200,19.495
2011-06-14,20.42,20.60,20.185,20.60,10900,19.96
2011-06-13,20.40,20.40,20.15,20.34,16900,19.708
2011-06-10,20.65,20.70,20.345,20.345,84600,19.713
2011-06-09,20.71,20.805,20.40,20.60,23200,19.96
2011-06-08,20.65,20.72,20.555,20.60,36000,19.96
2011-06-07,20.86,20.935,20.70,20.74,6000,20.096
2011-06-06,20.395,21.09,20.395,21.00,16500,20.348
2011-06-03,20.10,20.64,20.10,20.58,11700,19.941
2011-06-02,20.085,20.31,20.015,20.08,5600,19.456
2011-06-01,20.21,20.32,20.08,20.20,13700,19.572
2011-05-31,19.90,20.56,19.855,19.92,103000,19.301
2011-05-30,20.21,20.21,19.56,19.70,29600,19.088
2011-05-27,19.20,20.13,19.20,20.00,59600,19.379
2011-05-26,19.26,19.75,19.15,19.20,44400,18.603
2011-05-25,19.005,19.29,18.84,19.25,106500,18.652
2011-05-24,19.08,19.33,18.83,19.15,48200,18.555
2011-05-23,20.12,20.19,18.815,18.865,145100,18.279
2011-05-20,21.45,21.45,20.03,20.03,143200,19.408
2011-05-19,21.935,22.03,21.385,21.50,99000,20.832
2011-05-18,21.64,22.19,21.505,22.125,36300,21.438
2011-05-17,21.80,21.80,21.26,21.40,42800,20.735
2011-05-16,21.84,21.85,21.215,21.51,39000,20.842
2011-05-13,21.84,22.065,21.58,21.80,38800,21.123
2011-05-12,22.15,22.195,21.55,21.65,42900,20.977
2011-05-11,22.05,22.09,21.90,22.00,31100,21.316
2011-05-10,21.99,22.26,21.85,22.00,73600,21.316
2011-05-09,22.095,22.20,21.63,21.90,69500,21.22
2011-05-06,22.095,22.095,21.575,22.00,76900,21.316
2011-05-05,23.22,23.27,21.79,21.79,94700,21.113
2011-05-04,23.15,23.41,23.02,23.02,49700,22.305
2011-05-03,22.50,22.925,22.40,22.56,23000,21.859
2011-05-02,22.23,22.58,22.205,22.325,18300,21.631
2011-04-29,22.50,22.61,22.00,22.00,19900,21.316
2011-04-28,22.505,22.77,22.45,22.50,5600,21.801
2011-04-27,22.515,22.83,22.515,22.60,9500,21.898
2011-04-26,22.20,22.72,22.195,22.57,11000,21.869
2011-04-21,22.13,22.295,21.84,22.20,4100,21.51
2011-04-20,21.36,22.025,21.36,22.00,7400,21.316
2011-04-19,21.08,21.505,21.005,21.415,40200,20.75
2011-04-18,22.03,22.23,21.01,21.01,16300,20.357
2011-04-15,22.20,22.395,21.76,22.14,6600,21.452
2011-04-14,23.21,23.21,22.34,22.40,6800,21.704
2011-04-13,23.11,23.385,22.835,23.00,141600,22.285
2011-04-12,23.00,23.595,22.51,22.90,154400,22.189
2011-04-11,22.24,22.25,21.905,22.05,19100,21.365
2011-04-08,22.39,22.39,21.90,22.01,17600,21.326
2011-04-07,22.00,22.235,22.00,22.185,28900,21.496
2011-04-06,22.125,22.25,21.85,21.90,14000,21.22
2011-04-05,22.25,22.63,21.845,22.20,63700,21.51
2011-04-04,22.50,22.50,22.25,22.30,49700,21.607
2011-04-01,22.945,22.945,22.295,22.35,21300,21.656
2011-03-31,22.97,23.00,22.60,22.95,19400,22.237
2011-03-30,22.62,23.00,22.62,22.725,28600,22.019
2011-03-29,22.80,22.995,22.41,22.41,6600,21.714
2011-03-28,22.96,22.96,22.70,22.80,2800,22.092
2011-03-25,23.30,23.35,22.70,22.75,39000,22.043
2011-03-24,22.825,23.00,22.425,22.70,11500,21.995
2011-03-23,23.40,23.69,22.795,23.00,36200,22.285
2011-03-22,23.14,23.145,22.51,22.80,25800,22.092
2011-03-21,23.80,24.00,23.25,23.30,11000,22.576
2011-03-18,23.165,23.965,22.90,23.75,31300,23.012
2011-03-17,22.79,23.125,22.75,23.00,28100,22.285
2011-03-16,23.845,23.845,22.80,23.00,21900,22.285
2011-03-15,23.575,23.85,23.50,23.75,22200,23.012
2011-03-14,24.11,24.20,23.75,23.75,7200,23.012
2011-03-11,23.825,24.33,23.535,24.33,9900,23.574
2011-03-10,24.20,24.275,23.97,23.97,2700,23.225
2011-03-09,24.30,24.36,23.95,24.30,4000,23.545
2011-03-08,24.01,24.41,24.01,24.11,7000,23.361
2011-03-07,23.88,24.00,23.88,23.93,1100,23.187
2011-03-04,24.135,24.20,23.65,23.65,22400,22.915
2011-03-03,23.84,24.20,23.84,24.04,16600,23.293
2011-03-02,24.40,24.40,23.865,24.06,8500,23.312
2011-03-01,24.79,24.93,24.425,24.70,10600,23.933
2011-02-28,23.55,24.795,23.55,24.57,9800,23.807
2011-02-25,23.46,23.55,23.175,23.50,7500,22.77
2011-02-24,23.775,23.775,23.165,23.35,28100,22.625
2011-02-23,24.41,24.44,23.785,23.95,17600,23.206
2011-02-22,24.70,24.70,24.395,24.58,4800,23.816
2011-02-21,24.77,25.12,24.77,24.93,3000,24.155
2011-02-18,25.285,25.30,24.575,25.00,20300,24.223
2011-02-17,26.135,26.135,25.40,25.40,5100,24.611
2011-02-16,26.30,26.30,25.595,26.025,5800,25.216
2011-02-15,26.30,26.395,26.30,26.30,1100,25.483
2011-02-14,26.00,26.65,26.00,26.315,44800,25.497
2011-02-11,26.005,26.135,25.60,26.00,3300,25.192
2011-02-10,26.50,26.50,25.98,26.07,8500,25.26
2011-02-09,26.475,26.475,26.205,26.40,4200,25.58
2011-02-08,26.25,26.33,26.10,26.25,11200,25.434
2011-02-07,26.44,26.505,25.81,26.25,19700,25.434
2011-02-04,26.75,26.75,26.005,26.27,14600,25.454
2011-02-03,26.77,26.975,26.71,26.85,52800,26.016
2011-02-02,26.75,26.995,26.675,26.70,27400,25.87
2011-02-01,26.395,26.735,26.39,26.50,13500,25.677
2011-01-31,26.15,26.565,26.005,26.23,19700,25.415
2011-01-28,26.995,27.11,26.415,26.50,38900,25.677
2011-01-27,26.25,27.03,26.25,26.95,58700,26.113
2011-01-26,25.66,26.255,25.565,26.20,43500,25.386
2011-01-25,25.30,25.955,25.21,25.88,44000,25.076
2011-01-24,25.17,25.74,25.17,25.49,33400,24.698
2011-01-21,24.815,25.805,24.725,25.30,56900,24.514
2011-01-20,25.12,25.25,24.74,24.80,32800,24.029
2011-01-19,25.395,25.395,25.13,25.355,5200,24.567
2011-01-18,25.00,25.445,24.995,25.40,24800,24.611
2011-01-17,25.00,25.00,24.82,25.00,6300,24.223
2011-01-14,24.79,24.95,24.35,24.95,11100,24.175
2011-01-13,24.96,25.00,24.395,24.60,28200,23.836
2011-01-12,25.50,25.50,24.16,24.86,49900,24.088
2011-01-11,26.115,27.00,25.00,25.42,99300,24.63
2011-01-10,26.75,26.79,25.895,26.00,13400,25.192
2011-01-07,26.995,27.05,26.55,27.00,61500,26.161
2011-01-06,27.10,27.10,26.85,27.00,44300,26.161
2011-01-05,27.35,27.35,26.78,26.95,25600,26.113
2011-01-04,27.30,27.455,27.20,27.20,35200,26.355
2011-01-03,26.70,27.35,26.50,27.35,9900,26.50
2010-12-30,26.375,26.74,26.375,26.74,5800,25.909
2010-12-29,26.55,26.55,26.345,26.50,5300,25.677
2010-12-28,26.045,26.40,26.045,26.40,4000,25.58
2010-12-27,26.30,26.37,26.015,26.37,1800,25.551
2010-12-23,26.25,26.555,26.20,26.38,13400,25.56
2010-12-22,26.40,26.405,26.20,26.40,20700,25.58
2010-12-21,26.49,26.49,25.88,26.20,5400,25.386
2010-12-20,26.00,26.49,25.80,26.49,22700,25.667
2010-12-17,26.145,26.53,25.91,26.00,62000,25.192
2010-12-16,25.95,26.145,25.75,26.14,54300,25.328
2010-12-15,26.30,26.30,25.75,26.25,29900,25.434
2010-12-14,26.25,26.48,26.00,26.25,23500,25.434
2010-12-13,25.39,26.47,25.305,26.29,47700,25.473
2010-12-10,25.50,25.67,25.14,25.55,25000,24.756
2010-12-09,25.50,26.57,25.395,25.395,69000,24.606
2010-12-08,25.55,25.65,25.30,25.50,28500,24.708
2010-12-07,25.20,25.795,25.10,25.51,36800,24.717
2010-12-06,24.85,25.44,24.75,25.28,21400,24.495
2010-12-03,24.60,24.95,24.60,24.80,78700,24.029
2010-12-02,24.60,25.00,24.29,24.80,331400,24.029
2010-12-01,24.60,25.10,24.465,24.70,47400,23.933
2010-11-30,24.30,24.535,23.995,24.50,179100,23.739
2010-11-29,24.22,24.965,24.09,24.39,174200,23.632
2010-11-26,23.335,24.22,23.11,24.22,13100,23.467
2010-11-25,22.48,23.45,22.235,23.15,39400,22.431
2010-11-24,22.445,22.485,22.215,22.40,5900,21.704
2010-11-23,21.92,22.50,21.705,22.49,9900,21.791
2010-11-22,22.30,22.375,21.755,22.15,2300,21.462
2010-11-19,22.01,22.79,22.01,22.36,8200,21.665
2010-11-18,22.00,22.315,21.92,22.20,53200,21.51
2010-11-17,21.84,22.055,21.70,22.055,9400,21.37
2010-11-16,22.40,22.40,21.765,21.86,30000,21.181
2010-11-15,22.50,22.75,22.40,22.45,57000,21.752
2010-11-12,22.67,22.88,22.55,22.785,40100,22.077
2010-11-11,22.10,23.12,22.10,22.90,32300,22.189
2010-11-10,22.00,22.445,21.595,21.90,59100,21.22
2010-11-09,22.00,22.435,21.61,21.90,136800,21.22
2010-11-08,22.57,22.575,22.00,22.00,49100,21.316
2010-11-05,23.50,24.00,22.70,22.78,55600,22.072
2010-11-04,23.55,23.75,23.44,23.50,10900,22.77
2010-11-03,23.40,23.60,23.38,23.505,65400,22.775
2010-11-02,23.425,23.56,23.40,23.55,16800,22.818
2010-11-01,23.68,23.75,23.45,23.65,18400,22.915
2010-10-29,23.69,23.69,23.40,23.60,15300,22.867
2010-10-28,23.35,23.50,23.35,23.35,1500,22.625
2010-10-27,23.40,23.50,23.35,23.35,3400,22.625
2010-10-26,23.10,23.75,23.10,23.60,24800,22.867
2010-10-25,23.50,23.51,23.10,23.25,18200,22.528
2010-10-22,23.35,23.50,23.10,23.50,12700,22.77
2010-10-21,23.00,23.41,23.00,23.34,23000,22.615
2010-10-20,23.61,23.61,22.645,23.005,19100,22.29
2010-10-19,23.11,23.90,23.00,23.015,22500,22.30
2010-10-18,22.40,22.93,22.40,22.82,6300,22.111
2010-10-15,22.12,22.785,22.12,22.40,43500,21.704
2010-10-14,22.00,22.25,21.79,22.20,15500,21.51
2010-10-13,21.68,22.00,21.68,21.925,8800,21.244
2010-10-12,21.155,21.705,21.155,21.50,23800,20.832
2010-10-11,21.445,21.51,21.205,21.24,1400,20.58
2010-10-08,21.48,21.60,21.195,21.45,21100,20.784
2010-10-07,21.01,21.745,21.01,21.505,7200,20.837
2010-10-06,21.79,21.79,21.02,21.265,56600,20.604
2010-10-05,21.01,21.52,21.01,21.475,37100,20.808
2010-10-04,21.40,21.50,21.27,21.27,8300,20.609
2010-10-01,21.56,21.885,21.19,21.70,23100,21.026
2010-09-30,21.215,21.75,21.215,21.75,38900,21.074
2010-09-29,21.28,21.28,21.15,21.15,6400,20.493
2010-09-28,21.08,21.23,20.835,21.20,5000,20.541
2010-09-27,21.00,21.19,21.00,21.14,5400,20.483
2010-09-24,20.76,21.33,20.65,21.00,55900,20.348
2010-09-23,20.81,21.495,20.81,21.00,100700,20.348
2010-09-22,21.45,21.505,21.00,21.15,65000,20.493
2010-09-21,21.655,22.19,21.655,21.66,12600,20.987
2010-09-20,22.40,22.50,21.65,21.785,73300,21.108
2010-09-17,21.65,22.40,21.65,22.40,89800,21.704
2010-09-16,21.70,21.70,21.485,21.65,72600,20.977
2010-09-15,22.35,22.35,21.60,21.78,133600,21.103
2010-09-14,21.41,21.60,21.40,21.45,40400,20.784
2010-09-13,21.40,21.72,21.40,21.57,13200,20.90
2010-09-10,21.14,21.60,21.14,21.50,23500,20.832
2010-09-09,21.00,21.20,20.505,20.76,43100,20.115
2010-09-08,20.875,21.20,20.75,21.00,183200,20.348
2010-09-07,20.995,20.995,20.50,20.78,2200,20.134
2010-09-06,20.44,21.00,20.35,21.00,58600,20.348
2010-09-03,19.85,20.25,19.85,20.08,325700,19.456
2010-09-02,19.70,20.00,19.65,19.80,137700,19.185
2010-09-01,20.00,20.00,19.62,19.89,53700,19.272
2010-08-31,19.74,20.00,19.60,19.85,157400,19.233
2010-08-30,19.80,20.20,19.62,19.75,60200,19.136
2010-08-27,19.31,19.895,19.31,19.65,25100,19.039
2010-08-26,19.30,19.67,19.30,19.50,83500,18.894
2010-08-25,19.20,19.25,19.10,19.20,62300,18.603
2010-08-24,19.105,19.26,19.105,19.20,24200,18.603
2010-08-23,19.385,19.40,19.20,19.30,15300,18.70
2010-08-20,19.38,19.39,19.11,19.39,9200,18.788
2010-08-19,19.40,19.50,19.05,19.38,13900,18.778
2010-08-18,19.34,19.50,19.00,19.20,18900,18.603
2010-08-17,19.00,19.25,18.81,19.20,29900,18.603
2010-08-16,18.80,19.25,18.80,19.10,21200,18.507
2010-08-13,18.99,19.115,18.90,19.00,17000,18.41
2010-08-12,18.99,19.23,18.82,19.23,127200,18.633
2010-08-11,19.40,19.40,18.905,18.905,69200,18.318
2010-08-10,19.60,19.60,19.25,19.50,79400,18.894
2010-08-09,19.70,19.70,19.50,19.65,53200,19.039
2010-08-06,19.795,19.795,19.60,19.60,53200,18.991
2010-08-05,19.70,19.80,19.70,19.80,61100,19.185
2010-08-04,19.50,19.80,19.50,19.75,82100,19.136
2010-08-03,19.51,19.80,19.50,19.61,22900,19.001
2010-08-02,19.70,19.80,19.50,19.615,90000,19.006
2010-07-30,19.60,19.75,19.50,19.50,108100,18.894
2010-07-29,19.94,19.95,19.51,19.75,61800,19.136
2010-07-28,19.90,19.995,19.755,19.78,37300,19.165
2010-07-27,20.00,20.14,19.80,19.95,95900,19.33
2010-07-26,19.80,20.05,19.80,20.05,64800,19.427
2010-07-23,19.85,20.15,19.75,19.80,84100,19.185
2010-07-22,19.60,19.965,19.55,19.80,121500,19.185
2010-07-21,19.56,19.895,19.50,19.60,154400,18.991
