Date,Open,High,Low,Close,Volume,Adj Close
2016-10-27,28.47,28.56,28.275,28.40,99700,28.40
2016-10-26,28.50,28.765,28.24,28.395,104600,28.395
2016-10-25,28.70,28.805,28.545,28.57,138600,28.57
2016-10-24,28.06,28.60,28.06,28.49,117000,28.49
2016-10-21,28.06,28.25,27.945,27.98,79300,27.98
2016-10-20,27.90,28.015,27.71,27.975,102700,27.975
2016-10-19,27.68,27.90,27.485,27.84,115800,27.84
2016-10-18,27.47,27.70,27.36,27.70,110200,27.70
2016-10-17,27.425,27.53,27.255,27.30,67000,27.30
2016-10-14,27.15,27.50,27.015,27.41,34300,27.41
2016-10-13,27.22,27.22,26.90,27.08,71800,27.08
2016-10-12,27.31,27.545,27.205,27.445,68000,27.445
2016-10-11,27.43,27.475,27.16,27.285,69500,27.285
2016-10-10,27.165,27.44,26.99,27.40,91100,27.40
2016-10-07,27.27,27.345,26.895,27.075,94000,27.075
2016-10-06,27.46,27.585,27.25,27.345,45900,27.345
2016-10-05,27.13,27.59,26.77,27.425,103500,27.425
2016-10-04,27.195,27.365,27.125,27.19,99300,27.19
2016-10-03,27.145,27.145,27.145,27.145,000,27.145
2016-09-30,26.80,27.22,26.345,27.145,175300,27.145
2016-09-29,27.35,27.385,26.975,27.065,76800,27.065
2016-09-28,27.245,27.36,27.05,27.15,85400,27.15
2016-09-27,27.515,27.515,26.86,27.085,108400,27.085
2016-09-26,27.68,27.68,27.04,27.25,99700,27.25
2016-09-23,27.655,27.86,27.50,27.755,197000,27.755
2016-09-22,27.35,27.825,27.28,27.745,178900,27.745
2016-09-21,27.11,27.42,26.98,27.145,153600,27.145
2016-09-20,26.47,27.05,26.35,26.915,131600,26.915
2016-09-19,26.605,26.64,26.35,26.47,75700,26.47
2016-09-16,26.535,26.695,26.225,26.30,102900,26.30
2016-09-15,26.30,26.545,26.21,26.51,117200,26.51
2016-09-14,26.605,26.605,26.20,26.30,160100,26.30
2016-09-13,26.695,26.875,26.36,26.42,96000,26.42
2016-09-12,26.65,26.66,26.33,26.52,182600,26.52
2016-09-09,26.97,27.13,26.77,26.815,109600,26.815
2016-09-08,26.80,26.96,26.505,26.875,109400,26.875
2016-09-07,26.80,26.855,26.55,26.74,73100,26.74
2016-09-06,26.885,26.915,26.58,26.695,105200,26.695
2016-09-05,26.59,26.75,26.49,26.705,117200,26.705
2016-09-02,26.28,26.595,26.16,26.55,128500,26.55
2016-09-01,26.38,26.49,26.03,26.25,120600,26.25
2016-08-31,26.00,26.415,25.92,26.20,213600,26.20
2016-08-30,25.995,26.08,25.88,25.94,213600,25.94
2016-08-29,25.765,25.955,25.675,25.83,79100,25.83
2016-08-26,25.80,25.93,25.715,25.865,87700,25.865
2016-08-25,25.99,26.00,25.735,25.775,151900,25.775
2016-08-24,26.30,26.30,25.84,25.955,213000,25.955
2016-08-23,26.10,26.27,25.895,26.245,144400,26.245
2016-08-22,26.00,26.27,25.80,25.88,130700,25.88
2016-08-19,26.12,26.12,25.635,25.89,136000,25.89
2016-08-18,25.91,26.09,25.85,26.005,106500,26.005
2016-08-17,26.02,26.17,25.76,25.79,196900,25.79
2016-08-16,26.545,26.545,26.02,26.14,239300,26.14
2016-08-15,26.725,26.81,26.325,26.635,266500,26.635
2016-08-12,27.28,27.565,26.26,26.585,494500,26.585
2016-08-11,27.645,27.77,27.47,27.65,109800,27.65
2016-08-10,27.60,27.73,27.45,27.65,128100,27.65
2016-08-09,27.345,27.775,27.17,27.74,122700,27.74
2016-08-08,26.785,27.36,26.785,27.21,117600,27.21
2016-08-05,26.325,26.815,26.21,26.795,153700,26.795
2016-08-04,26.95,26.95,25.95,26.19,306800,26.19
2016-08-03,27.00,27.14,26.645,26.785,65400,26.785
2016-08-02,27.06,27.065,26.52,26.88,78800,26.88
2016-08-01,27.10,27.29,26.935,27.04,102100,27.04
2016-07-29,26.685,27.135,26.685,26.915,92900,26.915
2016-07-28,27.31,27.415,26.735,26.785,143400,26.785
2016-07-27,26.655,27.485,26.62,27.41,182000,27.41
2016-07-26,26.775,26.775,26.425,26.585,118300,26.585
2016-07-25,26.97,27.115,26.685,26.725,126100,26.725
2016-07-22,26.96,27.03,26.735,26.875,96000,26.875
2016-07-21,27.18,27.47,26.75,26.925,145700,26.925
2016-07-20,27.20,27.32,26.75,27.14,165100,27.14
2016-07-19,27.205,27.205,26.75,26.92,54300,26.92
2016-07-18,26.88,27.34,26.775,27.25,120100,27.25
2016-07-15,26.875,27.22,26.715,26.82,76100,26.82
2016-07-14,26.90,27.13,26.74,26.965,79100,26.965
2016-07-13,26.945,27.015,26.625,26.635,51000,26.635
2016-07-12,26.545,27.205,26.545,26.905,91100,26.905
2016-07-11,26.605,26.745,26.30,26.59,69900,26.59
2016-07-08,26.00,26.51,25.83,26.35,97900,26.35
2016-07-07,25.535,26.15,25.535,25.97,132400,25.97
2016-07-06,25.93,26.145,25.42,25.48,120500,25.48
2016-07-05,26.74,26.805,26.01,26.185,194200,26.185
2016-07-04,27.235,27.235,26.78,26.85,65000,26.85
2016-07-01,26.95,27.26,26.805,27.11,92000,27.11
2016-06-30,26.705,26.805,26.40,26.63,165500,26.63
2016-06-29,26.16,26.665,26.00,26.61,87500,26.61
2016-06-28,26.05,26.44,25.94,25.94,145500,25.94
2016-06-27,26.995,26.995,25.515,25.61,175400,25.61
2016-06-24,26.00,27.31,25.20,26.905,325400,26.905
2016-06-23,28.645,28.71,27.965,28.195,146600,28.195
2016-06-22,28.595,28.795,28.45,28.59,105600,28.59
2016-06-21,28.00,28.375,27.94,28.27,127300,28.27
2016-06-20,27.755,28.27,27.75,28.075,110400,28.075
2016-06-17,27.25,27.69,27.18,27.21,180300,27.21
2016-06-16,27.15,27.16,26.825,26.99,241700,26.99
2016-06-15,27.53,27.78,27.355,27.355,77300,27.355
2016-06-14,27.60,27.79,27.475,27.505,89700,27.505
2016-06-13,28.435,28.435,27.875,27.885,151700,27.885
2016-06-10,29.48,29.515,28.64,28.725,146300,28.725
2016-06-09,29.87,30.005,29.425,29.495,73200,29.495
2016-06-08,29.545,30.20,29.425,30.10,216000,30.10
2016-06-07,29.695,29.89,29.535,29.765,90500,29.765
2016-06-06,29.40,29.695,29.31,29.565,76000,29.565
2016-06-03,30.035,30.035,29.115,29.365,118900,29.365
2016-06-02,29.87,30.035,29.62,29.845,111000,29.845
2016-06-01,30.25,30.335,29.815,29.875,133100,29.875
2016-05-31,29.90,30.375,29.90,30.25,204600,30.25
2016-05-30,30.00,30.17,29.965,30.085,89100,30.085
2016-05-27,29.87,30.145,29.87,30.07,143500,30.07
2016-05-26,29.89,30.05,29.645,29.97,115200,29.97
2016-05-25,29.50,30.17,29.50,29.75,465200,29.75
2016-05-24,28.19,28.955,28.05,28.915,200700,28.915
2016-05-23,28.385,28.84,28.30,28.37,148900,28.37
2016-05-20,28.40,28.735,28.35,28.515,85700,28.515
2016-05-19,28.345,28.74,28.275,28.35,90700,28.35
2016-05-18,28.36,28.585,28.075,28.585,78800,28.585
2016-05-17,28.50,28.895,28.35,28.515,121700,28.515
2016-05-16,28.37,28.37,28.37,28.37,000,28.37
2016-05-13,28.16,28.40,27.53,28.37,202800,28.37
2016-05-12,27.99,28.28,27.41,27.85,221700,27.85
2016-05-11,29.37,29.46,28.545,28.685,234200,27.385
2016-05-10,29.255,29.48,29.07,29.42,113700,28.087
2016-05-09,29.34,29.38,28.73,28.955,212200,27.643
2016-05-06,29.00,29.08,28.665,28.995,69900,27.681
2016-05-05,29.10,29.11,28.73,29.01,59000,27.695
2016-05-04,29.01,29.32,28.845,29.07,97600,27.753
2016-05-03,29.77,29.80,29.01,29.055,102500,27.738
2016-05-02,29.305,29.57,29.03,29.525,80400,28.187
2016-04-29,29.51,29.65,28.85,28.975,133800,27.662
2016-04-28,29.655,29.94,29.315,29.845,130600,28.492
2016-04-27,30.16,30.20,29.715,29.795,81300,28.445
2016-04-26,30.34,30.34,30.045,30.155,104200,28.788
2016-04-25,30.27,30.27,29.84,29.98,122200,28.621
2016-04-22,30.22,30.395,29.95,30.145,160500,28.779
2016-04-21,30.47,30.57,30.05,30.19,100900,28.822
2016-04-20,30.295,30.595,30.03,30.46,117000,29.08
2016-04-19,30.30,30.475,30.06,30.325,127100,28.951
2016-04-18,29.95,30.16,29.685,30.12,64200,28.755
2016-04-15,30.06,30.20,29.775,30.095,129100,28.731
2016-04-14,30.10,30.35,29.72,30.265,142400,28.893
2016-04-13,29.80,30.34,29.715,30.18,158200,28.812
2016-04-12,29.355,29.515,29.125,29.48,129000,28.144
2016-04-11,29.43,29.63,29.20,29.245,72400,27.92
2016-04-08,29.15,29.715,29.055,29.445,139900,28.111
2016-04-07,29.45,29.475,28.995,29.105,119000,27.786
2016-04-06,29.035,29.34,28.845,29.29,99800,27.963
2016-04-05,29.52,29.52,28.99,29.095,111900,27.776
2016-04-04,29.75,30.30,29.41,29.80,141000,28.449
2016-04-01,29.70,29.735,29.36,29.735,192600,28.387
2016-03-31,29.845,30.24,29.67,30.01,388500,28.65
2016-03-30,29.60,29.72,29.17,29.43,154200,28.096
2016-03-29,29.25,29.65,29.12,29.575,195000,28.235
2016-03-28,29.00,29.00,29.00,29.00,000,27.686
2016-03-25,29.00,29.00,29.00,29.00,000,27.686
2016-03-24,28.84,29.27,28.825,29.00,212900,27.686
2016-03-23,29.00,29.10,28.625,28.855,169800,27.547
2016-03-22,28.49,28.97,28.105,28.945,202100,27.633
2016-03-21,28.45,29.02,28.23,28.67,285800,27.371
2016-03-18,27.92,28.185,27.685,27.905,212200,26.64
2016-03-17,28.145,28.25,27.545,27.795,135400,26.535
2016-03-16,28.07,28.255,27.865,28.045,143600,26.774
2016-03-15,28.015,28.33,27.855,28.00,148700,26.731
2016-03-14,27.55,28.35,27.545,28.045,172000,26.774
2016-03-11,26.90,27.55,26.895,27.455,117600,26.211
2016-03-10,26.72,27.62,26.515,26.515,200200,25.313
2016-03-09,26.40,26.845,26.40,26.625,102300,25.418
2016-03-08,26.32,26.645,26.12,26.54,82700,25.337
2016-03-07,26.885,27.02,26.54,26.75,66400,25.538
2016-03-04,26.855,27.10,26.67,26.945,146400,25.724
2016-03-03,26.81,26.835,26.44,26.775,95500,25.562
2016-03-02,26.75,26.88,26.605,26.825,115700,25.609
2016-03-01,26.25,26.815,26.125,26.50,152400,25.299
2016-02-29,25.995,26.25,25.70,26.225,133700,25.036
2016-02-26,25.90,26.18,25.87,26.145,105300,24.96
2016-02-25,25.76,25.925,25.515,25.64,185300,24.478
2016-02-24,25.84,25.84,25.25,25.42,146600,24.268
2016-02-23,25.985,26.05,25.56,25.72,133300,24.554
2016-02-22,25.75,25.90,25.62,25.83,100200,24.659
2016-02-19,25.615,25.615,24.975,25.27,102800,24.125
2016-02-18,25.455,25.81,25.16,25.54,110400,24.383
2016-02-17,24.895,25.34,24.62,25.255,178900,24.11
2016-02-16,25.245,25.25,24.455,24.685,126500,23.566
2016-02-15,24.895,25.19,24.665,24.97,121300,23.838
2016-02-12,23.745,24.30,23.745,24.05,226300,22.96
2016-02-11,24.50,24.575,23.59,23.615,232900,22.545
2016-02-10,24.035,24.835,23.825,24.52,135200,23.409
2016-02-09,24.20,24.39,23.585,23.815,261800,22.736
2016-02-08,24.95,25.09,24.00,24.05,205100,22.96
2016-02-05,25.60,25.605,24.83,24.915,170600,23.786
2016-02-04,25.60,25.685,24.98,25.185,174600,24.044
2016-02-03,25.75,25.845,24.90,25.185,238100,24.044
2016-02-02,26.315,26.40,25.64,25.76,166000,24.593
2016-02-01,26.60,26.78,25.945,26.10,195500,24.917
2016-01-29,26.25,26.445,26.05,26.445,155800,25.247
2016-01-28,26.29,26.29,25.67,25.81,152300,24.64
2016-01-27,26.285,26.36,25.84,26.26,98000,25.07
2016-01-26,26.05,26.185,25.495,26.145,294600,24.96
2016-01-25,26.765,26.765,25.99,26.235,183400,25.046
2016-01-22,27.00,27.11,26.235,26.47,205500,25.27
2016-01-21,25.385,26.11,25.195,25.725,129000,24.559
2016-01-20,25.90,25.90,25.115,25.235,201200,24.091
2016-01-19,26.50,26.505,25.955,26.285,130800,25.094
2016-01-18,26.20,26.475,25.91,26.065,127100,24.884
2016-01-15,26.80,26.945,26.005,26.305,185800,25.113
2016-01-14,26.98,26.995,26.385,26.79,169000,25.576
2016-01-13,27.465,27.67,27.16,27.255,116800,26.02
2016-01-12,26.62,27.43,26.52,27.115,156800,25.886
2016-01-11,26.45,26.77,26.235,26.515,236700,25.313
2016-01-08,26.77,27.10,26.44,26.44,188900,25.242
2016-01-07,26.56,26.70,26.25,26.55,226700,25.347
2016-01-06,27.255,27.335,26.82,27.055,244100,25.829
2016-01-05,27.93,27.935,27.02,27.25,226100,26.015
2016-01-04,28.00,28.03,27.41,27.565,180900,26.316
2016-01-01,28.545,28.545,28.545,28.545,000,27.251
2015-12-31,28.545,28.545,28.545,28.545,000,27.251
2015-12-30,28.70,28.70,28.34,28.545,33000,27.251
2015-12-29,28.255,28.655,28.165,28.655,67900,27.356
2015-12-28,28.005,28.195,27.915,28.07,55000,26.798
2015-12-25,28.33,28.33,28.33,28.33,000,27.046
2015-12-24,28.33,28.33,28.33,28.33,000,27.046
2015-12-23,28.33,28.445,28.02,28.33,83900,27.046
2015-12-22,28.19,28.31,27.865,27.96,92300,26.693
2015-12-21,28.52,28.79,28.04,28.04,113600,26.769
2015-12-18,28.45,28.795,28.425,28.59,120700,27.294
2015-12-17,28.80,28.98,28.55,28.68,126800,27.38
2015-12-16,28.50,28.695,28.315,28.37,121000,27.084
2015-12-15,27.975,28.43,27.755,28.375,124000,27.089
2015-12-14,28.435,28.475,27.625,27.635,108400,26.383
2015-12-11,28.455,28.47,28.105,28.27,129200,26.989
2015-12-10,28.66,28.76,28.335,28.43,84500,27.142
2015-12-09,28.91,28.99,28.39,28.605,71600,27.309
2015-12-08,29.145,29.18,28.54,28.94,116400,27.628
2015-12-07,29.225,29.39,28.985,29.10,164300,27.781
2015-12-04,28.50,28.995,28.395,28.925,141400,27.614
2015-12-03,29.22,29.715,28.455,28.455,129300,27.165
2015-12-02,29.40,29.75,29.26,29.365,132300,28.034
2015-12-01,29.40,29.615,29.265,29.305,126400,27.977
2015-11-30,29.265,29.48,29.145,29.355,146300,28.025
2015-11-27,29.33,29.525,29.205,29.35,118700,28.02
2015-11-26,29.12,29.545,28.99,29.45,199100,28.115
2015-11-25,28.75,29.02,28.60,29.00,175400,27.686
2015-11-24,28.86,28.86,28.415,28.625,90100,27.328
2015-11-23,28.75,28.90,28.65,28.88,143900,27.571
2015-11-20,29.10,29.10,28.695,28.80,110700,27.495
2015-11-19,28.88,29.205,28.85,28.935,167200,27.624
2015-11-18,28.07,28.74,28.07,28.685,218700,27.385
2015-11-17,27.45,28.23,27.35,28.23,249500,26.951
2015-11-16,27.48,27.48,27.05,27.345,257300,26.106
2015-11-13,27.695,28.07,27.46,27.65,192700,26.397
2015-11-12,28.005,28.10,27.65,27.905,384000,26.64
2015-11-11,29.31,29.47,28.895,28.98,190100,27.667
2015-11-10,29.25,29.25,28.805,29.175,115700,27.853
2015-11-09,29.50,29.545,29.105,29.135,100700,27.815
2015-11-06,29.395,29.57,29.09,29.505,169200,28.168
2015-11-05,29.20,29.525,29.01,29.495,150000,28.158
2015-11-04,29.50,29.70,28.80,28.925,353300,27.614
2015-11-03,29.80,29.80,29.34,29.40,143000,28.068
2015-11-02,29.00,29.685,28.845,29.675,216700,28.33
2015-10-30,29.35,29.44,29.035,29.17,124100,27.848
2015-10-29,29.24,29.44,29.05,29.305,121900,27.977
2015-10-28,29.02,29.43,29.02,29.215,120400,27.891
2015-10-27,29.045,29.35,29.005,29.005,103600,27.69
2015-10-26,29.11,29.28,28.92,29.22,91200,27.896
2015-10-23,28.69,29.29,28.63,29.075,156600,27.757
2015-10-22,28.00,28.63,28.00,28.56,80000,27.266
2015-10-21,28.06,28.25,27.90,28.125,94600,26.85
2015-10-20,27.78,28.25,27.78,27.865,122700,26.602
2015-10-19,27.725,28.08,27.725,27.825,87000,26.564
2015-10-16,27.445,27.885,27.35,27.82,168600,26.559
2015-10-15,27.05,27.295,26.94,27.24,67700,26.005
2015-10-14,27.00,27.205,26.805,26.975,91600,25.752
2015-10-13,27.61,27.615,27.00,27.055,141000,25.829
2015-10-12,27.55,27.71,27.43,27.545,74900,26.297
2015-10-09,27.57,28.03,27.57,27.655,177000,26.402
2015-10-08,27.545,27.555,27.295,27.48,87900,26.235
2015-10-07,27.415,27.79,27.185,27.435,133000,26.192
2015-10-06,27.235,27.70,27.125,27.475,182800,26.23
2015-10-05,27.035,27.47,26.94,27.16,149300,25.929
2015-10-02,26.49,26.96,26.26,26.565,118500,25.361
2015-10-01,27.165,27.215,26.27,26.35,197500,25.156
2015-09-30,27.34,27.875,26.725,26.76,351300,25.547
2015-09-29,25.53,25.76,25.35,25.66,151300,24.497
2015-09-28,26.17,26.275,25.695,25.72,125000,24.554
2015-09-25,25.88,26.25,25.73,26.035,196300,24.855
2015-09-24,26.00,26.105,25.355,25.57,126600,24.411
2015-09-23,25.575,25.97,25.40,25.89,139500,24.717
2015-09-22,26.54,26.605,25.40,25.50,155400,24.344
2015-09-21,26.13,26.54,25.91,26.425,133500,25.227
2015-09-18,26.105,26.33,25.785,26.19,421900,25.003
2015-09-17,26.345,26.78,26.30,26.48,158400,25.28
2015-09-16,26.43,26.67,26.215,26.365,157400,25.17
2015-09-15,25.85,26.19,25.73,26.03,100800,24.85
2015-09-14,26.14,26.245,25.815,25.90,147900,24.726
2015-09-11,26.615,26.615,25.94,26.175,112500,24.989
2015-09-10,26.43,26.66,26.295,26.53,103100,25.328
2015-09-09,26.85,26.85,26.515,26.52,205100,25.318
2015-09-08,26.40,26.80,26.32,26.41,104000,25.213
2015-09-07,26.42,26.42,25.88,26.135,120800,24.951
2015-09-04,26.495,26.705,26.14,26.19,90900,25.003
2015-09-03,26.635,26.915,26.49,26.715,143600,25.504
2015-09-02,26.75,26.845,26.215,26.465,189700,25.266
2015-09-01,26.69,26.70,26.04,26.26,208200,25.07
2015-08-31,26.75,26.87,26.515,26.845,105400,25.628
2015-08-28,26.715,26.885,26.48,26.885,223500,25.667
2015-08-27,26.65,26.80,26.46,26.615,179100,25.409
2015-08-26,26.22,26.455,25.85,26.17,351300,24.984
2015-08-25,25.99,26.625,25.67,26.505,342400,25.304
2015-08-24,26.22,26.22,25.00,25.56,413300,24.402
2015-08-21,27.155,27.435,26.94,26.94,425800,25.719
2015-08-20,28.10,28.10,27.485,27.62,297700,26.368
2015-08-19,28.75,28.78,28.18,28.19,268000,26.912
2015-08-18,28.79,29.125,28.70,28.975,189600,27.662
2015-08-17,28.95,29.195,28.51,28.82,164900,27.514
2015-08-14,29.065,29.34,28.805,28.94,255200,27.628
2015-08-13,28.895,29.405,28.825,29.145,265700,27.824
2015-08-12,28.90,28.90,28.225,28.265,411800,26.984
2015-08-11,29.04,29.255,28.39,28.565,453400,27.27
2015-08-10,29.355,29.355,28.965,29.115,303800,27.796
2015-08-07,29.485,29.555,29.20,29.30,101800,27.972
2015-08-06,29.355,29.67,29.31,29.55,155500,28.211
2015-08-05,29.295,29.695,29.295,29.36,223200,28.029
2015-08-04,29.21,29.50,29.185,29.245,154000,27.92
2015-08-03,29.15,29.50,29.04,29.285,156500,27.958
2015-07-31,28.96,29.135,28.84,29.105,152300,27.786
2015-07-30,29.14,29.205,28.68,29.005,172400,27.69
2015-07-29,28.70,29.44,28.505,29.02,427700,27.705
2015-07-28,28.265,29.335,28.265,29.255,316600,27.929
2015-07-27,28.88,28.99,28.125,28.16,340500,26.884
2015-07-24,28.695,29.06,28.57,29.025,319400,27.71
2015-07-23,28.655,28.655,28.205,28.49,153100,27.199
2015-07-22,28.06,28.455,28.00,28.40,147400,27.113
2015-07-21,28.535,28.685,28.05,28.155,214400,26.879
2015-07-20,28.29,28.62,28.28,28.55,256900,27.256
2015-07-17,28.36,28.405,28.15,28.265,352300,26.984
2015-07-16,28.195,28.45,28.095,28.30,395900,27.017
2015-07-15,27.69,28.08,27.62,27.95,1021600,26.683
2015-07-14,28.595,28.935,28.575,28.895,160500,27.585
2015-07-13,28.30,28.785,28.19,28.785,482800,27.48
2015-07-10,27.805,28.20,27.805,28.12,130700,26.846
2015-07-09,26.89,27.52,26.74,27.395,142100,26.153
2015-07-08,26.89,26.975,26.575,26.69,168000,25.48
2015-07-07,27.32,27.345,26.70,26.805,126100,25.59
2015-07-06,27.30,27.48,27.10,27.275,202400,26.039
2015-07-03,27.75,27.795,27.56,27.635,59000,26.383
2015-07-02,28.15,28.26,27.665,27.785,126000,26.526
2015-07-01,27.615,28.31,27.585,28.15,219000,26.874
2015-06-30,27.315,27.985,27.17,27.54,162800,26.292
2015-06-29,26.20,27.845,26.05,27.475,295500,26.23
2015-06-26,27.60,28.395,27.525,28.175,237100,26.898
2015-06-25,27.64,27.81,27.40,27.775,158000,26.516
2015-06-24,27.605,27.765,27.335,27.69,131300,26.435
2015-06-23,27.725,27.87,27.405,27.435,107900,26.192
2015-06-22,27.00,27.47,26.925,27.46,158200,26.216
2015-06-19,26.635,26.95,26.525,26.635,228700,25.428
2015-06-18,26.50,26.85,26.145,26.79,163500,25.576
2015-06-17,26.625,26.895,26.535,26.64,101600,25.433
2015-06-16,26.60,26.745,26.10,26.635,307300,25.428
2015-06-15,26.75,26.905,26.49,26.665,160100,25.457
2015-06-12,27.59,27.705,27.115,27.34,153700,26.101
2015-06-11,27.355,27.98,27.335,27.61,158900,26.359
2015-06-10,26.89,27.40,26.75,27.31,132700,26.072
2015-06-09,27.205,27.255,26.60,26.915,173900,25.695
2015-06-08,27.435,27.615,27.19,27.215,158200,25.982
2015-06-05,27.535,27.645,27.20,27.48,153700,26.235
2015-06-04,27.79,27.875,27.35,27.70,166900,26.445
2015-06-03,27.50,27.92,27.46,27.82,209000,26.559
2015-06-02,27.51,27.68,27.325,27.50,195100,26.254
2015-06-01,27.30,27.425,27.20,27.37,217800,26.13
2015-05-29,27.92,27.92,27.28,27.34,174800,26.101
2015-05-28,28.02,28.245,27.745,27.845,99100,26.583
2015-05-27,27.96,28.16,27.89,28.10,146900,26.827
2015-05-26,28.50,28.52,27.90,28.04,120200,26.769
2015-05-25,28.36,28.36,28.36,28.36,000,27.075
2015-05-22,28.44,28.565,28.205,28.36,143800,27.075
2015-05-21,28.19,28.39,28.055,28.36,146200,27.075
2015-05-20,28.05,28.185,27.825,28.165,162000,26.889
2015-05-19,27.45,28.01,27.325,27.96,263400,26.693
2015-05-18,27.265,27.325,26.77,27.275,194400,26.039
2015-05-15,27.33,27.475,27.05,27.135,149000,25.905
2015-05-14,27.10,27.335,26.70,27.265,129300,26.029
2015-05-13,27.17,27.46,26.85,26.965,282700,25.743
2015-05-12,27.05,27.08,26.385,26.995,608300,25.772
2015-05-11,27.60,27.70,26.64,27.06,578300,25.834
2015-05-08,26.805,26.915,26.54,26.765,390500,25.552
2015-05-07,27.485,27.865,27.01,27.805,288300,25.352
2015-05-06,27.805,27.875,26.64,27.485,770900,25.06
2015-05-05,28.52,28.645,27.38,27.60,623300,25.165
2015-05-04,29.30,29.30,28.51,28.63,349100,26.104
2015-05-01,28.46,28.46,28.46,28.46,000,25.949
2015-04-30,28.95,29.07,28.28,28.46,375200,25.949
2015-04-29,29.79,29.815,28.60,28.795,305100,26.254
2015-04-28,30.22,30.295,29.435,29.59,314900,26.979
2015-04-27,29.695,30.27,29.21,30.16,344200,27.499
2015-04-24,29.60,29.68,29.17,29.34,267300,26.751
2015-04-23,29.855,30.005,29.41,29.47,245300,26.87
2015-04-22,30.15,30.32,29.485,29.94,322500,27.298
2015-04-21,30.40,30.525,30.075,30.27,227700,27.599
2015-04-20,30.045,30.40,30.045,30.15,183500,27.49
2015-04-17,30.495,30.725,30.035,30.07,199900,27.417
2015-04-16,30.665,30.755,30.405,30.51,236800,27.818
2015-04-15,30.75,30.90,30.60,30.785,112200,28.069
2015-04-14,30.90,31.085,30.60,30.74,209500,28.028
2015-04-13,30.76,30.95,30.615,30.90,141000,28.173
2015-04-10,30.50,30.91,30.48,30.74,293300,28.028
2015-04-09,30.30,30.50,30.215,30.43,222600,27.745
2015-04-08,30.00,30.50,30.00,30.25,502300,27.581
2015-04-07,29.965,30.21,29.82,30.065,299700,27.412
2015-04-06,29.88,29.88,29.88,29.88,000,27.243
2015-04-03,29.88,29.88,29.88,29.88,000,27.243
2015-04-02,29.70,29.93,29.525,29.88,207900,27.243
2015-04-01,29.175,29.81,29.14,29.66,312900,27.043
2015-03-31,29.135,29.33,28.925,29.205,364400,26.628
2015-03-30,28.705,29.16,28.70,29.085,553300,26.519
2015-03-27,28.70,28.75,28.255,28.495,301500,25.981
2015-03-26,28.75,28.76,28.10,28.39,615600,25.885
2015-03-25,29.23,29.375,28.85,28.90,621800,26.35
2015-03-24,29.48,29.765,29.17,29.495,528600,26.892
2015-03-23,28.79,30.455,27.86,29.425,1213400,26.829
2015-03-20,31.14,31.40,30.945,31.125,252400,28.379
2015-03-19,30.795,31.085,30.78,30.90,217900,28.173
2015-03-18,31.45,31.50,30.28,30.66,412000,27.955
2015-03-17,31.27,31.715,31.145,31.395,268300,28.625
2015-03-16,31.00,31.255,30.92,31.23,237500,28.474
2015-03-13,30.745,30.995,30.60,30.995,279000,28.26
2015-03-12,29.98,30.78,29.80,30.70,285500,27.991
2015-03-11,29.80,29.975,29.455,29.865,349500,27.23
2015-03-10,29.30,29.755,29.00,29.66,426600,27.043
2015-03-09,29.235,29.295,29.00,29.18,122800,26.605
2015-03-06,29.00,29.23,28.865,29.19,129300,26.614
2015-03-05,28.75,28.965,28.595,28.895,134100,26.345
2015-03-04,28.60,28.60,27.905,28.59,264900,26.067
2015-03-03,28.88,28.995,28.47,28.505,124500,25.99
2015-03-02,28.70,28.88,28.595,28.79,142800,26.25
2015-02-27,28.50,28.75,28.50,28.685,213300,26.154
2015-02-26,28.335,28.55,28.28,28.50,151500,25.985
2015-02-25,28.20,28.54,28.175,28.39,195500,25.885
2015-02-24,27.965,28.185,27.82,28.07,173900,25.593
2015-02-23,27.90,28.00,27.725,27.95,186400,25.484
2015-02-20,27.60,27.885,27.505,27.705,134000,25.26
2015-02-19,27.58,27.64,27.365,27.545,80400,25.114
2015-02-18,27.60,27.685,27.495,27.65,81300,25.21
2015-02-17,27.30,27.425,27.06,27.425,103100,25.005
2015-02-16,27.60,27.60,27.25,27.45,136500,25.028
2015-02-13,27.315,27.785,27.31,27.63,201700,25.192
2015-02-12,27.38,27.47,27.215,27.30,145800,24.891
2015-02-11,27.445,27.48,27.09,27.20,78100,24.80
2015-02-10,27.07,27.655,26.945,27.485,187300,25.06
2015-02-09,27.43,27.43,26.985,27.085,193400,24.695
2015-02-06,27.27,27.53,27.12,27.445,91200,25.023
2015-02-05,27.24,27.42,26.91,27.345,141700,24.932
2015-02-04,27.375,27.49,27.12,27.25,118700,24.846
2015-02-03,27.35,27.67,27.185,27.45,178300,25.028
2015-02-02,27.19,27.365,27.005,27.155,124700,24.759
2015-01-30,27.155,27.245,26.91,27.01,160100,24.627
2015-01-29,27.04,27.235,26.905,27.17,167000,24.773
2015-01-28,27.10,27.285,27.005,27.23,119400,24.827
2015-01-27,27.20,27.325,26.935,27.08,192200,24.691
2015-01-26,26.40,27.315,26.285,27.20,320400,24.80
2015-01-23,26.395,26.875,26.345,26.625,526600,24.276
2015-01-22,25.89,26.30,25.855,26.215,255300,23.902
2015-01-21,25.72,25.785,25.495,25.77,160300,23.496
2015-01-20,25.38,25.77,25.35,25.65,212600,23.387
2015-01-19,25.76,25.76,25.035,25.42,394700,23.177
2015-01-16,25.10,25.80,24.98,25.66,252300,23.396
2015-01-15,25.45,25.53,24.90,25.08,318000,22.867
2015-01-14,25.225,25.405,25.02,25.30,139900,23.068
2015-01-13,25.40,25.475,25.29,25.35,124500,23.113
2015-01-12,25.50,25.675,25.25,25.415,106200,23.172
2015-01-09,25.38,25.60,25.245,25.395,150900,23.154
2015-01-08,25.10,25.50,24.975,25.49,121500,23.241
2015-01-07,24.87,24.98,24.61,24.785,103800,22.598
2015-01-06,24.85,24.86,24.52,24.65,138900,22.475
2015-01-05,25.34,25.40,24.705,24.785,126200,22.598
2015-01-02,25.50,25.58,25.25,25.35,101500,23.113
2015-01-01,25.27,25.27,25.27,25.27,000,23.04
2014-12-31,25.27,25.27,25.27,25.27,000,23.04
2014-12-30,25.35,25.46,25.145,25.27,72300,23.04
2014-12-29,25.56,25.78,25.34,25.56,132300,23.305
2014-12-26,25.725,25.725,25.725,25.725,000,23.455
2014-12-25,25.725,25.725,25.725,25.725,000,23.455
2014-12-24,25.725,25.725,25.725,25.725,000,23.455
2014-12-23,25.30,25.915,25.275,25.725,216100,23.455
2014-12-22,25.10,25.445,24.875,25.22,219300,22.995
2014-12-19,24.95,25.035,24.76,24.94,256600,22.739
2014-12-18,24.80,25.25,24.445,24.76,290700,22.575
2014-12-17,24.36,24.575,24.34,24.495,130100,22.334
2014-12-16,24.27,24.61,23.80,24.55,225500,22.384
2014-12-15,24.61,24.795,24.08,24.08,321100,21.955
2014-12-12,24.905,25.03,24.50,24.54,205800,22.375
2014-12-11,24.975,25.085,24.93,25.00,167500,22.794
2014-12-10,25.19,25.24,24.825,24.86,244800,22.666
2014-12-09,25.35,25.41,24.95,25.00,147500,22.794
2014-12-08,25.60,25.65,25.43,25.49,116100,23.241
2014-12-05,25.40,25.63,25.355,25.615,154400,23.355
2014-12-04,25.20,25.465,25.20,25.29,159000,23.058
2014-12-03,25.11,25.415,25.11,25.22,195600,22.995
2014-12-02,25.01,25.19,24.925,25.175,276600,22.954
2014-12-01,25.115,25.20,24.865,24.955,123400,22.753
2014-11-28,25.20,25.225,24.99,25.085,220000,22.872
2014-11-27,25.05,25.245,24.81,25.16,216700,22.94
2014-11-26,24.99,25.075,24.77,24.96,147200,22.758
2014-11-25,25.20,25.20,24.85,24.94,192700,22.739
2014-11-24,25.17,25.31,24.925,25.20,239800,22.976
2014-11-21,24.80,25.12,24.635,24.945,187600,22.744
2014-11-20,24.84,24.855,24.56,24.73,151600,22.548
2014-11-19,24.745,24.86,24.455,24.80,184800,22.612
2014-11-18,24.30,24.81,24.30,24.695,243700,22.516
2014-11-17,24.185,24.185,23.80,24.135,271300,22.005
2014-11-14,24.28,24.615,23.96,24.23,488900,22.092
2014-11-13,25.50,25.60,24.335,24.335,777900,22.188
2014-11-12,26.01,26.24,25.86,25.94,132000,23.651
2014-11-11,26.15,26.285,26.10,26.25,117400,23.934
2014-11-10,25.88,26.08,25.815,26.075,106600,23.774
2014-11-07,25.955,25.98,25.60,25.815,141500,23.537
2014-11-06,25.80,25.94,25.55,25.75,140900,23.478
2014-11-05,25.50,25.90,25.36,25.88,169900,23.596
2014-11-04,25.30,25.645,25.15,25.16,207200,22.94
2014-11-03,25.73,25.73,25.09,25.15,119000,22.931
2014-10-31,25.55,25.73,25.425,25.715,82400,23.446
2014-10-30,25.45,25.45,24.82,25.415,99800,23.172
2014-10-29,25.45,25.455,25.13,25.25,98900,23.022
2014-10-28,25.04,25.37,25.04,25.24,103600,23.013
2014-10-27,25.45,25.45,24.905,25.14,124000,22.922
2014-10-24,25.145,25.30,25.025,25.24,146000,23.013
2014-10-23,24.975,25.455,24.82,25.21,133000,22.986
2014-10-22,24.855,25.085,24.71,25.065,109800,22.853
2014-10-21,24.30,24.77,24.30,24.75,139300,22.566
2014-10-20,24.89,24.89,24.375,24.43,99800,22.274
2014-10-17,24.315,24.90,24.04,24.895,185100,22.698
2014-10-16,24.56,24.645,23.355,24.075,362800,21.951
2014-10-15,24.92,25.00,24.51,24.51,134000,22.347
2014-10-14,24.87,24.97,24.63,24.875,122900,22.68
2014-10-13,24.815,25.33,24.745,25.01,139300,22.803
2014-10-10,25.44,25.44,24.67,25.11,245800,22.894
2014-10-09,25.55,25.74,25.38,25.47,133500,23.223
2014-10-08,25.545,25.72,25.235,25.50,150800,23.25
2014-10-07,25.82,25.99,25.645,25.80,84200,23.523
2014-10-06,26.275,26.275,25.84,25.925,58300,23.637
2014-10-03,25.89,25.89,25.89,25.89,000,23.606
2014-10-02,26.29,26.295,25.84,25.89,102800,23.606
2014-10-01,26.305,26.435,26.11,26.265,61400,23.947
2014-09-30,26.23,26.39,26.055,26.345,90800,24.02
2014-09-29,26.65,26.86,26.165,26.19,111300,23.879
2014-09-26,26.90,26.96,26.505,26.675,76500,24.321
2014-09-25,27.155,27.40,26.825,26.915,96900,24.54
2014-09-24,27.00,27.285,26.82,27.23,108300,24.827
2014-09-23,27.07,27.29,26.955,26.955,87900,24.577
2014-09-22,26.95,27.27,26.91,27.15,139700,24.754
2014-09-19,26.85,27.00,26.725,26.95,238600,24.572
2014-09-18,26.785,26.85,26.52,26.73,140100,24.371
2014-09-17,26.575,26.74,26.465,26.605,69000,24.257
2014-09-16,26.135,26.465,26.02,26.40,146700,24.071
2014-09-15,26.36,26.445,26.025,26.195,76700,23.884
2014-09-12,26.50,26.62,26.365,26.455,69200,24.121
2014-09-11,26.79,26.81,26.50,26.59,27100,24.244
2014-09-10,26.69,26.73,26.54,26.64,45600,24.289
2014-09-09,26.865,26.905,26.60,26.80,73700,24.435
2014-09-08,26.96,26.985,26.75,26.90,41800,24.526
2014-09-05,26.90,26.98,26.775,26.815,70500,24.449
2014-09-04,26.80,26.95,26.73,26.80,66600,24.435
2014-09-03,26.70,26.895,26.57,26.81,68600,24.444
2014-09-02,26.56,26.65,26.40,26.515,48100,24.175
2014-09-01,26.395,26.52,26.30,26.43,49900,24.098
2014-08-29,26.355,26.445,26.29,26.425,101400,24.093
2014-08-28,26.65,26.65,26.365,26.365,124600,24.039
2014-08-27,26.84,26.84,26.42,26.645,105900,24.294
2014-08-26,26.74,26.80,26.44,26.765,56300,24.403
2014-08-25,26.66,26.755,26.40,26.59,49400,24.244
2014-08-22,26.65,26.715,26.225,26.46,62200,24.125
2014-08-21,26.40,26.65,26.40,26.65,57200,24.298
2014-08-20,26.50,26.585,26.135,26.415,112900,24.084
2014-08-19,26.51,26.85,26.38,26.48,114600,24.143
2014-08-18,26.07,26.49,25.945,26.45,138900,24.116
2014-08-15,26.15,26.335,25.87,25.89,80500,23.606
2014-08-14,25.70,26.19,25.69,26.095,69900,23.792
2014-08-13,25.895,25.92,25.755,25.835,43700,23.555
2014-08-12,25.90,25.90,25.72,25.735,60800,23.464
2014-08-11,25.515,25.865,25.49,25.795,79800,23.519
2014-08-08,25.45,25.495,24.70,25.34,260600,23.104
2014-08-07,25.805,25.895,25.56,25.65,141300,23.387
2014-08-06,26.025,26.025,25.58,25.805,217100,23.528
2014-08-05,26.19,26.19,25.90,26.00,152800,23.706
2014-08-04,26.085,26.16,25.845,26.16,144000,23.852
2014-08-01,26.40,26.405,25.25,26.08,390300,23.779
2014-07-31,27.00,27.275,26.465,26.645,202200,24.294
2014-07-30,27.21,27.235,26.74,27.09,136900,24.70
2014-07-29,27.00,27.03,26.75,26.785,52200,24.422
2014-07-28,27.00,27.02,26.75,26.885,76400,24.513
2014-07-25,27.16,27.32,26.895,26.91,109900,24.536
2014-07-24,27.00,27.735,26.94,27.365,179800,24.95
2014-07-23,27.00,27.20,26.865,27.005,95700,24.622
2014-07-22,27.05,27.14,26.88,27.00,135300,24.618
2014-07-21,27.10,27.26,26.90,27.10,104200,24.709
2014-07-18,27.21,27.475,27.14,27.255,116800,24.85
2014-07-17,27.10,27.52,27.00,27.35,121900,24.937
2014-07-16,27.35,27.39,27.145,27.245,130400,24.841
2014-07-15,26.90,27.375,26.90,27.305,161900,24.896
2014-07-14,26.775,27.175,26.635,26.975,132300,24.595
2014-07-11,26.65,26.785,26.54,26.62,179700,24.271
2014-07-10,26.705,26.795,26.335,26.45,129000,24.116
2014-07-09,26.60,26.75,26.105,26.75,183900,24.39
2014-07-08,26.66,26.68,26.33,26.60,87300,24.253
2014-07-07,26.705,27.10,26.705,26.74,125300,24.381
2014-07-04,26.73,26.845,26.59,26.74,100000,24.381
2014-07-03,26.275,26.755,26.275,26.755,109400,24.394
2014-07-02,26.38,26.38,26.06,26.295,76800,23.975
2014-07-01,26.00,26.375,25.905,26.325,178000,24.002
2014-06-30,25.54,25.655,25.205,25.60,182200,23.341
2014-06-27,25.25,25.46,25.22,25.405,97400,23.163
2014-06-26,25.50,25.54,25.01,25.235,231200,23.008
2014-06-25,25.50,25.57,25.27,25.49,146600,23.241
2014-06-24,25.30,25.53,25.30,25.44,71700,23.195
2014-06-23,25.26,25.47,25.08,25.35,73900,23.113
2014-06-20,25.51,25.63,25.23,25.23,141900,23.004
2014-06-19,25.54,25.65,25.425,25.50,144000,23.25
2014-06-18,25.50,25.63,25.46,25.46,170000,23.213
2014-06-17,25.645,25.645,25.42,25.50,172400,23.25
2014-06-16,25.75,25.83,25.415,25.415,133200,23.172
2014-06-13,25.90,25.97,25.70,25.75,166100,23.478
2014-06-12,25.90,26.18,25.895,25.97,129800,23.678
2014-06-11,26.085,26.185,25.875,26.00,233200,23.706
2014-06-10,26.20,26.295,26.04,26.12,110600,23.815
2014-06-09,26.215,26.215,26.05,26.155,60000,23.847
2014-06-06,26.15,26.22,26.045,26.115,88700,23.811
2014-06-05,26.03,26.28,25.945,26.055,145800,23.756
2014-06-04,26.15,26.26,25.875,26.03,130500,23.733
2014-06-03,26.34,26.47,26.15,26.24,112200,23.925
2014-06-02,26.615,26.65,26.30,26.385,143500,24.057
2014-05-30,26.70,26.70,26.365,26.565,96600,24.221
2014-05-29,26.80,26.925,26.59,26.70,50800,24.344
2014-05-28,27.055,27.12,26.705,26.73,162800,24.371
2014-05-27,26.655,27.00,26.485,26.88,181500,24.508
2014-05-26,26.445,26.675,26.21,26.505,96000,24.166
2014-05-23,26.19,26.335,26.00,26.33,94700,24.007
2014-05-22,26.185,26.30,26.105,26.11,60400,23.806
2014-05-21,26.06,26.215,25.985,26.075,114700,23.774
2014-05-20,26.03,26.145,25.95,26.03,134800,23.733
2014-05-19,25.89,26.115,25.89,26.015,82300,23.719
2014-05-16,25.87,26.125,25.80,26.00,112400,23.706
2014-05-15,26.47,26.79,25.695,25.76,209000,23.487
2014-05-14,26.285,26.48,26.195,26.44,104600,24.107
2014-05-13,26.30,26.44,26.115,26.15,130600,23.843
2014-05-12,26.47,26.50,26.03,26.155,281400,23.847
2014-05-09,26.355,26.625,26.325,26.385,193600,24.057
2014-05-08,27.76,27.93,27.41,27.645,281400,24.112
2014-05-07,27.64,27.95,27.51,27.85,140500,24.29
2014-05-06,27.50,27.745,27.41,27.645,143000,24.112
2014-05-05,27.605,27.68,27.25,27.465,140700,23.955
2014-05-02,27.75,27.75,27.10,27.54,195000,24.02
2014-05-01,27.555,27.555,27.555,27.555,000,24.033
2014-04-30,27.75,27.79,27.405,27.555,133300,24.033
2014-04-29,27.40,27.70,27.38,27.68,145600,24.142
2014-04-28,27.235,27.375,27.01,27.25,126800,23.767
2014-04-25,27.25,27.43,27.04,27.16,106100,23.689
2014-04-24,27.255,27.405,27.03,27.20,182700,23.723
2014-04-23,27.255,27.305,26.955,27.02,148700,23.566
2014-04-22,26.99,27.30,26.93,27.155,155800,23.684
2014-04-21,26.91,26.91,26.91,26.91,000,23.47
2014-04-18,26.91,26.91,26.91,26.91,000,23.47
2014-04-17,26.535,26.935,26.39,26.91,166400,23.47
2014-04-16,26.315,26.59,26.225,26.37,85100,23.00
2014-04-15,26.50,26.60,26.165,26.205,110300,22.856
2014-04-14,26.335,26.57,26.105,26.44,150500,23.061
2014-04-11,26.00,26.59,25.95,26.40,201000,23.026
2014-04-10,26.65,26.715,26.27,26.47,173400,23.087
2014-04-09,26.38,26.635,26.38,26.595,104900,23.196
2014-04-08,26.63,26.64,26.135,26.305,159100,22.943
2014-04-07,26.625,26.825,26.365,26.50,208400,23.113
2014-04-04,26.81,26.84,26.45,26.61,377000,23.209
2014-04-03,26.24,26.32,25.97,26.13,165500,22.79
2014-04-02,26.32,26.50,26.17,26.26,135700,22.904
2014-04-01,26.315,26.40,26.12,26.28,157900,22.921
2014-03-31,26.355,26.50,26.005,26.11,203700,22.773
2014-03-28,25.95,26.265,25.835,26.21,290000,22.86
2014-03-27,25.70,25.95,25.565,25.88,160000,22.572
2014-03-26,25.735,25.835,25.565,25.745,248400,22.454
2014-03-25,25.485,25.75,25.455,25.67,193300,22.389
2014-03-24,25.40,25.635,25.18,25.18,245700,21.962
2014-03-21,25.00,25.045,24.855,25.00,226500,21.805
2014-03-20,24.865,24.935,24.51,24.925,152100,21.739
2014-03-19,25.20,25.20,24.90,25.00,125900,21.805
2014-03-18,24.88,25.40,24.83,25.105,136600,21.896
2014-03-17,24.54,24.915,24.405,24.855,88800,21.678
2014-03-14,24.48,24.605,24.30,24.435,130000,21.312
2014-03-13,24.895,24.895,24.495,24.495,102200,21.364
2014-03-12,24.97,25.07,24.65,24.84,70900,21.665
2014-03-11,25.025,25.175,24.88,24.95,86700,21.761
2014-03-10,25.06,25.09,24.815,24.87,128700,21.691
2014-03-07,25.35,25.35,24.985,24.985,90100,21.792
2014-03-06,25.30,25.34,25.13,25.25,96100,22.023
2014-03-05,25.10,25.30,25.07,25.25,134400,22.023
2014-03-04,24.80,25.40,24.715,25.17,217600,21.953
2014-03-03,24.80,24.90,24.60,24.60,137500,21.456
2014-02-28,25.24,25.28,25.025,25.21,118300,21.988
2014-02-27,25.255,25.345,25.025,25.23,100900,22.005
2014-02-26,25.19,25.395,25.13,25.32,101700,22.084
2014-02-25,25.305,25.485,25.06,25.175,99100,21.957
2014-02-24,25.20,25.49,25.10,25.49,90500,22.232
2014-02-21,25.20,25.235,25.045,25.215,81100,21.992
2014-02-20,25.17,25.19,24.955,25.16,107100,21.944
2014-02-19,25.02,25.265,24.98,25.15,149600,21.935
2014-02-18,25.33,25.40,24.865,25.02,164200,21.822
2014-02-17,24.60,25.48,24.60,25.10,356700,21.892
2014-02-14,24.45,24.525,24.30,24.50,171500,21.369
2014-02-13,24.30,24.49,24.17,24.375,155000,21.259
2014-02-12,24.745,24.745,24.33,24.39,214300,21.273
2014-02-11,24.20,24.615,24.17,24.615,296900,21.469
2014-02-10,24.195,24.20,24.01,24.20,160700,21.107
2014-02-07,23.97,24.07,23.92,24.05,178800,20.976
2014-02-06,24.10,24.10,23.705,23.92,122900,20.863
2014-02-05,23.60,23.75,23.48,23.715,125300,20.684
2014-02-04,23.50,23.71,23.37,23.565,156700,20.553
2014-02-03,23.635,23.825,23.51,23.51,106300,20.505
2014-01-31,23.90,23.90,23.465,23.76,202600,20.723
2014-01-30,23.89,23.90,23.70,23.795,136400,20.754
2014-01-29,24.19,24.19,23.72,23.73,236900,20.697
2014-01-28,23.63,23.98,23.525,23.885,137700,20.832
2014-01-27,24.00,24.03,23.245,23.55,347500,20.54
2014-01-24,24.57,24.645,23.81,23.93,375300,20.871
2014-01-23,24.765,24.765,24.42,24.50,221500,21.369
2014-01-22,24.90,25.00,24.63,24.73,204500,21.569
2014-01-21,25.16,25.255,24.81,24.90,227800,21.717
2014-01-20,25.10,25.20,24.965,25.035,203900,21.835
2014-01-17,25.14,25.20,24.96,25.055,168500,21.853
2014-01-16,24.21,25.165,24.21,25.07,304200,21.866
2014-01-15,24.75,24.865,24.59,24.625,231900,21.478
2014-01-14,24.40,24.505,24.14,24.505,174900,21.373
2014-01-13,24.60,24.76,24.25,24.39,176800,21.273
2014-01-10,24.60,24.835,24.42,24.50,103900,21.369
2014-01-09,24.76,24.76,24.41,24.60,123200,21.456
2014-01-08,24.90,24.91,24.50,24.615,108700,21.469
2014-01-07,25.05,25.05,24.655,24.785,99300,21.617
2014-01-06,24.80,25.08,24.62,24.88,81700,21.70
2014-01-03,24.695,24.80,24.56,24.80,135900,21.63
2014-01-02,24.70,24.825,24.55,24.695,172000,21.539
2014-01-01,24.65,24.65,24.65,24.65,000,21.499
2013-12-31,24.65,24.65,24.65,24.65,000,21.499
2013-12-30,24.65,24.68,24.505,24.65,69500,21.499
2013-12-27,24.50,24.90,24.36,24.85,255200,21.674
2013-12-26,24.50,24.50,24.50,24.50,000,21.369
2013-12-25,24.50,24.50,24.50,24.50,000,21.369
2013-12-24,24.50,24.50,24.50,24.50,000,21.369
2013-12-23,24.55,24.59,24.345,24.50,153600,21.369
2013-12-20,24.255,24.62,24.225,24.405,188500,21.286
2013-12-19,24.51,24.645,24.15,24.415,138300,21.294
2013-12-18,24.16,24.48,24.16,24.32,79100,21.212
2013-12-17,24.585,24.585,24.165,24.215,92000,21.12
2013-12-16,24.20,24.55,24.20,24.475,99600,21.347
2013-12-13,24.115,24.25,24.05,24.145,57900,21.059
2013-12-12,24.375,24.54,24.085,24.17,109800,21.081
2013-12-11,24.39,24.49,24.285,24.30,80900,21.194
2013-12-10,24.66,24.845,24.41,24.46,92800,21.334
2013-12-09,24.55,24.68,24.40,24.65,96100,21.499
2013-12-06,24.14,24.455,24.125,24.45,89700,21.325
2013-12-05,24.10,24.38,24.065,24.145,77100,21.059
2013-12-04,24.25,24.425,24.02,24.18,152000,21.089
2013-12-03,24.655,24.865,24.03,24.25,227400,21.15
2013-12-02,24.60,24.745,24.60,24.60,119600,21.456
2013-11-29,24.375,24.70,24.33,24.60,125600,21.456
2013-11-28,24.39,24.65,24.32,24.46,69900,21.334
2013-11-27,24.65,24.65,24.30,24.41,136400,21.29
2013-11-26,24.595,24.735,24.485,24.575,172800,21.434
2013-11-25,24.66,24.75,24.435,24.595,246900,21.451
2013-11-22,24.755,24.845,24.545,24.545,199400,21.408
2013-11-21,24.86,24.945,24.715,24.73,132400,21.569
2013-11-20,25.115,25.115,24.85,24.885,118400,21.704
2013-11-19,25.21,25.285,24.955,25.065,134100,21.861
2013-11-18,25.38,25.49,25.13,25.20,132100,21.979
2013-11-15,25.10,25.325,25.10,25.28,163000,22.049
2013-11-14,24.65,25.285,24.30,25.08,366200,21.874
2013-11-13,25.50,25.555,25.00,25.30,166100,22.066
2013-11-12,25.47,25.695,25.405,25.52,88000,22.258
2013-11-11,25.60,25.675,25.39,25.42,109300,22.171
2013-11-08,25.60,25.695,25.315,25.525,79500,22.263
2013-11-07,25.60,25.895,25.60,25.71,162100,22.424
2013-11-06,25.30,25.70,25.23,25.70,145500,22.415
2013-11-05,25.33,25.50,25.08,25.23,94100,22.005
2013-11-04,25.30,25.47,25.01,25.30,118800,22.066
2013-11-01,25.30,25.30,25.00,25.02,57700,21.822
2013-10-31,25.33,25.33,25.00,25.265,73500,22.036
2013-10-30,25.235,25.54,25.20,25.255,66900,22.027
2013-10-29,24.90,25.13,24.85,25.06,94700,21.857
2013-10-28,25.35,25.395,24.785,24.90,175900,21.717
2013-10-25,25.55,25.55,25.24,25.30,96000,22.066
2013-10-24,25.60,25.605,25.41,25.50,98600,22.241
2013-10-23,25.49,25.665,25.49,25.60,116100,22.328
2013-10-22,25.675,25.75,25.47,25.595,196000,22.324
2013-10-21,25.58,25.695,25.405,25.67,114000,22.389
2013-10-18,25.12,25.60,25.11,25.51,146700,22.249
2013-10-17,24.945,25.12,24.845,25.10,94500,21.892
2013-10-16,25.08,25.15,24.60,25.07,109000,21.866
2013-10-15,25.15,25.20,25.00,25.18,101800,21.962
2013-10-14,24.70,25.25,24.70,24.945,92000,21.757
2013-10-11,24.85,25.00,24.685,24.82,104600,21.648
2013-10-10,24.51,24.895,24.46,24.80,93300,21.63
2013-10-09,24.50,24.675,24.305,24.365,42400,21.251
2013-10-08,24.73,24.865,24.54,24.59,37900,21.447
2013-10-07,24.88,24.97,24.43,24.60,82200,21.456
2013-10-04,24.93,25.00,24.655,24.845,34900,21.669
2013-10-03,24.80,24.98,24.68,24.91,71000,21.726
2013-10-02,24.59,24.82,24.59,24.75,89300,21.587
2013-10-01,24.80,24.80,24.335,24.695,143700,21.539
2013-09-30,24.80,25.14,24.675,24.90,145600,21.717
2013-09-27,25.10,25.22,24.825,24.855,129300,21.678
2013-09-26,24.99,25.11,24.87,25.08,158100,21.874
2013-09-25,24.80,25.00,24.65,24.99,158000,21.796
2013-09-24,24.50,24.945,24.46,24.765,51400,21.60
2013-09-23,24.35,24.73,24.30,24.51,81400,21.377
2013-09-20,24.79,24.79,24.035,24.27,320100,21.168
2013-09-19,25.19,25.25,24.505,24.715,145200,21.556
2013-09-18,24.65,25.085,24.54,25.06,175100,21.857
2013-09-17,24.50,24.70,24.405,24.575,87600,21.434
2013-09-16,24.46,24.66,24.21,24.545,92100,21.408
2013-09-13,24.11,24.30,24.015,24.25,39200,21.15
2013-09-12,24.17,24.23,24.005,24.11,61900,21.028
2013-09-11,24.35,24.39,24.105,24.21,93200,21.116
2013-09-10,24.25,24.42,24.15,24.35,139300,21.238
2013-09-09,23.74,24.195,23.70,24.12,135000,21.037
2013-09-06,23.95,24.00,23.205,23.68,241600,20.653
2013-09-05,23.85,24.30,23.85,24.11,189100,21.028
2013-09-04,23.85,24.015,23.55,23.865,148000,20.815
2013-09-03,23.96,24.30,23.805,23.955,191800,20.893
2013-09-02,24.305,24.40,23.90,23.93,181400,20.871
2013-08-30,24.41,24.63,24.075,24.10,118000,21.02
2013-08-29,24.195,24.49,23.975,24.385,205800,21.268
2013-08-28,24.01,24.235,23.905,24.105,163800,21.024
2013-08-27,24.48,24.58,24.105,24.145,173200,21.059
2013-08-26,24.73,24.75,24.32,24.50,105500,21.369
2013-08-23,24.50,24.86,24.32,24.72,182700,21.56
2013-08-22,24.26,24.55,24.20,24.37,150900,21.255
2013-08-21,24.30,24.37,24.07,24.165,87400,21.076
2013-08-20,24.14,24.26,23.72,24.26,136100,21.159
2013-08-19,24.325,24.45,24.05,24.35,122900,21.238
2013-08-16,24.045,24.35,23.92,24.27,132000,21.168
2013-08-15,24.20,24.20,23.84,24.035,253900,20.963
2013-08-14,25.00,25.19,24.03,24.16,379600,21.072
2013-08-13,24.20,24.48,24.05,24.43,101200,21.307
2013-08-12,24.40,24.495,24.14,24.20,101500,21.107
2013-08-09,24.315,24.50,24.145,24.50,116700,21.369
2013-08-08,24.405,24.54,24.09,24.315,232700,21.207
2013-08-07,23.83,24.54,23.83,24.415,163900,21.294
2013-08-06,24.055,24.50,23.805,24.005,164500,20.937
2013-08-05,24.20,24.50,24.18,24.18,152400,21.089
2013-08-02,24.045,24.35,24.04,24.195,191500,21.102
2013-08-01,23.695,24.20,23.695,24.085,161000,21.007
2013-07-31,23.74,24.10,23.60,23.695,165800,20.666
2013-07-30,24.175,24.25,23.755,23.80,170000,20.758
2013-07-29,24.00,24.28,24.00,24.10,138400,21.02
2013-07-26,24.105,24.29,23.91,23.995,168300,20.928
2013-07-25,23.96,24.11,23.445,24.06,305500,20.985
2013-07-24,23.25,23.70,23.25,23.66,320200,20.636
2013-07-23,23.10,23.65,23.05,23.205,244000,20.239
2013-07-22,23.00,23.14,22.91,23.00,199100,20.06
2013-07-19,23.11,23.11,22.90,23.00,220200,20.06
2013-07-18,23.00,23.25,22.91,23.075,171700,20.126
2013-07-17,22.995,23.105,22.825,22.96,207900,20.025
2013-07-16,23.005,23.20,22.98,22.99,120600,20.052
2013-07-15,23.205,23.34,22.95,23.10,139300,20.147
2013-07-12,22.80,23.135,22.79,23.10,280800,20.147
2013-07-11,23.15,23.23,22.625,22.64,570500,19.746
2013-07-10,23.03,23.10,22.60,23.00,324500,20.06
2013-07-09,23.015,23.16,22.895,23.02,265000,20.078
2013-07-08,22.85,23.05,22.70,22.80,258300,19.886
2013-07-05,23.00,23.225,22.855,22.90,373300,19.973
2013-07-04,22.91,23.095,22.82,22.985,407700,20.047
2013-07-03,22.935,22.985,22.285,22.80,540700,19.886
2013-07-02,23.50,23.59,22.52,22.99,1972900,20.052
2013-07-01,24.205,24.65,24.205,24.50,126300,21.369
2013-06-28,24.35,24.59,24.085,24.255,91600,21.155
2013-06-27,24.40,24.51,24.185,24.46,84100,21.334
2013-06-26,23.80,24.35,23.66,24.29,85900,21.185
2013-06-25,23.21,24.005,23.16,23.77,118800,20.732
2013-06-24,24.01,24.15,23.01,23.055,339200,20.108
2013-06-21,24.60,24.90,24.10,24.10,656000,21.02
2013-06-20,25.10,25.23,24.275,24.53,348500,21.395
2013-06-19,25.44,25.80,25.11,25.555,202400,22.289
2013-06-18,25.45,25.45,25.095,25.405,76400,22.158
2013-06-17,25.15,25.575,25.15,25.425,85900,22.175
2013-06-14,24.745,25.30,24.675,25.11,120000,21.901
2013-06-13,24.805,24.895,24.02,24.705,268300,21.547
2013-06-12,24.55,25.15,24.465,25.025,179900,21.826
2013-06-11,25.02,25.04,24.30,24.585,160400,21.443
2013-06-10,24.50,24.97,24.50,24.94,179400,21.752
2013-06-07,24.595,24.64,24.045,24.52,138800,21.386
2013-06-06,24.665,24.665,23.95,24.57,352400,21.43
2013-06-05,25.30,25.50,24.75,24.81,181000,21.639
2013-06-04,25.18,25.595,24.81,25.50,115900,22.241
2013-06-03,25.88,26.00,24.90,25.22,228300,21.996
2013-05-31,25.995,26.195,25.45,25.765,115900,22.472
2013-05-30,25.585,25.88,25.55,25.88,101400,22.572
2013-05-29,25.66,25.70,25.30,25.48,214400,22.223
2013-05-28,25.205,25.56,25.20,25.52,213300,22.258
2013-05-27,24.89,25.35,24.76,24.95,172600,21.761
2013-05-24,24.40,24.89,24.40,24.70,160500,21.543
2013-05-23,24.40,24.50,24.10,24.435,153300,21.312
2013-05-22,24.40,24.80,24.25,24.79,133800,21.621
2013-05-21,24.40,24.58,24.075,24.275,136000,21.172
2013-05-20,24.10,24.35,23.91,24.35,77300,21.238
2013-05-17,23.70,24.05,23.70,23.86,111900,20.81
2013-05-16,23.595,23.995,23.38,23.775,153800,20.736
2013-05-15,23.88,24.075,23.20,23.55,215100,20.54
2013-05-14,23.80,23.80,23.38,23.66,116800,20.636
2013-05-13,23.90,23.90,23.46,23.785,126400,20.745
2013-05-10,24.00,24.23,23.55,23.90,143600,20.845
2013-05-09,24.00,24.09,23.84,24.02,38600,20.95
2013-05-08,24.50,24.50,23.82,24.03,93100,20.959
2013-05-07,23.69,24.30,23.67,24.275,233800,21.172
2013-05-06,24.70,24.80,24.40,24.585,153400,21.443
2013-05-03,24.39,24.68,24.35,24.545,125500,21.408
2013-05-02,24.50,24.595,24.17,24.30,134200,21.194
2013-05-01,24.635,24.635,24.635,24.635,000,21.486
2013-04-30,24.15,24.70,24.00,24.635,214200,21.486
2013-04-29,24.05,24.40,24.05,24.165,187500,21.076
2013-04-26,24.00,24.10,23.90,24.01,139500,20.941
2013-04-25,23.605,24.105,23.525,24.00,218900,20.932
2013-04-24,23.65,23.915,23.52,23.775,169300,20.736
2013-04-23,23.90,23.90,23.535,23.57,178700,20.557
2013-04-22,23.60,23.88,23.365,23.88,153900,20.828
2013-04-19,23.585,23.585,23.295,23.45,166100,20.453
2013-04-18,23.70,23.95,23.48,23.65,154600,20.627
2013-04-17,23.76,24.16,23.465,23.65,197600,20.627
2013-04-16,23.74,24.01,23.50,23.84,91400,20.793
2013-04-15,23.66,23.95,23.555,23.75,91100,20.714
2013-04-12,23.76,23.79,23.47,23.655,75600,20.632
2013-04-11,23.70,23.82,23.60,23.76,134600,20.723
2013-04-10,23.65,23.90,23.485,23.665,137000,20.64
2013-04-09,23.25,23.80,23.25,23.615,66600,20.597
2013-04-08,23.37,23.70,23.20,23.33,64700,20.348
2013-04-05,23.76,23.785,23.07,23.17,114000,20.209
2013-04-04,23.75,24.00,23.515,23.55,119800,20.54
2013-04-03,23.75,23.85,23.55,23.75,106300,20.714
2013-04-02,23.75,23.85,23.47,23.78,125800,20.741
2013-04-01,23.555,23.555,23.555,23.555,000,20.544
2013-03-29,23.555,23.555,23.555,23.555,000,20.544
2013-03-28,23.40,23.75,23.31,23.555,127200,20.544
2013-03-27,23.80,23.80,23.21,23.245,140000,20.274
2013-03-26,23.195,24.135,23.195,23.70,136400,20.671
2013-03-25,24.05,24.16,22.885,23.00,226200,20.06
2013-03-22,23.79,24.40,23.58,23.84,184100,20.793
2013-03-21,22.88,23.785,22.415,23.665,223800,20.64
2013-03-20,23.05,23.695,23.05,23.49,73900,20.488
2013-03-19,23.55,23.55,22.98,23.085,147300,20.134
2013-03-18,23.50,23.59,23.20,23.575,161100,20.562
2013-03-15,24.58,24.88,23.77,23.83,256000,20.784
2013-03-14,23.75,24.50,23.745,24.45,242500,21.325
2013-03-13,23.25,23.72,23.14,23.65,76500,20.627
2013-03-12,23.40,23.49,23.075,23.195,99100,20.23
2013-03-11,23.325,23.50,23.275,23.34,64000,20.357
2013-03-08,23.34,23.55,23.30,23.405,114900,20.413
2013-03-07,23.55,23.69,23.175,23.30,224400,20.322
2013-03-06,22.84,23.15,22.75,23.00,121400,20.06
2013-03-05,22.06,22.845,21.915,22.73,141300,19.825
2013-03-04,22.225,22.24,21.85,22.06,154500,19.24
2013-03-01,22.56,22.56,22.225,22.25,111800,19.406
2013-02-28,22.47,22.55,22.155,22.53,111700,19.65
2013-02-27,22.55,22.65,22.20,22.40,123200,19.537
2013-02-26,22.62,22.84,22.30,22.48,103700,19.607
2013-02-25,22.715,23.115,22.665,22.86,113800,19.938
2013-02-22,22.395,22.88,22.35,22.705,76700,19.803
2013-02-21,22.85,22.90,22.08,22.36,228800,19.502
2013-02-20,23.39,23.40,22.445,22.78,190700,19.868
2013-02-19,23.40,23.50,23.215,23.34,129900,20.357
2013-02-18,23.45,23.46,23.27,23.395,106700,20.405
2013-02-15,23.50,23.545,23.27,23.27,104500,20.296
2013-02-14,23.48,23.53,23.30,23.42,158600,20.427
2013-02-13,23.15,23.50,23.115,23.40,161700,20.409
2013-02-12,22.90,23.15,22.70,22.98,138000,20.043
2013-02-11,22.78,23.00,22.75,22.935,73600,20.004
2013-02-08,22.59,22.80,22.465,22.675,75200,19.777
2013-02-07,22.535,22.65,22.38,22.50,160500,19.624
2013-02-06,22.65,22.85,22.50,22.555,139000,19.672
2013-02-05,22.75,22.845,22.60,22.60,133600,19.711
2013-02-04,22.96,23.12,22.825,22.855,137200,19.934
2013-02-01,22.65,23.195,22.65,22.90,403300,19.973
2013-01-31,22.69,22.69,22.365,22.375,134600,19.515
2013-01-30,22.96,23.00,22.565,22.68,90400,19.781
2013-01-29,22.90,23.05,22.78,22.905,129200,19.977
2013-01-28,22.90,22.92,22.70,22.75,148600,19.842
2013-01-25,22.80,22.89,22.60,22.795,148900,19.881
2013-01-24,22.755,22.95,22.50,22.78,102300,19.868
2013-01-23,22.73,22.755,22.505,22.715,235400,19.812
2013-01-22,23.00,23.05,22.425,22.635,138300,19.742
2013-01-21,22.60,22.935,22.575,22.935,143800,20.004
2013-01-18,22.50,22.69,22.40,22.49,86400,19.615
2013-01-17,22.21,22.48,22.21,22.41,136700,19.546
2013-01-16,21.90,22.25,21.80,22.17,190000,19.336
2013-01-15,22.16,22.265,21.67,21.82,281900,19.031
2013-01-14,22.54,22.60,22.15,22.25,143900,19.406
2013-01-11,22.775,22.83,22.15,22.45,146900,19.581
2013-01-10,23.095,23.17,22.35,22.58,213600,19.694
2013-01-09,22.23,23.00,22.12,22.895,143600,19.969
2013-01-08,22.49,22.49,22.02,22.18,239000,19.345
2013-01-07,22.67,22.87,22.28,22.445,224400,19.576
2013-01-04,21.97,22.56,21.81,22.56,147500,19.676
2013-01-03,21.81,22.00,21.80,21.90,125100,19.101
2013-01-02,21.90,21.97,21.75,21.85,163400,19.057
2013-01-01,21.48,21.48,21.48,21.48,000,18.735
2012-12-31,21.48,21.48,21.48,21.48,000,18.735
2012-12-28,21.99,22.05,21.42,21.48,151100,18.735
2012-12-27,21.32,21.94,21.095,21.94,236200,19.136
2012-12-26,21.30,21.30,21.30,21.30,000,18.578
2012-12-25,21.30,21.30,21.30,21.30,000,18.578
2012-12-24,21.30,21.30,21.30,21.30,000,18.578
2012-12-21,21.40,21.40,21.10,21.30,178000,18.578
2012-12-20,21.40,21.54,21.30,21.47,143500,18.726
2012-12-19,21.47,21.47,21.28,21.44,184700,18.70
2012-12-18,21.35,21.475,21.27,21.40,299200,18.665
2012-12-17,21.19,21.30,21.10,21.28,304400,18.56
2012-12-14,20.70,21.095,20.60,21.095,423100,18.399
2012-12-13,20.66,20.89,20.57,20.595,341300,17.963
2012-12-12,21.29,21.295,20.60,20.60,328500,17.967
2012-12-11,21.20,21.39,21.18,21.18,689900,18.473
2012-12-10,21.50,21.50,21.00,21.00,407300,18.316
2012-12-07,20.65,21.65,20.555,21.00,535500,18.316
2012-12-06,20.60,20.675,20.51,20.545,170800,17.919
2012-12-05,20.22,20.675,20.22,20.50,288200,17.88
2012-12-04,20.10,20.185,20.055,20.08,200000,17.513
2012-12-03,20.00,20.28,19.955,20.055,193300,17.492
2012-11-30,20.02,20.045,19.90,19.91,65500,17.365
2012-11-29,19.83,20.135,19.83,20.00,239800,17.444
2012-11-28,19.80,19.80,19.525,19.79,157900,17.261
2012-11-27,19.87,19.90,19.785,19.80,120700,17.269
2012-11-26,19.55,19.89,19.45,19.74,115300,17.217
2012-11-23,19.67,19.67,19.36,19.45,114200,16.964
2012-11-22,19.51,19.65,19.40,19.60,88100,17.095
2012-11-21,19.54,19.60,19.40,19.49,57800,16.999
2012-11-20,19.50,19.69,19.32,19.36,220000,16.885
2012-11-19,19.62,19.68,19.215,19.555,138300,17.056
2012-11-16,19.80,19.895,19.375,19.50,158400,17.008
2012-11-15,20.04,20.19,19.85,19.90,75000,17.356
2012-11-14,20.25,20.28,19.26,20.00,377200,17.444
2012-11-13,20.275,20.40,20.12,20.40,209100,17.793
2012-11-12,19.99,20.39,19.93,20.39,175400,17.784
2012-11-09,20.05,20.10,19.455,19.80,129500,17.269
2012-11-08,19.95,20.185,19.84,19.84,150300,17.304
2012-11-07,19.80,20.20,19.775,20.045,541200,17.483
2012-11-06,19.40,19.90,19.40,19.70,462000,17.182
2012-11-05,19.20,19.35,19.14,19.335,179400,16.864
2012-11-02,19.475,19.53,19.185,19.205,179300,16.75
2012-11-01,19.50,19.62,19.30,19.50,83500,17.008
2012-10-31,19.455,19.85,19.45,19.50,215800,17.008
2012-10-30,19.22,19.62,19.185,19.55,140100,17.051
2012-10-29,19.27,19.375,19.06,19.125,219000,16.681
2012-10-26,19.435,19.585,19.10,19.30,197200,16.833
2012-10-25,19.49,19.78,19.46,19.51,81700,17.016
2012-10-24,19.40,19.65,19.38,19.50,162300,17.008
2012-10-23,19.70,19.70,19.055,19.39,291200,16.912
2012-10-22,19.80,19.80,19.57,19.725,254700,17.204
2012-10-19,19.99,19.99,19.72,19.80,69100,17.269
2012-10-18,20.00,20.14,19.90,20.00,181300,17.444
2012-10-17,20.35,20.35,19.63,20.00,711800,17.444
2012-10-16,20.35,20.44,20.25,20.30,292700,17.705
2012-10-15,20.11,20.25,19.94,20.25,460400,17.662
2012-10-12,19.89,20.20,19.725,19.98,622300,17.426
2012-10-11,19.40,19.865,19.40,19.80,617400,17.269
2012-10-10,19.40,19.49,19.325,19.40,278200,16.92
2012-10-09,19.55,19.65,19.31,19.335,208700,16.864
2012-10-08,19.30,19.535,19.30,19.485,292600,16.995
2012-10-05,19.545,19.75,19.145,19.25,855400,16.79
2012-10-04,18.84,19.47,18.82,19.47,1458000,16.981
2012-10-03,18.45,18.785,18.39,18.75,544700,16.353
