Date,Open,High,Low,Close,Volume,Adj Close
2016-10-27,32.13,32.475,31.295,31.445,1637300,31.445
2016-10-26,32.90,32.915,32.075,32.20,1072300,32.20
2016-10-25,32.78,33.13,32.74,32.935,1102400,32.935
2016-10-24,32.805,32.98,32.615,32.76,1195600,32.76
2016-10-21,32.67,32.73,32.48,32.645,1458400,32.645
2016-10-20,32.00,32.705,31.90,32.59,1665000,32.59
2016-10-19,32.085,32.085,31.885,32.015,970700,32.015
2016-10-18,31.51,32.055,31.51,32.04,1293000,32.04
2016-10-17,31.655,31.71,31.365,31.405,1001600,31.405
2016-10-14,31.73,31.805,31.34,31.68,1274400,31.68
2016-10-13,31.12,31.615,31.04,31.60,1603300,31.60
2016-10-12,31.70,31.70,31.15,31.185,2035700,31.185
2016-10-11,32.175,32.34,31.665,31.665,1514200,31.665
2016-10-10,31.915,32.22,31.785,32.145,1331100,32.145
2016-10-07,31.685,32.22,31.50,31.82,1990000,31.82
2016-10-06,32.395,32.515,31.44,31.60,2600200,31.60
2016-10-05,33.05,33.175,32.23,32.265,2500200,32.265
2016-10-04,33.795,33.935,33.085,33.305,1860200,33.305
2016-10-03,33.705,33.705,33.705,33.705,000,33.705
2016-09-30,33.34,33.87,33.285,33.705,1718300,33.705
2016-09-29,34.585,34.72,33.665,33.75,927100,33.75
2016-09-28,34.50,34.59,34.235,34.295,657200,34.295
2016-09-27,34.285,34.485,33.925,34.485,1117300,34.485
2016-09-26,34.16,34.28,33.945,34.115,843400,34.115
2016-09-23,34.43,34.50,34.22,34.345,839900,34.345
2016-09-22,33.99,34.395,33.79,34.395,1143500,34.395
2016-09-21,34.43,34.445,33.69,33.75,1014800,33.75
2016-09-20,33.915,34.50,33.765,34.22,1068400,34.22
2016-09-19,34.365,34.475,33.575,33.865,1330600,33.865
2016-09-16,33.72,34.19,33.675,34.165,2670100,34.165
2016-09-15,33.55,33.605,33.36,33.45,831900,33.45
2016-09-14,33.475,33.70,33.30,33.53,1514900,33.53
2016-09-13,33.835,33.845,33.32,33.40,1426700,33.40
2016-09-12,32.73,33.565,32.63,33.55,2102700,33.55
2016-09-09,34.26,34.33,33.03,33.075,2305300,33.075
2016-09-08,34.95,35.11,34.34,34.40,1899400,34.40
2016-09-07,34.71,34.975,34.625,34.945,1376100,34.945
2016-09-06,34.70,34.795,34.40,34.655,1808000,34.655
2016-09-05,35.50,35.755,34.485,34.62,1936900,34.62
2016-09-02,35.155,35.50,34.985,35.40,995200,35.40
2016-09-01,35.00,35.37,34.83,34.985,1031600,34.985
2016-08-31,35.16,35.18,34.885,34.885,1176900,34.885
2016-08-30,35.675,35.795,35.13,35.185,757000,35.185
2016-08-29,35.20,35.615,34.93,35.565,457700,35.565
2016-08-26,35.50,35.65,35.155,35.425,745400,35.425
2016-08-25,35.53,35.605,35.20,35.58,798700,35.58
2016-08-24,35.965,36.05,35.595,35.66,629300,35.66
2016-08-23,36.06,36.225,35.925,36.08,602600,36.08
2016-08-22,36.185,36.335,35.54,35.915,693700,35.915
2016-08-19,36.16,36.435,35.895,36.12,900700,36.12
2016-08-18,36.025,36.165,35.875,36.00,1019200,36.00
2016-08-17,36.235,36.29,35.715,35.77,875000,35.77
2016-08-16,36.545,36.81,36.045,36.25,810400,36.25
2016-08-15,36.90,37.00,36.62,36.81,373400,36.81
2016-08-12,36.885,36.92,36.30,36.795,790700,36.795
2016-08-11,36.50,36.81,36.305,36.81,914800,36.81
2016-08-10,36.325,36.41,35.965,36.34,868700,36.34
2016-08-09,35.35,36.305,35.26,36.265,1259400,36.265
2016-08-08,35.62,35.725,35.01,35.44,1060100,35.44
2016-08-05,35.80,35.90,35.44,35.455,1197200,35.455
2016-08-04,35.55,35.69,34.765,35.69,1369500,35.69
2016-08-03,35.305,35.48,35.09,35.235,916200,35.235
2016-08-02,36.00,36.105,34.855,35.135,1432900,35.135
2016-08-01,35.84,36.185,35.365,35.56,1378700,35.56
2016-07-29,34.95,35.45,34.885,35.45,1454100,35.45
2016-07-28,34.185,34.96,34.045,34.92,1349800,34.92
2016-07-27,34.43,34.535,34.21,34.295,792400,34.295
2016-07-26,33.94,34.32,33.90,34.185,632800,34.185
2016-07-25,33.68,34.005,33.52,34.005,858500,34.005
2016-07-22,33.08,33.69,33.00,33.61,731700,33.61
2016-07-21,33.33,33.405,33.04,33.23,1242600,33.23
2016-07-20,33.455,33.69,33.355,33.56,881500,33.56
2016-07-19,33.33,33.525,33.205,33.49,633300,33.49
2016-07-18,33.40,33.565,33.135,33.37,823600,33.37
2016-07-15,33.11,33.57,32.955,33.275,1127000,33.275
2016-07-14,33.125,33.18,32.81,33.00,1096000,33.00
2016-07-13,32.485,32.81,32.335,32.765,926800,32.765
2016-07-12,32.905,33.115,32.485,32.485,1285700,32.485
2016-07-11,32.535,33.155,32.475,33.00,919300,33.00
2016-07-08,31.765,32.67,31.705,32.60,1018800,32.60
2016-07-07,32.48,32.52,31.835,31.915,1292500,31.915
2016-07-06,32.325,32.63,32.245,32.275,1225000,32.275
2016-07-05,32.48,32.625,32.245,32.565,1196300,32.565
2016-07-04,32.71,32.885,32.29,32.56,1026600,32.56
2016-07-01,33.00,33.08,32.57,32.615,1612200,32.615
2016-06-30,32.65,33.03,32.525,32.75,2133900,32.75
2016-06-29,32.44,32.73,32.305,32.685,1401600,32.685
2016-06-28,32.90,33.10,32.035,32.14,1798600,32.14
2016-06-27,32.48,32.78,32.02,32.245,2603700,32.245
2016-06-24,30.00,31.90,29.75,31.50,2749500,31.50
2016-06-23,31.875,32.65,31.595,31.795,1381600,31.795
2016-06-22,31.515,32.02,31.445,31.78,1015300,31.78
2016-06-21,31.295,31.56,31.28,31.365,1030700,31.365
2016-06-20,31.00,31.45,30.955,31.43,910300,31.43
2016-06-17,30.77,30.835,30.36,30.495,1562400,30.495
2016-06-16,30.20,30.795,30.20,30.625,1357800,30.625
2016-06-15,30.62,30.765,30.25,30.555,1035600,30.555
2016-06-14,30.875,31.085,30.345,30.405,1214900,30.405
2016-06-13,31.01,31.24,30.935,30.97,981700,30.97
2016-06-10,31.995,32.13,31.37,31.415,973800,31.415
2016-06-09,32.095,32.38,31.85,32.205,967400,32.205
2016-06-08,31.88,32.25,31.82,32.12,1261200,32.12
2016-06-07,31.425,31.96,31.365,31.96,1337800,31.96
2016-06-06,31.225,31.545,30.98,31.325,670000,31.325
2016-06-03,30.99,31.54,30.875,31.25,962000,31.25
2016-06-02,31.12,31.12,30.575,30.90,824800,30.90
2016-06-01,30.86,31.075,30.685,31.075,1082800,31.075
2016-05-31,31.195,31.25,30.795,30.805,1549300,30.805
2016-05-30,31.075,31.335,31.05,31.195,441700,31.195
2016-05-27,30.845,31.135,30.72,31.10,796100,31.10
2016-05-26,30.60,30.945,30.575,30.945,662200,30.945
2016-05-25,31.005,31.03,30.50,30.66,994400,30.66
2016-05-24,30.02,30.755,29.90,30.72,1068300,30.72
2016-05-23,30.415,30.47,30.105,30.165,973600,30.165
2016-05-20,30.105,30.38,30.00,30.265,973500,30.265
2016-05-19,30.385,30.385,29.875,29.90,900800,29.90
2016-05-18,29.895,30.425,29.705,30.40,1413200,30.40
2016-05-17,30.275,30.56,30.005,30.08,1055100,30.08
2016-05-16,29.975,29.975,29.975,29.975,000,29.975
2016-05-13,29.35,30.01,29.24,29.975,1816000,29.975
2016-05-12,30.78,30.78,29.92,30.15,1748900,29.21
2016-05-11,30.23,30.39,30.045,30.39,1007400,29.4425
2016-05-10,30.50,30.68,30.135,30.21,729400,29.2681
2016-05-09,29.785,30.685,29.745,30.32,1443000,29.3747
2016-05-06,29.575,29.745,29.475,29.63,836700,28.7062
2016-05-05,29.375,29.81,29.375,29.695,850000,28.7692
2016-05-04,29.40,29.62,29.28,29.365,841100,28.4495
2016-05-03,29.68,29.735,29.29,29.45,985700,28.5318
2016-05-02,29.315,29.83,29.315,29.81,776100,28.8806
2016-04-29,29.48,29.81,29.385,29.385,1172400,28.4689
2016-04-28,29.54,29.865,29.30,29.835,808100,28.9048
2016-04-27,29.71,29.82,29.485,29.605,883400,28.682
2016-04-26,29.625,29.88,29.42,29.585,1127100,28.6626
2016-04-25,29.52,29.82,29.395,29.45,1322200,28.5318
2016-04-22,29.695,29.82,29.345,29.40,1386600,28.4834
2016-04-21,30.63,30.69,29.625,29.675,2092800,28.7498
2016-04-20,30.91,31.085,30.635,30.635,1187300,29.6799
2016-04-19,31.155,31.185,30.895,30.975,1535000,30.0093
2016-04-18,30.765,31.12,30.755,30.945,802700,29.9802
2016-04-15,30.96,31.085,30.71,31.015,1251400,30.048
2016-04-14,31.605,31.665,30.845,30.955,1326400,29.9899
2016-04-13,31.93,31.93,31.285,31.435,1514300,30.4549
2016-04-12,32.295,32.295,31.515,31.515,1458700,30.5324
2016-04-11,32.085,32.50,31.765,32.305,1088000,31.2978
2016-04-08,31.94,32.235,31.855,32.17,1183100,31.167
2016-04-07,31.88,32.105,31.71,31.86,1187100,30.8667
2016-04-06,31.60,31.85,31.385,31.81,900500,30.8182
2016-04-05,31.015,31.68,31.01,31.44,1173400,30.4598
2016-04-04,31.205,31.645,31.08,31.455,976500,30.4743
2016-04-01,31.34,31.74,31.255,31.355,1729300,30.3774
2016-03-31,31.70,31.815,31.37,31.625,1198900,30.639
2016-03-30,31.61,31.875,31.545,31.76,1490900,30.7698
2016-03-29,30.84,31.445,30.80,31.445,1125100,30.4646
2016-03-28,30.70,30.70,30.70,30.70,000,29.7429
2016-03-25,30.70,30.70,30.70,30.70,000,29.7429
2016-03-24,31.23,31.265,30.70,30.70,1281600,29.7429
2016-03-23,31.495,31.705,31.15,31.305,1231900,30.329
2016-03-22,31.24,31.24,30.72,31.205,1259000,30.2321
2016-03-21,31.065,31.70,31.00,31.45,856900,30.4695
2016-03-18,32.075,32.31,30.99,31.285,3157100,30.3096
2016-03-17,31.69,32.125,31.32,32.125,1458200,31.1234
2016-03-16,31.00,31.57,31.00,31.50,1113300,30.5179
2016-03-15,30.765,30.98,30.73,30.93,1467000,29.9657
2016-03-14,30.57,30.85,30.395,30.85,1562200,29.8882
2016-03-11,29.535,30.27,29.41,30.26,1549100,29.3166
2016-03-10,28.935,30.09,28.885,29.15,2020800,28.2412
2016-03-09,29.10,29.46,28.86,28.95,1181700,28.0474
2016-03-08,29.06,29.15,28.56,29.00,1027500,28.0959
2016-03-07,29.10,29.34,28.98,29.165,684800,28.2557
2016-03-04,29.41,29.69,29.06,29.235,1033500,28.3235
2016-03-03,29.30,29.465,28.915,29.20,1252000,28.2896
2016-03-02,29.31,29.565,28.78,29.00,1369700,28.0959
2016-03-01,28.82,29.39,28.555,29.18,1473300,28.2702
2016-02-29,28.25,28.78,27.85,28.72,1457200,27.8246
2016-02-26,28.53,28.78,28.25,28.37,634600,27.4855
2016-02-25,27.975,28.375,27.945,28.235,837400,27.3547
2016-02-24,28.405,28.59,27.44,27.55,1012200,26.6911
2016-02-23,28.575,28.735,28.415,28.475,769200,27.5872
2016-02-22,28.50,28.845,28.50,28.725,679200,27.8294
2016-02-19,27.79,28.30,27.66,28.265,1183100,27.3838
2016-02-18,27.55,27.92,27.50,27.745,1015200,26.88
2016-02-17,26.78,27.54,26.78,27.50,866600,26.6426
2016-02-16,27.235,27.255,26.625,26.74,1198700,25.9063
2016-02-15,27.175,27.34,26.945,27.12,1080500,26.2745
2016-02-12,26.33,26.615,26.255,26.49,1125500,25.6641
2016-02-11,26.55,26.82,26.21,26.21,1609700,25.3928
2016-02-10,25.74,27.245,25.695,26.855,2203400,26.0177
2016-02-09,25.53,25.715,25.09,25.60,1864700,24.8019
2016-02-08,27.005,27.105,25.50,25.64,1715000,24.8406
2016-02-05,27.805,27.92,26.89,26.89,1456900,26.0516
2016-02-04,28.47,28.625,27.795,27.825,1430600,26.9575
2016-02-03,28.245,28.28,27.595,28.00,1287400,27.127
2016-02-02,27.975,28.26,27.875,28.20,1371400,27.3208
2016-02-01,27.985,28.11,27.705,28.03,1123300,27.1561
2016-01-29,27.145,28.11,27.03,28.01,1952000,27.1367
2016-01-28,26.945,27.37,26.785,26.835,1081100,25.9984
2016-01-27,27.48,27.705,26.88,27.07,1177900,26.226
2016-01-26,27.24,27.435,26.83,27.35,1883900,26.4973
2016-01-25,27.36,27.755,27.20,27.63,1338300,26.7686
2016-01-22,26.40,27.88,26.40,27.37,2991100,26.5167
2016-01-21,25.03,26.01,24.95,25.94,2139200,25.1313
2016-01-20,25.435,25.70,24.92,24.99,1886100,24.2109
2016-01-19,25.875,26.06,25.785,26.00,1501400,25.1894
2016-01-18,25.41,25.82,25.32,25.39,1229100,24.5984
2016-01-15,26.00,26.20,25.15,25.415,2030400,24.6226
2016-01-14,26.485,26.60,26.015,26.10,1628500,25.2863
2016-01-13,26.94,27.18,26.58,26.605,1087200,25.7755
2016-01-12,26.40,27.27,26.25,26.715,1255000,25.8821
2016-01-11,26.25,26.895,26.15,26.385,1633400,25.5624
2016-01-08,26.715,26.935,26.28,26.28,1270000,25.4607
2016-01-07,26.70,26.94,26.185,26.705,2185300,25.8724
2016-01-06,27.63,27.65,27.015,27.215,1384500,26.3665
2016-01-05,28.065,28.145,27.60,27.79,1151900,26.9236
2016-01-04,27.695,27.955,27.20,27.605,2015700,26.7443
2016-01-01,28.55,28.55,28.55,28.55,000,27.6599
2015-12-31,28.55,28.55,28.55,28.55,000,27.6599
2015-12-30,28.59,28.75,28.32,28.55,577500,27.6599
2015-12-29,28.205,28.745,28.205,28.745,735600,27.8488
2015-12-28,28.27,28.325,27.96,28.095,289100,27.2191
2015-12-25,28.17,28.17,28.17,28.17,000,27.2917
2015-12-24,28.17,28.17,28.17,28.17,000,27.2917
2015-12-23,27.77,28.20,27.77,28.17,791300,27.2917
2015-12-22,28.115,28.135,27.51,27.64,800800,26.7783
2015-12-21,28.06,28.57,27.875,27.875,870800,27.0059
2015-12-18,28.01,28.445,27.975,28.165,4316800,27.2869
2015-12-17,28.13,28.375,27.995,28.245,1734100,27.3644
2015-12-16,27.69,27.84,27.365,27.76,1299200,26.8945
2015-12-15,26.81,27.59,26.81,27.535,1501800,26.6765
2015-12-14,27.365,27.475,26.54,26.55,1606000,25.7222
2015-12-11,27.83,27.88,27.275,27.275,1287100,26.4246
2015-12-10,27.80,28.11,27.48,27.925,1071500,27.0544
2015-12-09,28.55,28.62,27.925,27.925,1001100,27.0544
2015-12-08,29.02,29.02,28.245,28.38,1555800,27.4952
2015-12-07,28.155,29.27,28.15,28.93,1591100,28.028
2015-12-04,28.00,28.185,27.595,27.985,1633300,27.1125
2015-12-03,28.915,29.065,28.00,28.005,2082000,27.1319
2015-12-02,29.755,29.81,28.95,28.97,1464700,28.0668
2015-12-01,29.445,29.93,29.41,29.595,1292600,28.6723
2015-11-30,30.235,30.405,29.335,29.335,2575200,28.4204
2015-11-27,30.10,30.295,29.90,30.295,747600,29.3505
2015-11-26,29.78,30.31,29.66,30.16,907500,29.2197
2015-11-25,28.92,29.85,28.88,29.85,1425800,28.9194
2015-11-24,29.33,29.33,28.475,28.78,1366200,27.8827
2015-11-23,29.80,29.895,29.50,29.50,1143600,28.5803
2015-11-20,29.60,29.89,29.49,29.78,1113300,28.8515
2015-11-19,29.02,29.495,28.855,29.48,1394600,28.5609
2015-11-18,28.605,28.76,28.395,28.75,695900,27.8536
2015-11-17,28.635,28.785,28.565,28.785,1288100,27.8876
2015-11-16,27.525,28.43,27.50,28.34,1425900,27.4564
2015-11-13,28.245,28.245,27.555,27.72,1885300,26.8558
2015-11-12,28.61,28.80,28.105,28.105,1539000,27.2288
2015-11-11,28.835,28.96,28.58,28.70,1016300,27.8052
2015-11-10,28.64,28.995,28.385,28.89,1325800,27.9893
2015-11-09,29.64,29.695,28.685,28.685,1528900,27.7907
2015-11-06,29.895,30.20,29.60,29.66,1179000,28.7353
2015-11-05,30.35,30.36,29.835,29.945,1127100,29.0114
2015-11-04,31.00,31.125,30.14,30.20,1729300,29.2584
2015-11-03,30.75,30.75,30.20,30.57,2268000,29.6169
2015-11-02,30.015,30.42,30.00,30.30,1738500,29.3553
2015-10-30,30.75,30.835,30.185,30.34,1675000,29.3941
2015-10-29,30.60,30.695,30.39,30.58,1830800,29.6266
2015-10-28,29.955,30.69,29.825,30.62,1389400,29.6653
2015-10-27,29.71,30.25,29.70,29.805,1322900,28.8758
2015-10-26,29.50,30.02,29.385,29.69,1586500,28.7643
2015-10-23,28.745,29.45,28.67,29.335,2227800,28.4204
2015-10-22,26.775,28.565,26.715,28.54,2812600,27.6502
2015-10-21,26.90,26.90,26.635,26.815,1199300,25.979
2015-10-20,26.79,26.975,26.68,26.80,1536500,25.9644
2015-10-19,26.80,27.05,26.765,26.86,2249500,26.0226
2015-10-16,27.68,27.68,26.805,26.945,2555800,26.1049
2015-10-15,27.675,27.675,27.21,27.405,2352900,26.5506
2015-10-14,28.25,28.32,27.46,27.46,3763100,26.6039
2015-10-13,28.79,29.155,28.64,28.96,1530900,28.0571
2015-10-12,28.42,29.05,28.415,28.835,1255300,27.936
2015-10-09,28.89,29.25,28.30,28.325,2380000,27.4419
2015-10-08,28.545,28.855,28.40,28.76,1093800,27.8633
2015-10-07,29.045,29.10,28.52,28.60,1402200,27.7083
2015-10-06,29.02,29.24,28.885,29.02,1124300,28.1152
2015-10-05,28.70,28.985,28.49,28.955,2103600,28.0523
2015-10-02,27.86,28.25,27.74,28.25,2210700,27.3692
2015-10-01,29.00,29.00,27.765,27.945,2634400,27.0737
2015-09-30,28.755,28.855,28.48,28.745,1904300,27.8488
2015-09-29,28.455,28.55,28.24,28.33,2309900,27.4467
2015-09-28,28.97,29.205,28.68,28.68,2134100,27.7858
2015-09-25,29.055,29.335,28.865,29.165,2062900,28.2557
2015-09-24,29.00,29.28,28.615,28.695,2386900,27.8004
2015-09-23,29.21,29.39,29.055,29.14,1884900,28.2315
2015-09-22,29.975,30.17,29.195,29.235,3030500,28.3235
2015-09-21,29.82,29.975,29.355,29.755,3639900,28.8273
2015-09-18,29.40,29.945,29.10,29.82,28966500,28.8903
2015-09-17,29.465,29.74,29.35,29.35,1862400,28.4349
2015-09-16,29.50,29.60,29.265,29.46,1169000,28.5415
2015-09-15,29.37,29.42,29.005,29.24,1288900,28.3284
2015-09-14,29.18,29.52,29.15,29.365,1497900,28.4495
2015-09-11,29.855,29.855,29.005,29.18,1290200,28.2702
2015-09-10,29.595,29.78,29.32,29.655,1133700,28.7304
2015-09-09,29.975,30.00,29.545,29.65,1463600,28.7256
2015-09-08,29.40,29.89,29.27,29.54,1497100,28.619
2015-09-07,29.90,29.98,29.23,29.305,1033000,28.3913
2015-09-04,29.88,29.88,29.175,29.57,2406100,28.6481
2015-09-03,29.395,30.035,29.20,29.95,1511600,29.0162
2015-09-02,28.715,29.20,28.235,28.985,1669400,28.0813
2015-09-01,29.45,29.535,28.33,28.48,1398900,27.5921
2015-08-31,29.00,29.38,28.73,29.185,2450400,28.2751
2015-08-28,28.855,29.11,28.665,28.96,1105900,28.0571
2015-08-27,28.52,28.84,28.175,28.71,1699200,27.8149
2015-08-26,27.485,28.27,27.00,27.69,1447600,26.8267
2015-08-25,27.30,28.145,26.965,27.635,2029800,26.7734
2015-08-24,27.55,27.55,25.865,26.61,2723700,25.7804
2015-08-21,28.71,29.245,28.235,28.235,1409900,27.3547
2015-08-20,29.63,29.755,29.095,29.18,1264400,28.2702
2015-08-19,29.26,29.82,29.165,29.61,1857200,28.6868
2015-08-18,29.31,29.46,29.095,29.245,1308800,28.3332
2015-08-17,29.525,29.61,28.965,29.19,804500,28.2799
2015-08-14,29.09,29.52,29.09,29.34,1027800,28.4253
2015-08-13,28.485,29.03,28.44,28.915,1153800,28.0135
2015-08-12,28.205,28.325,27.65,28.095,926500,27.2191
2015-08-11,28.74,28.97,28.25,28.315,886500,27.4322
2015-08-10,28.97,29.05,28.41,28.785,912300,27.8876
2015-08-07,28.955,29.125,28.715,28.795,632800,27.8972
2015-08-06,28.96,29.13,28.855,28.98,712200,28.0765
2015-08-05,29.135,29.27,28.84,29.03,1236300,28.1249
2015-08-04,28.985,29.115,28.725,28.97,960800,28.0668
2015-08-03,28.425,29.05,28.405,28.925,1101600,28.0232
2015-07-31,28.39,28.595,28.205,28.40,1166000,27.5146
2015-07-30,28.355,28.49,28.065,28.415,1017600,27.5291
2015-07-29,28.03,28.50,27.905,28.28,1023700,27.3983
2015-07-28,27.35,27.84,27.10,27.84,1072700,26.972
2015-07-27,27.745,27.86,27.215,27.215,1000400,26.3665
2015-07-24,27.40,28.14,27.395,27.795,1190900,26.9284
2015-07-23,27.855,28.13,27.18,27.255,1503100,26.4053
2015-07-22,27.81,28.14,27.75,27.75,951100,26.8848
2015-07-21,28.50,28.52,27.845,27.94,918600,27.0689
2015-07-20,28.30,28.605,28.24,28.435,714400,27.5485
2015-07-17,28.20,28.50,27.95,28.30,945400,27.4177
2015-07-16,28.00,28.46,27.96,28.16,1050600,27.282
2015-07-15,27.64,28.32,27.575,27.935,1365800,27.0641
2015-07-14,27.55,27.65,27.205,27.575,1180800,26.7153
2015-07-13,27.55,27.60,27.34,27.55,1560800,26.6911
2015-07-10,27.33,27.405,27.015,27.165,990600,26.3181
2015-07-09,26.20,26.995,26.16,26.875,1178200,26.0371
2015-07-08,25.84,26.51,25.65,26.115,1691400,25.3008
2015-07-07,25.50,25.95,25.50,25.85,1851100,25.0441
2015-07-06,25.40,25.935,25.255,25.33,1576000,24.5403
2015-07-03,25.78,25.855,25.53,25.66,809500,24.86
2015-07-02,26.00,26.005,25.505,25.54,2330100,24.7437
2015-07-01,25.88,26.18,25.46,25.99,3181100,25.1797
2015-06-30,25.50,25.56,25.105,25.30,1808800,24.5112
2015-06-29,25.60,26.09,25.435,25.475,2242000,24.6808
2015-06-26,26.15,26.58,25.90,26.50,1964900,25.6738
2015-06-25,25.48,26.285,25.47,26.21,2582200,25.3928
2015-06-24,25.33,25.775,25.22,25.62,3001400,24.8212
2015-06-23,25.13,25.43,24.695,25.415,4425300,24.6226
2015-06-22,25.10,25.295,24.75,25.05,3322600,24.269
2015-06-19,24.22,24.67,23.805,24.465,5483200,23.7022
2015-06-18,24.60,24.715,24.04,24.19,2218500,23.4358
2015-06-17,25.205,25.435,24.63,24.67,2082600,23.9009
2015-06-16,21.9232,22.4597,21.6214,22.1831,2372300,21.4915
2015-06-15,22.3591,22.4514,21.7471,21.9861,2104300,21.3006
2015-06-12,23.3065,23.4406,22.9921,23.2771,1137700,22.5514
2015-06-11,22.8831,23.7341,22.8035,23.2897,1513700,22.5636
2015-06-10,22.858,23.0047,22.6023,22.8118,1775400,22.1006
2015-06-09,22.5478,23.034,22.3717,22.837,1483200,22.125
2015-06-08,23.0298,23.0298,22.5058,22.5771,872700,21.8732
2015-06-05,23.1137,23.2059,22.858,22.858,1216100,22.1453
2015-06-04,23.1388,23.5328,22.6987,23.2604,1989900,22.5352
2015-06-03,24.5682,24.6185,23.1765,23.1891,1884300,22.4661
2015-06-02,25.7377,25.7377,24.3335,24.4592,2377700,23.6966
2015-06-01,25.6455,26.115,25.3395,25.5575,2218800,24.7607
2015-05-29,24.8155,24.8533,24.0484,24.1365,2062000,23.384
2015-05-28,25.109,25.2724,24.7317,24.7317,1046600,23.9606
2015-05-27,24.8197,25.2054,24.8197,25.1509,1026100,24.3668
2015-05-26,25.1844,25.4108,24.7904,24.8407,935000,24.0662
2015-05-25,25.1844,25.1844,25.1844,25.1844,000,24.3992
2015-05-22,25.2976,25.3689,25.1048,25.1844,784300,24.3992
2015-05-21,25.5156,25.5156,25.0419,25.218,712500,24.4318
2015-05-20,25.9641,25.9641,25.1509,25.524,1186100,24.7282
2015-05-19,25.3269,25.9054,25.306,25.8635,909500,25.0571
2015-05-18,25.1048,25.4359,25.0587,25.2515,816600,24.4642
2015-05-15,24.8239,25.0168,24.6521,25.0168,1568200,24.2368
2015-05-14,24.3125,24.7736,24.1029,24.7107,581700,23.9403
2015-05-13,24.3754,24.8197,24.3041,24.455,1040300,23.6926
2015-05-12,24.5221,24.6688,24.1239,24.2454,1282000,23.4895
2015-05-11,24.7443,24.9832,24.5263,24.87,1251200,24.0946
2015-05-08,24.0526,24.7191,23.9814,24.6898,1591600,23.92
2015-05-07,23.5748,23.8682,23.34,23.776,2170900,23.0347
2015-05-06,23.9897,24.0359,23.47,23.558,1812100,22.8235
2015-05-05,24.7317,24.8113,23.9646,23.9772,1625000,23.2297
2015-05-04,25.285,25.285,24.5892,24.7107,951000,23.9403
2015-05-01,25.2054,25.2054,25.2054,25.2054,000,23.6639
2015-04-30,25.7545,25.7545,25.0712,25.2054,1761500,23.6639
2015-04-29,26.5677,26.5677,25.7587,25.7838,1034500,24.2069
2015-04-28,26.6767,26.9072,26.3246,26.3749,1294900,24.7619
2015-04-27,26.1988,26.8402,26.0605,26.8234,989000,25.1829
2015-04-24,26.1737,26.2659,26.027,26.1988,927700,24.5965
2015-04-23,26.0144,26.1947,25.7838,26.1653,3355500,24.5651
2015-04-22,26.3246,26.3246,25.7587,25.9389,1233800,24.3525
2015-04-21,26.1988,26.3581,26.0144,26.1863,928300,24.5848
2015-04-20,26.1695,26.2617,26.0354,26.1234,742300,24.5257
2015-04-17,26.2994,26.7144,26.0396,26.115,1103300,24.5178
2015-04-16,26.1402,26.421,26.0731,26.3372,2811600,24.7265
2015-04-15,27.0582,27.1462,26.5803,26.6516,1063200,25.0216
2015-04-14,27.1672,27.2552,26.8611,26.9534,895600,25.305
2015-04-13,27.2049,27.2594,26.7899,27.1168,893100,25.4584
2015-04-10,26.6474,27.1462,26.6222,27.0372,1229600,25.3837
2015-04-09,26.3497,26.6683,26.2701,26.5384,783700,24.9154
2015-04-08,26.1108,26.2701,26.0815,26.1988,898900,24.5965
2015-04-07,26.4336,26.5048,26.1779,26.2952,725300,24.687
2015-04-06,26.2114,26.2114,26.2114,26.2114,000,24.6084
2015-04-03,26.2114,26.2114,26.2114,26.2114,000,24.6084
2015-04-02,26.4923,26.6641,26.115,26.2114,722100,24.6084
2015-04-01,26.3078,26.7354,26.2659,26.5258,1224700,24.9035
2015-03-31,26.9701,27.0791,26.3204,26.3246,1442900,24.7146
2015-03-30,26.8695,27.2091,26.8486,26.9618,766600,25.3129
2015-03-27,26.9953,27.2594,26.7061,26.8402,853300,25.1987
2015-03-26,27.1126,27.1126,26.4252,26.9114,893800,25.2655
2015-03-25,27.666,27.9175,27.2049,27.2845,1097000,25.6158
2015-03-24,27.3851,27.536,27.2636,27.4396,864500,25.7614
2015-03-23,27.4396,27.5193,27.1881,27.3306,1037600,25.6591
2015-03-20,27.5193,27.6492,27.3222,27.4312,3488400,25.7536
2015-03-19,27.2636,27.666,27.2636,27.3558,1421600,25.6828
2015-03-18,26.5551,27.1923,26.4503,27.1881,1128800,25.5253
2015-03-17,27.6408,27.666,27.1504,27.3055,1185600,25.6355
2015-03-16,27.6827,27.6953,27.536,27.5989,904200,25.911
2015-03-13,27.4103,27.5444,27.2929,27.4899,1233700,25.8087
2015-03-12,27.5402,27.6618,27.2761,27.3306,1240700,25.6591
2015-03-11,27.2174,27.775,27.1672,27.4899,1572200,25.8087
2015-03-10,27.142,27.3935,26.945,27.0959,1123800,25.4388
2015-03-09,27.2887,27.2887,26.2617,27.0456,1677700,25.3915
2015-03-06,27.7792,27.9426,27.2091,27.3139,1453200,25.6434
2015-03-05,29.0912,29.1122,27.5779,27.666,2143400,25.974
2015-03-04,28.6385,28.7475,28.3199,28.5714,1502900,26.824
2015-03-03,29.3427,29.4265,28.4373,28.5546,1525100,26.8082
2015-03-02,29.0828,29.5732,28.9864,29.2798,1391800,27.4891
2015-02-27,28.5504,28.9026,28.4708,28.9026,2342600,27.135
2015-02-26,28.454,28.7642,28.257,28.7433,1106700,26.9854
2015-02-25,28.5672,28.5714,28.278,28.3786,1205900,26.643
2015-02-24,28.4121,28.6259,28.3828,28.5043,1838700,26.761
2015-02-23,28.454,28.5001,28.2319,28.4205,2369700,26.6823
2015-02-20,28.3367,28.5043,28.0893,28.2528,1630500,26.5249
2015-02-19,28.4205,28.5672,28.3367,28.454,4423100,26.7138
2015-02-18,28.6301,29.108,28.3073,28.454,1518100,26.7138
2015-02-17,28.0684,28.4079,27.8462,28.3534,1266800,26.6194
2015-02-16,28.06,28.1187,27.6618,28.081,765200,26.3636
2015-02-13,27.5318,28.2444,27.448,27.9552,1478900,26.2455
2015-02-12,26.4839,27.448,26.3875,27.448,1171600,25.7693
2015-02-11,26.0731,26.4294,26.0731,26.3875,745600,24.7737
2015-02-10,26.0689,26.3162,25.897,26.094,1124400,24.4981
2015-02-09,26.1863,26.1905,25.6958,26.0857,7875600,24.4903
2015-02-06,26.2324,26.3791,26.0437,26.1443,1220600,24.5454
2015-02-05,26.0857,26.4084,25.9138,26.1653,1063600,24.5651
2015-02-04,25.9599,26.1443,25.7335,26.1276,880800,24.5297
2015-02-03,25.9893,26.1234,25.8216,25.8216,1203800,24.2424
2015-02-02,25.8216,25.9306,25.6078,25.8635,1326500,24.2817
2015-01-30,26.1402,26.1569,25.7377,25.8216,1657600,24.2424
2015-01-29,26.0731,26.2072,25.8593,26.0731,953800,24.4785
2015-01-28,26.4965,26.7102,26.1192,26.2366,1136900,24.632
2015-01-27,26.8234,26.9869,26.2617,26.3414,1233000,24.7304
2015-01-26,26.3246,26.7857,26.1947,26.7773,1206300,25.1396
2015-01-23,25.6707,26.4923,25.5323,26.40,1849400,24.7854
2015-01-22,24.8155,25.6623,24.6185,25.5743,1944900,24.0102
2015-01-21,24.6479,24.7946,24.4508,24.7778,1520700,23.2624
2015-01-20,24.8072,24.8365,24.5012,24.6898,1221700,23.1798
2015-01-19,24.6479,24.8072,24.4634,24.7904,923200,23.2743
2015-01-16,23.6921,24.7066,23.6293,24.6101,1947500,23.105
2015-01-15,23.3778,23.6712,23.1388,23.6712,1681600,22.2235
2015-01-14,23.0131,23.2646,23.0131,23.1975,1471000,21.7788
2015-01-13,23.1807,23.2101,23.0131,23.055,1532900,21.645
2015-01-12,23.1723,23.2436,23.0759,23.1807,1528500,21.763
2015-01-09,23.3065,23.4322,22.9837,23.1011,1486700,21.6883
2015-01-08,23.3945,23.4239,23.122,23.3652,1295200,21.9362
2015-01-07,23.0131,23.2855,22.9628,23.1891,1319600,21.7709
2015-01-06,23.3316,23.4406,23.0759,23.0885,1089300,21.6764
2015-01-05,23.7257,23.7257,23.2143,23.3568,1551400,21.9283
2015-01-02,23.6838,23.885,23.4825,23.7508,783000,22.2982
2015-01-01,23.5706,23.5706,23.5706,23.5706,000,22.1291
2014-12-31,23.5706,23.5706,23.5706,23.5706,000,22.1291
2014-12-30,23.4406,23.7047,23.34,23.5706,645700,22.1291
2014-12-29,23.4742,23.5412,23.1388,23.4658,820900,22.0307
2014-12-26,23.2143,23.2143,23.2143,23.2143,000,21.7946
2014-12-25,23.2143,23.2143,23.2143,23.2143,000,21.7946
2014-12-24,23.2143,23.2143,23.2143,23.2143,000,21.7946
2014-12-23,22.7196,23.2143,22.6526,23.2143,1442100,21.7946
2014-12-22,22.552,22.6274,22.3382,22.6274,1087400,21.2435
2014-12-19,22.1202,22.5478,22.1076,22.5478,11666200,21.1688
2014-12-18,21.8771,22.116,21.6675,21.898,1297900,20.5588
2014-12-17,21.8519,21.94,21.6465,21.7262,1817000,20.3975
2014-12-16,22.3298,22.3424,21.898,22.1076,2572400,20.7555
2014-12-15,22.1244,22.4514,22.1202,22.3382,1196600,20.972
2014-12-12,22.4849,22.4849,22.137,22.2082,935300,20.85
2014-12-11,22.3801,22.6358,22.3801,22.4555,1074500,21.0822
2014-12-10,22.1747,22.4262,22.1412,22.4262,1365700,21.0547
2014-12-09,21.9316,22.1412,21.9064,22.1328,1202100,20.7792
2014-12-08,21.9064,22.028,21.789,21.9903,1044600,20.6454
2014-12-04,21.9148,21.9148,21.7136,21.8184,1516300,20.484
2014-12-03,21.8645,22.0992,21.7932,21.8645,2505100,20.5273
2014-12-02,21.4453,21.8016,21.1561,21.7974,2282700,20.4643
2014-12-01,21.5795,21.6046,20.7998,21.1142,3183100,19.8229
2014-11-28,21.6968,21.7388,21.6633,21.7094,924400,20.3817
2014-11-27,21.613,21.7304,21.6046,21.7094,770200,20.3817
2014-11-26,21.5837,21.6968,21.4872,21.6381,1144200,20.3147
2014-11-25,21.6465,21.6549,21.3489,21.5878,23404100,20.2675
2014-11-24,21.2693,21.7136,21.2651,21.5878,1236900,20.2675
2014-11-21,20.9213,21.2986,20.8165,21.2986,803000,19.996
2014-11-20,20.8291,20.9297,20.6908,20.7914,874700,19.5198
2014-11-19,20.9172,20.9339,20.7746,20.8207,714100,19.5473
2014-11-18,20.9591,20.98,20.892,20.9213,988500,19.6418
2014-11-17,20.804,20.9674,20.7956,20.9507,569000,19.6694
2014-11-14,20.8752,20.9088,20.7956,20.9088,1898900,19.6301
2014-11-13,20.8333,20.8333,20.6656,20.7998,934300,19.5277
2014-11-12,20.7956,20.8501,20.6112,20.7076,922700,19.4412
2014-11-11,21.0094,21.0261,20.8165,20.8752,1107300,19.5985
2014-11-10,21.0429,21.2022,20.9381,20.9758,1641300,19.693
2014-11-07,21.5459,21.6759,20.9213,20.9591,3295200,19.6773
2014-11-06,19.6764,20.4602,19.6177,20.3722,2416100,19.1263
2014-11-05,20.1626,20.3471,19.953,20.3135,449500,19.0712
2014-11-04,19.7015,20.1752,19.647,20.1207,662100,18.8902
2014-11-03,19.45,19.7393,19.4123,19.7057,811600,18.5005
2014-10-31,19.2656,19.4039,19.056,19.341,488800,18.1581
2014-10-30,19.0183,19.0308,18.7123,18.968,555600,17.8079
2014-10-29,18.6536,18.8003,18.6536,18.6997,373200,17.5561
2014-10-28,18.6075,18.7332,18.5362,18.6494,387400,17.5088
2014-10-27,18.9093,18.9135,18.5697,18.5991,474300,17.4616
2014-10-24,18.8632,18.9931,18.8129,18.8506,592500,17.6977
2014-10-23,18.7793,18.9847,18.7793,18.9135,177900,17.7568
2014-10-22,18.9344,18.9428,18.8254,18.8883,185700,17.7331
2014-10-21,18.4943,18.8506,18.444,18.8506,272700,17.6977
2014-10-20,18.5991,18.6536,18.4356,18.4901,242100,17.3593
2014-10-17,18.2637,18.5362,18.2386,18.5362,388900,17.4026
2014-10-16,18.1254,18.2344,17.7607,18.117,464000,17.009
2014-10-15,18.3643,18.4356,18.1003,18.1464,372900,17.0366
2014-10-14,18.2386,18.3895,18.0961,18.314,268800,17.1939
2014-10-13,18.444,18.4985,18.2092,18.2805,312700,17.1625
2014-10-10,18.4482,18.75,18.117,18.62,569600,17.4812
2014-10-09,18.6745,18.7793,18.3434,18.5236,579000,17.3907
2014-10-08,18.5697,18.662,18.4733,18.4901,279600,17.3593
2014-10-07,18.7374,18.8045,18.62,18.6494,221000,17.5088
2014-10-06,19.0141,19.0141,18.7877,18.7961,384500,17.6466
2014-10-03,18.7919,18.7919,18.7919,18.7919,000,17.6426
2014-10-02,19.1901,19.2111,18.7919,18.7919,316000,17.6426
2014-10-01,19.2446,19.3201,19.0937,19.1608,363700,17.989
2014-09-30,19.2823,19.3913,19.0811,19.2656,414300,18.0873
2014-09-29,19.5338,19.6177,19.2027,19.2823,330700,18.103
2014-09-26,19.4123,19.5338,19.3201,19.5213,323300,18.3274
2014-09-25,19.3494,19.471,19.3033,19.3746,453300,18.1897
2014-09-24,19.4291,19.4291,19.2446,19.3704,286500,18.1857
2014-09-23,19.2153,19.4626,19.1817,19.3829,320600,18.1975
2014-09-22,19.4919,19.4919,19.232,19.2782,480800,18.0992
2014-09-19,19.6177,19.668,19.3913,19.4919,4567900,18.2998
2014-09-18,19.4961,19.6093,19.4961,19.5674,763500,18.3707
2014-09-17,19.471,19.5842,19.471,19.5338,626700,18.3391
2014-09-16,19.4835,19.5297,19.2572,19.4333,403100,18.2448
2014-09-15,19.5045,19.5255,19.2698,19.4542,412200,18.2644
2014-09-12,19.6387,19.6931,19.4752,19.5297,274300,18.3353
2014-09-11,19.7015,19.7015,19.538,19.5925,461600,18.3943
2014-09-10,19.7854,19.7854,19.6177,19.7015,255600,18.4966
2014-09-09,19.7602,19.8021,19.6345,19.7938,463700,18.5832
2014-09-08,19.5213,19.7896,19.4919,19.7476,447200,18.5399
2014-09-05,19.5842,19.5842,19.3788,19.4877,272800,18.2959
2014-09-04,19.1566,19.6512,19.1524,19.5338,1117700,18.3391
2014-09-03,19.2823,19.4919,19.165,19.4626,517300,18.2723
2014-09-02,19.2823,19.2991,19.1566,19.1734,377800,18.0008
2014-09-01,19.1566,19.2446,19.0434,19.1231,467600,17.9536
2014-08-29,19.0392,19.165,18.8548,19.1566,1103000,17.985
2014-08-28,19.0392,19.3662,18.9638,19.1566,1144600,17.985
2014-08-27,18.8632,19.0686,18.8171,18.9344,790800,17.7764
2014-08-26,18.9135,18.9386,18.75,18.8213,392500,17.6702
2014-08-25,18.7668,18.9302,18.7374,18.8548,207400,17.7017
2014-08-22,18.9051,18.9428,18.7374,18.7542,300400,17.6072
2014-08-21,19.1566,19.2614,18.8757,18.947,645100,17.7882
2014-08-20,19.1063,19.2656,18.9512,19.1189,324400,17.9496
2014-08-19,19.0434,19.1273,18.947,19.0686,250500,17.9024
2014-08-18,19.1901,19.2656,19.0057,19.1398,170300,17.9692
2014-08-15,19.0476,19.2195,18.947,19.0979,286500,17.9299
2014-08-14,19.0308,19.2907,18.8632,19.0434,415900,17.8787
2014-08-13,18.7374,19.077,18.7374,19.0308,287700,17.8669
2014-08-12,18.9051,19.0602,18.7626,18.7626,262100,17.6151
2014-08-11,18.8632,19.0728,18.8548,18.9889,120500,17.8276
2014-08-08,18.8799,18.947,18.6368,18.7332,228800,17.5875
2014-08-07,18.8632,19.2027,18.8632,19.0728,416100,17.9063
2014-08-06,19.0644,19.0728,18.8171,18.8841,221300,17.7292
2014-08-05,19.1147,19.1398,19.0308,19.0895,211700,17.922
2014-08-04,19.0644,19.144,19.0183,19.0728,517600,17.9063
2014-08-01,19.0518,19.2237,18.9344,19.0686,378300,17.9024
2014-07-31,19.0853,19.2195,18.8632,19.2069,545000,18.0322
2014-07-30,19.0728,19.0728,18.7374,18.8757,234300,17.7213
2014-07-29,18.9135,19.1147,18.9135,19.0728,274000,17.9063
2014-07-28,19.1147,19.1147,18.8464,18.9135,218600,17.7568
2014-07-25,19.1734,19.1734,18.9931,19.0308,371600,17.8669
2014-07-24,19.3117,19.45,19.0728,19.1566,281500,17.985
2014-07-23,19.3536,19.6428,19.3368,19.45,322100,18.2605
2014-07-22,19.274,19.4081,19.2656,19.3326,224500,18.1502
2014-07-21,19.2446,19.274,19.0602,19.2488,254800,18.0716
2014-07-18,18.9889,19.2991,18.8925,19.165,357300,17.9929
2014-07-17,18.5278,19.0728,18.4482,18.947,390200,17.7882
2014-07-16,18.532,18.6368,18.4482,18.5194,320500,17.3868
2014-07-15,18.6117,18.6326,18.3098,18.444,179800,17.316
2014-07-14,18.5278,18.6159,18.444,18.6117,190300,17.4734
2014-07-11,18.5278,18.5655,18.3098,18.444,135500,17.316
2014-07-10,18.4398,18.5655,18.1841,18.4021,284000,17.2767
2014-07-09,18.4901,18.6787,18.3098,18.3643,249400,17.2412
2014-07-08,18.5655,18.6578,18.3979,18.444,264400,17.316
2014-07-07,18.5278,18.6242,18.5027,18.5823,198700,17.4458
2014-07-04,18.511,18.62,18.4104,18.4985,300000,17.3672
2014-07-03,18.3895,18.6368,18.2847,18.4859,259200,17.3553
2014-07-02,18.0625,18.444,18.0541,18.335,308700,17.2137
2014-07-01,18.1086,18.1506,17.9661,18.0164,290800,16.9145
2014-06-30,18.2554,18.3769,18.0164,18.0164,413400,16.9145
2014-06-27,17.9829,18.1841,17.9074,18.117,304100,17.009
2014-06-26,17.899,17.9829,17.8445,17.9452,310900,16.8477
2014-06-25,17.8571,18.0248,17.8571,17.9032,556100,16.8083
2014-06-24,17.9829,18.0667,17.899,17.9284,332700,16.8319
2014-06-23,18.008,18.1296,17.8823,17.9242,313100,16.828
2014-06-20,18.0248,18.1631,17.9368,17.9368,637200,16.8398
2014-06-19,18.2637,18.3518,17.9158,17.9661,492200,16.8673
2014-06-18,18.0751,18.2931,18.0709,18.1044,482100,16.9972
2014-06-17,18.3182,18.5781,17.8739,18.0248,416100,16.9224
2014-06-16,17.9619,18.2679,17.8781,18.1464,163300,17.0366
2014-06-13,18.0667,18.1338,17.7314,17.9074,450500,16.8122
2014-06-12,18.0877,18.1925,18.0038,18.1673,264400,17.0562
2014-06-11,18.1086,18.1086,17.899,17.9535,456000,16.8555
2014-06-10,18.4524,18.4566,17.9032,18.0667,720600,16.9618
2014-06-09,18.7374,18.7374,18.2176,18.4859,440500,17.3553
2014-06-06,18.1086,18.7248,18.029,18.7248,786800,17.5796
2014-06-05,17.8571,18.1254,17.8571,18.1086,321800,17.0011
2014-06-04,18.0751,18.1506,17.8278,17.8571,225500,16.765
2014-06-03,18.1757,18.2386,17.941,18.1086,233200,17.0011
2014-06-02,18.2344,18.2973,18.0919,18.1506,257300,17.0405
2014-05-30,18.0374,18.3266,17.8026,18.1086,436300,17.0011
2014-05-29,17.941,18.0499,17.7984,17.9661,96500,16.8673
2014-05-28,17.7733,17.9661,17.6056,17.9032,398600,16.8083
2014-05-27,17.7314,17.8948,17.5637,17.6978,316300,16.6154
2014-05-26,17.4296,17.7649,17.4086,17.7104,253500,16.6273
2014-05-23,16.9349,17.438,16.9307,17.3332,751300,16.2731
2014-05-22,17.1445,17.1571,16.9182,16.9349,491200,15.8992
2014-05-21,16.9936,17.178,16.893,17.1026,955400,16.0566
2014-05-20,16.6708,16.9894,16.608,16.9182,5557200,15.8835
2014-05-19,17.6643,17.9284,17.5302,17.9284,122200,16.8319
2014-05-16,17.5972,17.7565,17.3206,17.593,107000,16.517
2014-05-15,17.3038,17.7146,17.3038,17.6727,135600,16.5919
2014-05-14,16.981,17.3415,16.8762,17.3415,181900,16.2809
2014-05-13,17.0523,17.1152,16.6918,16.8595,135600,15.8284
2014-05-12,17.5344,17.6266,16.914,16.914,97900,15.8796
2014-05-09,17.8068,17.9577,17.6895,17.7733,91800,16.0291
2014-05-08,17.7733,17.9326,17.723,17.8571,194200,16.1047
2014-05-07,17.4044,17.8865,17.3876,17.7733,215600,16.0291
2014-05-06,17.5637,17.6811,17.3751,17.396,82800,15.6889
2014-05-05,17.3541,17.4966,17.2996,17.4799,46800,15.7645
2014-05-02,17.4715,17.6936,17.2284,17.3541,153800,15.6511
2014-05-01,17.438,17.438,17.438,17.438,000,15.7267
2014-04-30,17.2703,17.4757,17.1445,17.438,130300,15.7267
2014-04-29,17.2996,17.3541,17.1445,17.2032,81500,15.515
2014-04-28,17.178,17.3625,17.1487,17.3248,76100,15.6246
2014-04-25,17.2912,17.2912,17.1906,17.2367,38500,15.5452
2014-04-24,17.3541,17.396,17.1487,17.2996,135400,15.6019
2014-04-23,17.1864,17.3415,17.1026,17.3415,175800,15.6397
2014-04-22,17.1026,17.2451,16.9769,17.1864,177400,15.4998
2014-04-21,17.0188,17.0188,17.0188,17.0188,000,15.3487
2014-04-18,17.0188,17.0188,17.0188,17.0188,000,15.3487
2014-04-17,16.7169,17.0607,16.5493,17.0188,97300,15.3487
2014-04-16,16.6373,16.8511,16.5451,16.7589,112400,15.1143
2014-04-15,16.5577,16.7421,16.5325,16.5325,86400,14.9101
2014-04-14,17.0188,17.0313,16.5074,16.5074,136500,14.8875
2014-04-11,16.9769,17.1613,16.9391,16.9391,141800,15.2768
2014-04-10,17.2284,17.2284,16.9769,16.9769,82500,15.3109
2014-04-09,17.1864,17.1864,17.0691,17.1613,66500,15.4772
2014-04-08,17.2954,17.2954,17.0188,17.0942,72000,15.4167
2014-04-07,17.2242,17.3457,17.1487,17.2703,89900,15.5755
2014-04-04,17.2577,17.3332,17.1278,17.3248,104900,15.6246
2014-04-03,17.22,17.2787,17.1361,17.1864,98200,15.4998
2014-04-02,17.1697,17.329,17.1697,17.2912,106300,15.5943
2014-04-01,17.3415,17.3541,17.1529,17.1739,99600,15.4885
2014-03-31,17.3122,17.4254,17.2451,17.3625,310000,15.6586
2014-03-28,17.1822,17.4044,17.1026,17.2703,418000,15.5755
2014-03-27,17.1864,17.4002,16.8804,17.2032,755200,15.515
2014-03-26,16.5996,16.7924,16.4696,16.7924,156600,15.1445
2014-03-25,16.3984,16.5744,16.3732,16.5744,136000,14.9479
2014-03-24,16.6289,16.6834,16.3439,16.4319,170400,14.8194
2014-03-21,16.8092,16.8343,16.5996,16.5996,1421000,14.9706
2014-03-20,16.7253,16.893,16.6667,16.784,322300,15.1369
2014-03-19,16.7002,16.8637,16.5702,16.8469,212700,15.1936
2014-03-18,16.6541,16.7715,16.5535,16.6415,126100,15.0084
2014-03-17,16.0588,16.8176,16.0588,16.8176,181900,15.1672
2014-03-14,16.2684,16.3313,16.0211,16.1636,142800,14.5774
2014-03-13,16.3313,16.6122,16.3062,16.3062,134800,14.706
2014-03-12,16.5577,16.5577,16.2936,16.2936,223700,14.6946
2014-03-11,16.5535,16.6247,16.3732,16.5409,129200,14.9177
2014-03-10,16.3062,16.7589,16.3062,16.4319,397400,14.8194
2014-03-07,16.3481,16.4529,16.2139,16.3481,340100,14.7438
2014-03-06,16.3481,16.4822,16.3313,16.3648,274500,14.7588
2014-03-05,16.1469,16.4109,16.1469,16.2642,2168100,14.6681
2014-03-04,16.5577,16.9391,16.5577,16.696,83900,15.0575
2014-03-03,16.5158,16.6708,16.4277,16.6205,46200,14.9895
2014-02-28,16.8385,16.8385,16.3565,16.4906,208700,14.8723
2014-02-27,16.7169,16.8385,16.6834,16.7673,63200,15.1218
2014-02-26,16.6834,16.8259,16.6667,16.8259,31300,15.1747
2014-02-25,16.6038,16.7882,16.5996,16.7169,71500,15.0764
2014-02-24,16.7673,16.893,16.587,16.6038,57600,14.9744
2014-02-21,16.7086,17.0104,16.6415,16.7673,77800,15.1218
2014-02-20,16.6415,16.7295,16.5744,16.6834,19800,15.0462
2014-02-19,16.4655,16.7253,16.4319,16.6834,91100,15.0462
2014-02-18,16.4068,16.4822,16.3313,16.4068,46700,14.7967
2014-02-17,16.3481,16.4151,16.2726,16.3439,27000,14.74
2014-02-14,16.1049,16.39,16.1049,16.39,26900,14.7816
2014-02-13,16.0672,16.2139,15.975,16.2139,48800,14.6228
2014-02-12,16.0127,16.0714,15.975,16.0672,36100,14.4905
2014-02-11,15.9289,16.0463,15.8912,16.0127,50900,14.4413
2014-02-10,16.0044,16.0127,15.8534,15.8996,34800,14.3393
2014-02-07,15.8283,16.0127,15.8199,15.9499,27800,14.3847
2014-02-06,15.8451,16.0505,15.7738,15.8534,44300,14.2976
2014-02-05,15.887,15.887,15.6858,15.8115,46700,14.2598
2014-02-04,15.8451,15.9037,15.6858,15.9037,41800,14.343
2014-02-03,15.8786,16.0127,15.7906,15.8451,54400,14.2901
2014-01-31,15.9373,16.0127,15.8115,15.9708,75500,14.4035
2014-01-30,16.0127,16.0924,15.9289,15.9792,66300,14.4111
2014-01-29,15.9708,16.0798,15.9289,16.0546,49700,14.4791
2014-01-28,15.8576,16.0211,15.7612,15.9415,42700,14.3771
2014-01-27,16.0127,16.0127,15.5935,15.8576,54600,14.3014
2014-01-24,15.6941,15.8492,15.6941,15.7193,29900,14.1767
2014-01-23,15.7948,15.9163,15.6732,15.8451,48100,14.2901
2014-01-22,15.7193,15.7906,15.6522,15.7193,47900,14.1767
2014-01-21,15.9079,15.9792,15.6858,15.7193,93800,14.1767
2014-01-20,16.0211,16.0882,15.8702,15.9666,39600,14.3997
2014-01-17,15.8451,16.1804,15.7403,16.0002,88800,14.43
2014-01-16,15.5935,15.8031,15.5935,15.757,110700,14.2107
2014-01-15,15.7612,15.9079,15.648,15.648,95800,14.1124
2014-01-14,15.8618,15.9163,15.6355,15.8031,68700,14.2523
2014-01-13,15.6774,15.9037,15.6271,15.8031,97300,14.2523
2014-01-10,15.7151,15.7654,15.5558,15.6774,51300,14.1389
2014-01-09,15.7612,15.8115,15.6941,15.7361,47600,14.1918
2014-01-08,15.887,15.887,15.7109,15.8283,52700,14.275
2014-01-07,15.8199,15.8451,15.7025,15.7444,50100,14.1993
2014-01-06,15.8325,15.8451,15.6648,15.6648,10100,14.1275
2014-01-03,15.5013,15.8451,15.3253,15.799,29600,14.2486
2014-01-02,15.3337,15.4804,15.1827,15.3295,51000,13.8251
2014-01-01,15.0905,15.0905,15.0905,15.0905,000,13.6096
2013-12-31,15.0905,15.0905,15.0905,15.0905,000,13.6096
2013-12-30,15.5684,15.5684,15.0863,15.0905,43800,13.6096
2013-12-27,15.3756,15.8031,15.2624,15.4678,24000,13.9499
2013-12-26,15.2163,15.2163,15.2163,15.2163,000,13.7231
2013-12-25,15.2163,15.2163,15.2163,15.2163,000,13.7231
2013-12-24,15.2163,15.2163,15.2163,15.2163,000,13.7231
2013-12-23,15.3001,15.3001,15.0905,15.2163,26900,13.7231
2013-12-20,15.0654,15.1115,14.969,15.0947,192400,13.6134
